
      	X(nS)     	Ch1(mV)      


 1    	0.0000    	-68.257629  
 2    	0.0244    	-67.538879  
 3    	0.0489    	-68.976379  
 4    	0.0733    	-67.826416  
 5    	0.0977    	-67.179504  
 6    	0.1221    	-67.179504  
 7    	0.1466    	-67.610779  
 8    	0.1710    	-69.263916  
 9    	0.1954    	-69.263916  
 10   	0.2198    	-69.120178  
 11   	0.2443    	-69.551392  
 12   	0.2687    	-68.257629  
 13   	0.2931    	-68.832642  
 14   	0.3175    	-68.976379  
 15   	0.3420    	-68.545166  
 16   	0.3664    	-68.617004  
 17   	0.3908    	-69.407654  
 18   	0.4152    	-69.192017  
 19   	0.4397    	-68.904541  
 20   	0.4641    	-68.042053  
 21   	0.4885    	-68.760803  
 22   	0.5129    	-67.754517  
 23   	0.5374    	-68.545166  
 24   	0.5618    	-68.760803  
 25   	0.5862    	-68.617004  
 26   	0.6106    	-69.479553  
 27   	0.6351    	-68.832642  
 28   	0.6595    	-68.257629  
 29   	0.6839    	-68.329529  
 30   	0.7084    	-68.976379  
 31   	0.7328    	-68.617004  
 32   	0.7572    	-67.898254  
 33   	0.7816    	-68.257629  
 34   	0.8061    	-68.042053  
 35   	0.8305    	-68.473267  
 36   	0.8549    	-69.263916  
 37   	0.8793    	-68.904541  
 38   	0.9038    	-68.904541  
 39   	0.9282    	-69.192017  
 40   	0.9526    	-69.982666  
 41   	0.9770    	-69.551392  
 42   	1.0015    	-69.910767  
 43   	1.0259    	-70.054504  
 44   	1.0503    	-69.982666  
 45   	1.0747    	-69.695129  
 46   	1.0992    	-69.479553  
 47   	1.1236    	-69.192017  
 48   	1.1480    	-69.479553  
 49   	1.1724    	-68.257629  
 50   	1.1969    	-68.185791  
 51   	1.2213    	-67.898254  
 52   	1.2457    	-67.826416  
 53   	1.2702    	-68.329529  
 54   	1.2946    	-68.329529  
 55   	1.3190    	-68.688904  
 56   	1.3434    	-68.185791  
 57   	1.3679    	-68.473267  
 58   	1.3923    	-68.473267  
 59   	1.4167    	-69.048279  
 60   	1.4411    	-68.976379  
 61   	1.4656    	-69.192017  
 62   	1.4900    	-68.760803  
 63   	1.5144    	-68.688904  
 64   	1.5388    	-68.042053  
 65   	1.5633    	-68.688904  
 66   	1.5877    	-69.192017  
 67   	1.6121    	-69.048279  
 68   	1.6365    	-68.760803  
 69   	1.6610    	-68.401428  
 70   	1.6854    	-67.898254  
 71   	1.7098    	-68.257629  
 72   	1.7342    	-68.904541  
 73   	1.7587    	-68.760803  
 74   	1.7831    	-68.545166  
 75   	1.8075    	-69.192017  
 76   	1.8319    	-70.054504  
 77   	1.8564    	-69.623291  
 78   	1.8808    	-69.623291  
 79   	1.9052    	-70.342041  
 80   	1.9297    	-70.342041  
 81   	1.9541    	-69.048279  
 82   	1.9785    	-69.695129  
 83   	2.0029    	-69.910767  
 84   	2.0274    	-68.760803  
 85   	2.0518    	-69.192017  
 86   	2.0762    	-68.473267  
 87   	2.1006    	-68.473267  
 88   	2.1251    	-68.904541  
 89   	2.1495    	-68.904541  
 90   	2.1739    	-68.904541  
 91   	2.1983    	-69.407654  
 92   	2.2228    	-68.904541  
 93   	2.2472    	-69.551392  
 94   	2.2716    	-68.976379  
 95   	2.2960    	-68.617004  
 96   	2.3205    	-68.042053  
 97   	2.3449    	-67.970154  
 98   	2.3693    	-67.970154  
 99   	2.3937    	-67.754517  
 100  	2.4182    	-67.898254  
 101  	2.4426    	-68.473267  
 102  	2.4670    	-67.898254  
 103  	2.4915    	-67.754517  
 104  	2.5159    	-67.251404  
 105  	2.5403    	-67.826416  
 106  	2.5647    	-67.538879  
 107  	2.5892    	-68.185791  
 108  	2.6136    	-67.754517  
 109  	2.6380    	-67.323303  
 110  	2.6624    	-67.323303  
 111  	2.6869    	-67.179504  
 112  	2.7113    	-67.970154  
 113  	2.7357    	-68.329529  
 114  	2.7601    	-68.185791  
 115  	2.7846    	-68.185791  
 116  	2.8090    	-67.610779  
 117  	2.8334    	-67.395142  
 118  	2.8578    	-68.473267  
 119  	2.8823    	-68.257629  
 120  	2.9067    	-67.970154  
 121  	2.9311    	-68.042053  
 122  	2.9555    	-68.473267  
 123  	2.9800    	-68.113892  
 124  	3.0044    	-68.617004  
 125  	3.0288    	-68.760803  
 126  	3.0532    	-68.329529  
 127  	3.0777    	-68.473267  
 128  	3.1021    	-68.688904  
 129  	3.1265    	-68.473267  
 130  	3.1510    	-67.610779  
 131  	3.1754    	-68.401428  
 132  	3.1998    	-68.113892  
 133  	3.2242    	-68.257629  
 134  	3.2487    	-68.401428  
 135  	3.2731    	-68.042053  
 136  	3.2975    	-67.682678  
 137  	3.3219    	-67.538879  
 138  	3.3464    	-67.682678  
 139  	3.3708    	-68.257629  
 140  	3.3952    	-68.042053  
 141  	3.4196    	-68.329529  
 142  	3.4441    	-67.754517  
 143  	3.4685    	-68.185791  
 144  	3.4929    	-68.976379  
 145  	3.5173    	-67.610779  
 146  	3.5418    	-67.395142  
 147  	3.5662    	-68.329529  
 148  	3.5906    	-67.395142  
 149  	3.6150    	-67.898254  
 150  	3.6395    	-68.760803  
 151  	3.6639    	-69.192017  
 152  	3.6883    	-69.192017  
 153  	3.7128    	-69.263916  
 154  	3.7372    	-69.120178  
 155  	3.7616    	-68.976379  
 156  	3.7860    	-68.688904  
 157  	3.8105    	-69.048279  
 158  	3.8349    	-68.832642  
 159  	3.8593    	-68.042053  
 160  	3.8837    	-68.329529  
 161  	3.9082    	-68.617004  
 162  	3.9326    	-67.682678  
 163  	3.9570    	-67.826416  
 164  	3.9814    	-68.185791  
 165  	4.0059    	-67.610779  
 166  	4.0303    	-67.323303  
 167  	4.0547    	-67.970154  
 168  	4.0791    	-68.042053  
 169  	4.1036    	-68.113892  
 170  	4.1280    	-68.042053  
 171  	4.1524    	-68.904541  
 172  	4.1768    	-68.617004  
 173  	4.2013    	-68.257629  
 174  	4.2257    	-68.329529  
 175  	4.2501    	-68.329529  
 176  	4.2745    	-67.682678  
 177  	4.2990    	-68.257629  
 178  	4.3234    	-68.401428  
 179  	4.3478    	-67.826416  
 180  	4.3723    	-66.532654  
 181  	4.3967    	-66.892029  
 182  	4.4211    	-67.538879  
 183  	4.4455    	-66.963928  
 184  	4.4700    	-67.467041  
 185  	4.4944    	-67.826416  
 186  	4.5188    	-68.617004  
 187  	4.5432    	-68.617004  
 188  	4.5677    	-68.401428  
 189  	4.5921    	-68.042053  
 190  	4.6165    	-66.820129  
 191  	4.6409    	-67.826416  
 192  	4.6654    	-66.676392  
 193  	4.6898    	-66.317017  
 194  	4.7142    	-66.029541  
 195  	4.7386    	-65.598267  
 196  	4.7631    	-66.963928  
 197  	4.7875    	-66.748291  
 198  	4.8119    	-66.173279  
 199  	4.8363    	-66.173279  
 200  	4.8608    	-66.748291  
 201  	4.8852    	-66.532654  
 202  	4.9096    	-65.023254  
 203  	4.9340    	-65.023254  
 204  	4.9585    	-65.454529  
 205  	4.9829    	-64.735779  
 206  	5.0073    	-65.310791  
 207  	5.0318    	-64.879517  
 208  	5.0562    	-63.226379  
 209  	5.0806    	-63.298275  
 210  	5.1050    	-61.860775  
 211  	5.1295    	-60.710751  
 212  	5.1539    	-59.273251  
 213  	5.1783    	-58.267029  
 214  	5.2027    	-56.901428  
 215  	5.2272    	-55.823303  
 216  	5.2516    	-55.607666  
 217  	5.2760    	-54.745178  
 218  	5.3004    	-56.398254  
 219  	5.3249    	-56.829529  
 220  	5.3493    	-56.398254  
 221  	5.3737    	-55.823303  
 222  	5.3981    	-55.823303  
 223  	5.4226    	-55.392025  
 224  	5.4470    	-54.817017  
 225  	5.4714    	-52.445129  
 226  	5.4958    	-47.270138  
 227  	5.5203    	-34.692017  
 228  	5.5447    	-12.698303  
 229  	5.5691    	7.786071    
 230  	5.5936    	20.795471   
 231  	5.6180    	31.504820   
 232  	5.6424    	39.986145   
 233  	5.6668    	46.239197   
 234  	5.6913    	50.479797   
 235  	5.7157    	53.498596   
 236  	5.7401    	55.870422   
 237  	5.7645    	56.876770   
 238  	5.7890    	58.170467   
 239  	5.8134    	58.601746   
 240  	5.8378    	58.745422   
 241  	5.8622    	59.536072   
 242  	5.8867    	59.392395   
 243  	5.9111    	60.326721   
 244  	5.9355    	60.470516   
 245  	5.9599    	60.686096   
 246  	5.9844    	60.326721   
 247  	6.0088    	60.973572   
 248  	6.0332    	61.332947   
 249  	6.0576    	61.692322   
 250  	6.0821    	62.842342   
 251  	6.1065    	62.770447   
 252  	6.1309    	63.489193   
 253  	6.1553    	64.423645   
 254  	6.1798    	64.711121   
 255  	6.2042    	63.992367   
 256  	6.2286    	63.992367   
 257  	6.2531    	62.986145   
 258  	6.2775    	62.411072   
 259  	6.3019    	63.776672   
 260  	6.3263    	64.207947   
 261  	6.3508    	64.495422   
 262  	6.3752    	64.998596   
 263  	6.3996    	64.639221   
 264  	6.4240    	65.214172   
 265  	6.4485    	65.429871   
 266  	6.4729    	65.357971   
 267  	6.4973    	65.286072   
 268  	6.5217    	65.573547   
 269  	6.5462    	65.861145   
 270  	6.5706    	66.148621   
 271  	6.5950    	65.645447   
 272  	6.6194    	65.070496   
 273  	6.6439    	65.429871   
 274  	6.6683    	65.501770   
 275  	6.6927    	65.861145   
 276  	6.7171    	65.573547   
 277  	6.7416    	65.573547   
 278  	6.7660    	65.717346   
 279  	6.7904    	65.501770   
 280  	6.8149    	64.783020   
 281  	6.8393    	67.082947   
 282  	6.8637    	67.226746   
 283  	6.8881    	67.154846   
 284  	6.9126    	68.304871   
 285  	6.9370    	67.658020   
 286  	6.9614    	67.873596   
 287  	6.9858    	67.586121   
 288  	7.0103    	68.089172   
 289  	7.0347    	69.239197   
 290  	7.0591    	68.736145   
 291  	7.0835    	69.598572   
 292  	7.1080    	68.807922   
 293  	7.1324    	68.376770   
 294  	7.1568    	68.376770   
 295  	7.1812    	67.873596   
 296  	7.2057    	67.442322   
 297  	7.2301    	67.442322   
 298  	7.2545    	68.807922   
 299  	7.2789    	68.592346   
 300  	7.3034    	69.454895   
 301  	7.3278    	69.814270   
 302  	7.3522    	68.376770   
 303  	7.3766    	69.095520   
 304  	7.4011    	69.886047   
 305  	7.4255    	70.892395   
 306  	7.4499    	70.676697   
 307  	7.4744    	69.311096   
 308  	7.4988    	69.095520   
 309  	7.5232    	68.161072   
 310  	7.5476    	69.311096   
 311  	7.5721    	68.807922   
 312  	7.5965    	69.814270   
 313  	7.6209    	69.670471   
 314  	7.6453    	69.167297   
 315  	7.6698    	68.807922   
 316  	7.6942    	68.448547   
 317  	7.7186    	69.670471   
 318  	7.7430    	69.526672   
 319  	7.7675    	69.382996   
 320  	7.7919    	70.101746   
 321  	7.8163    	70.173645   
 322  	7.8407    	70.173645   
 323  	7.8652    	69.742371   
 324  	7.8896    	70.173645   
 325  	7.9140    	69.957947   
 326  	7.9384    	70.101746   
 327  	7.9629    	69.814270   
 328  	7.9873    	70.173645   
 329  	8.0117    	70.317322   
 330  	8.0362    	70.173645   
 331  	8.0606    	69.742371   
 332  	8.0850    	70.892395   
 333  	8.1094    	70.245422   
 334  	8.1339    	69.023621   
 335  	8.1583    	68.664246   
 336  	8.1827    	68.807922   
 337  	8.2071    	69.167297   
 338  	8.2316    	69.670471   
 339  	8.2560    	69.957947   
 340  	8.2804    	69.886047   
 341  	8.3048    	69.095520   
 342  	8.3293    	68.376770   
 343  	8.3537    	68.736145   
 344  	8.3781    	68.951721   
 345  	8.4025    	68.807922   
 346  	8.4270    	68.161072   
 347  	8.4514    	68.161072   
 348  	8.4758    	68.448547   
 349  	8.5002    	68.448547   
 350  	8.5247    	68.304871   
 351  	8.5491    	69.167297   
 352  	8.5735    	69.023621   
 353  	8.5979    	68.448547   
 354  	8.6224    	68.161072   
 355  	8.6468    	68.017395   
 356  	8.6712    	69.598572   
 357  	8.6957    	69.239197   
 358  	8.7201    	70.101746   
 359  	8.7445    	69.311096   
 360  	8.7689    	68.736145   
 361  	8.7934    	68.448547   
 362  	8.8178    	68.448547   
 363  	8.8422    	68.951721   
 364  	8.8666    	69.239197   
 365  	8.8911    	69.814270   
 366  	8.9155    	69.742371   
 367  	8.9399    	70.604797   
 368  	8.9643    	70.533020   
 369  	8.9888    	70.676697   
 370  	9.0132    	69.311096   
 371  	9.0376    	70.245422   
 372  	9.0620    	69.239197   
 373  	9.0865    	69.311096   
 374  	9.1109    	69.454895   
 375  	9.1353    	69.814270   
 376  	9.1597    	69.311096   
 377  	9.1842    	69.095520   
 378  	9.2086    	68.376770   
 379  	9.2330    	68.161072   
 380  	9.2574    	68.664246   
 381  	9.2819    	68.089172   
 382  	9.3063    	68.951721   
 383  	9.3307    	70.101746   
 384  	9.3552    	70.101746   
 385  	9.3796    	70.173645   
 386  	9.4040    	71.036072   
 387  	9.4284    	70.461121   
 388  	9.4529    	70.533020   
 389  	9.4773    	70.461121   
 390  	9.5017    	71.179871   
 391  	9.5261    	71.036072   
 392  	9.5506    	71.036072   
 393  	9.5750    	71.251770   
 394  	9.5994    	70.604797   
 395  	9.6238    	71.251770   
 396  	9.6483    	70.461121   
 397  	9.6727    	70.317322   
 398  	9.6971    	69.670471   
 399  	9.7215    	70.389221   
 400  	9.7460    	70.892395   
 401  	9.7704    	70.533020   
 402  	9.7948    	70.604797   
 403  	9.8192    	70.676697   
 404  	9.8437    	70.964172   
 405  	9.8681    	70.604797   
 406  	9.8925    	70.604797   
 407  	9.9170    	70.101746   
 408  	9.9414    	70.533020   
 409  	9.9658    	69.886047   
 410  	9.9902    	70.748596   
 411  	10.0147   	70.748596   
 412  	10.0391   	70.892395   
 413  	10.0635   	71.539246   
 414  	10.0879   	70.461121   
 415  	10.1124   	70.317322   
 416  	10.1368   	70.101746   
 417  	10.1612   	69.311096   
 418  	10.1856   	69.311096   
 419  	10.2101   	70.317322   
 420  	10.2345   	70.748596   
 421  	10.2589   	69.670471   
 422  	10.2833   	69.814270   
 423  	10.3078   	70.173645   
 424  	10.3322   	70.892395   
 425  	10.3566   	69.886047   
 426  	10.3810   	70.173645   
 427  	10.4055   	70.389221   
 428  	10.4299   	70.317322   
 429  	10.4543   	70.317322   
 430  	10.4787   	69.814270   
 431  	10.5032   	69.886047   
 432  	10.5276   	69.239197   
 433  	10.5520   	68.807922   
 434  	10.5765   	68.664246   
 435  	10.6009   	69.454895   
 436  	10.6253   	69.670471   
 437  	10.6497   	69.670471   
 438  	10.6742   	70.389221   
 439  	10.6986   	70.892395   
 440  	10.7230   	71.467346   
 441  	10.7474   	70.892395   
 442  	10.7719   	70.892395   
 443  	10.7963   	70.820496   
 444  	10.8207   	69.957947   
 445  	10.8451   	69.311096   
 446  	10.8696   	70.029846   
 447  	10.8940   	69.382996   
 448  	10.9184   	69.814270   
 449  	10.9428   	71.179871   
 450  	10.9673   	70.461121   
 451  	10.9917   	70.676697   
 452  	11.0161   	70.604797   
 453  	11.0405   	71.323547   
 454  	11.0650   	70.173645   
 455  	11.0894   	70.245422   
 456  	11.1138   	70.820496   
 457  	11.1383   	70.676697   
 458  	11.1627   	69.742371   
 459  	11.1871   	70.101746   
 460  	11.2115   	69.814270   
 461  	11.2360   	69.023621   
 462  	11.2604   	69.598572   
 463  	11.2848   	69.239197   
 464  	11.3092   	68.664246   
 465  	11.3337   	68.807922   
 466  	11.3581   	69.598572   
 467  	11.3825   	69.742371   
 468  	11.4069   	70.029846   
 469  	11.4314   	70.173645   
 470  	11.4558   	70.317322   
 471  	11.4802   	70.533020   
 472  	11.5046   	69.886047   
 473  	11.5291   	69.957947   
 474  	11.5535   	70.029846   
 475  	11.5779   	68.736145   
 476  	11.6023   	69.311096   
 477  	11.6268   	70.245422   
 478  	11.6512   	70.317322   
 479  	11.6756   	70.748596   
 480  	11.7000   	69.239197   
 481  	11.7245   	69.239197   
 482  	11.7489   	68.951721   
 483  	11.7733   	69.526672   
 484  	11.7978   	69.095520   
 485  	11.8222   	68.304871   
 486  	11.8466   	67.729797   
 487  	11.8710   	68.376770   
 488  	11.8955   	68.017395   
 489  	11.9199   	67.873596   
 490  	11.9443   	66.723572   
 491  	11.9687   	66.507996   
 492  	11.9932   	66.507996   
 493  	12.0176   	66.579895   
 494  	12.0420   	66.939270   
 495  	12.0664   	67.514221   
 496  	12.0909   	67.298645   
 497  	12.1153   	67.226746   
 498  	12.1397   	66.651672   
 499  	12.1641   	66.579895   
 500  	12.1886   	67.514221   
 501  	12.2130   	67.514221   
 502  	12.2374   	67.729797   
 503  	12.2618   	67.873596   
 504  	12.2863   	67.729797   
 505  	12.3107   	68.089172   
 506  	12.3351   	67.514221   
 507  	12.3596   	66.723572   
 508  	12.3840   	66.795471   
 509  	12.4084   	66.795471   
 510  	12.4328   	66.579895   
 511  	12.4573   	66.436096   
 512  	12.4817   	67.514221   
 513  	12.5061   	65.861145   
 514  	12.5305   	66.292297   
 515  	12.5550   	66.507996   
 516  	12.5794   	66.076721   
 517  	12.6038   	66.004822   
 518  	12.6282   	66.148621   
 519  	12.6527   	66.723572   
 520  	12.6771   	66.292297   
 521  	12.7015   	66.867371   
 522  	12.7259   	67.154846   
 523  	12.7504   	67.442322   
 524  	12.7748   	67.442322   
 525  	12.7992   	66.507996   
 526  	12.8236   	66.004822   
 527  	12.8481   	66.004822   
 528  	12.8725   	66.076721   
 529  	12.8969   	66.076721   
 530  	12.9213   	66.579895   
 531  	12.9458   	65.861145   
 532  	12.9702   	66.364197   
 533  	12.9946   	66.651672   
 534  	13.0191   	65.932922   
 535  	13.0435   	65.861145   
 536  	13.0679   	65.429871   
 537  	13.0923   	65.861145   
 538  	13.1168   	65.789246   
 539  	13.1412   	65.573547   
 540  	13.1656   	64.854797   
 541  	13.1900   	64.926697   
 542  	13.2145   	65.573547   
 543  	13.2389   	65.286072   
 544  	13.2633   	65.789246   
 545  	13.2877   	66.148621   
 546  	13.3122   	66.004822   
 547  	13.3366   	65.501770   
 548  	13.3610   	65.789246   
 549  	13.3854   	65.789246   
 550  	13.4099   	65.286072   
 551  	13.4343   	65.357971   
 552  	13.4587   	65.286072   
 553  	13.4831   	65.573547   
 554  	13.5076   	65.357971   
 555  	13.5320   	65.214172   
 556  	13.5564   	64.926697   
 557  	13.5808   	65.070496   
 558  	13.6053   	64.783020   
 559  	13.6297   	64.279846   
 560  	13.6541   	64.207947   
 561  	13.6786   	64.639221   
 562  	13.7030   	65.142395   
 563  	13.7274   	65.357971   
 564  	13.7518   	65.645447   
 565  	13.7763   	66.076721   
 566  	13.8007   	66.292297   
 567  	13.8251   	65.214172   
 568  	13.8495   	64.279846   
 569  	13.8740   	64.351746   
 570  	13.8984   	65.429871   
 571  	13.9228   	65.717346   
 572  	13.9472   	66.148621   
 573  	13.9717   	66.939270   
 574  	13.9961   	65.789246   
 575  	14.0205   	65.645447   
 576  	14.0449   	66.939270   
 577  	14.0694   	66.867371   
 578  	14.0938   	66.507996   
 579  	14.1182   	67.658020   
 580  	14.1426   	66.364197   
 581  	14.1671   	65.932922   
 582  	14.1915   	66.939270   
 583  	14.2159   	67.298645   
 584  	14.2404   	67.154846   
 585  	14.2648   	66.004822   
 586  	14.2892   	66.148621   
 587  	14.3136   	65.070496   
 588  	14.3381   	64.639221   
 589  	14.3625   	64.279846   
 590  	14.3869   	65.357971   
 591  	14.4113   	64.136047   
 592  	14.4358   	64.279846   
 593  	14.4602   	66.076721   
 594  	14.4846   	65.645447   
 595  	14.5090   	64.711121   
 596  	14.5335   	65.645447   
 597  	14.5579   	65.501770   
 598  	14.5823   	66.292297   
 599  	14.6067   	66.867371   
 600  	14.6312   	66.076721   
 601  	14.6556   	66.867371   
 602  	14.6800   	68.017395   
 603  	14.7044   	68.017395   
 604  	14.7289   	67.586121   
 605  	14.7533   	67.873596   
 606  	14.7777   	67.945496   
 607  	14.8021   	67.586121   
 608  	14.8266   	67.514221   
 609  	14.8510   	66.795471   
 610  	14.8754   	66.076721   
 611  	14.8999   	66.292297   
 612  	14.9243   	65.932922   
 613  	14.9487   	66.004822   
 614  	14.9731   	67.298645   
 615  	14.9976   	67.370422   
 616  	15.0220   	66.795471   
 617  	15.0464   	66.867371   
 618  	15.0708   	67.082947   
 619  	15.0953   	66.364197   
 620  	15.1197   	65.645447   
 621  	15.1441   	65.645447   
 622  	15.1685   	65.717346   
 623  	15.1930   	65.286072   
 624  	15.2174   	65.286072   
 625  	15.2418   	65.717346   
 626  	15.2662   	65.070496   
 627  	15.2907   	66.148621   
 628  	15.3151   	65.789246   
 629  	15.3395   	65.717346   
 630  	15.3639   	66.220520   
 631  	15.3884   	66.076721   
 632  	15.4128   	65.142395   
 633  	15.4372   	66.220520   
 634  	15.4617   	66.436096   
 635  	15.4861   	65.717346   
 636  	15.5105   	66.436096   
 637  	15.5349   	65.789246   
 638  	15.5594   	65.070496   
 639  	15.5838   	65.573547   
 640  	15.6082   	65.789246   
 641  	15.6326   	66.076721   
 642  	15.6571   	64.998596   
 643  	15.6815   	65.789246   
 644  	15.7059   	65.932922   
 645  	15.7303   	65.789246   
 646  	15.7548   	65.214172   
 647  	15.7792   	65.789246   
 648  	15.8036   	65.932922   
 649  	15.8280   	66.076721   
 650  	15.8525   	64.854797   
 651  	15.8769   	64.639221   
 652  	15.9013   	63.848572   
 653  	15.9257   	64.495422   
 654  	15.9502   	63.920471   
 655  	15.9746   	64.279846   
 656  	15.9990   	63.920471   
 657  	16.0234   	63.417297   
 658  	16.0479   	63.489193   
 659  	16.0723   	62.411072   
 660  	16.0967   	61.620422   
 661  	16.1212   	62.123596   
 662  	16.1456   	61.836121   
 663  	16.1700   	61.117367   
 664  	16.1944   	61.189270   
 665  	16.2189   	61.332947   
 666  	16.2433   	61.836121   
 667  	16.2677   	60.686096   
 668  	16.2921   	60.973572   
 669  	16.3166   	59.751770   
 670  	16.3410   	59.464169   
 671  	16.3654   	58.673641   
 672  	16.3898   	59.104797   
 673  	16.4143   	58.889221   
 674  	16.4387   	58.457947   
 675  	16.4631   	56.876770   
 676  	16.4875   	57.164246   
 677  	16.5120   	55.870422   
 678  	16.5364   	56.661072   
 679  	16.5608   	55.439270   
 680  	16.5852   	55.223572   
 681  	16.6097   	54.576721   
 682  	16.6341   	53.570496   
 683  	16.6585   	53.570496   
 684  	16.6830   	52.492371   
 685  	16.7074   	52.132996   
 686  	16.7318   	52.707943   
 687  	16.7562   	51.701721   
 688  	16.7807   	51.054871   
 689  	16.8051   	50.408020   
 690  	16.8295   	49.976742   
 691  	16.8539   	49.976742   
 692  	16.8784   	50.120419   
 693  	16.9028   	50.623592   
 694  	16.9272   	49.832951   
 695  	16.9516   	49.545471   
 696  	16.9761   	47.892391   
 697  	17.0005   	47.101742   
 698  	17.0249   	47.173645   
 699  	17.0493   	47.173645   
 700  	17.0738   	47.029846   
 701  	17.0982   	46.526672   
 702  	17.1226   	46.886044   
 703  	17.1470   	46.095520   
 704  	17.1715   	46.382996   
 705  	17.1959   	47.245419   
 706  	17.2203   	46.167297   
 707  	17.2447   	45.161072   
 708  	17.2692   	44.658020   
 709  	17.2936   	43.651672   
 710  	17.3180   	43.579895   
 711  	17.3425   	43.651672   
 712  	17.3669   	42.861145   
 713  	17.3913   	42.070496   
 714  	17.4157   	42.070496   
 715  	17.4402   	41.136047   
 716  	17.4646   	39.698547   
 717  	17.4890   	38.908020   
 718  	17.5134   	38.189270   
 719  	17.5379   	37.326721   
 720  	17.5623   	37.254822   
 721  	17.5867   	37.254822   
 722  	17.6111   	36.823547   
 723  	17.6356   	35.817322   
 724  	17.6600   	36.248596   
 725  	17.6844   	35.529846   
 726  	17.7088   	34.379822   
 727  	17.7333   	33.876770   
 728  	17.7577   	33.373596   
 729  	17.7821   	33.589172   
 730  	17.8065   	32.942322   
 731  	17.8310   	31.720520   
 732  	17.8554   	30.857971   
 733  	17.8798   	30.354797   
 734  	17.9042   	30.426697   
 735  	17.9287   	30.354797   
 736  	17.9531   	28.989197   
 737  	17.9775   	28.557922   
 738  	18.0020   	28.557922   
 739  	18.0264   	28.126770   
 740  	18.0508   	26.617369   
 741  	18.0752   	25.036072   
 742  	18.0997   	24.604797   
 743  	18.1241   	23.598572   
 744  	18.1485   	23.239197   
 745  	18.1729   	22.592346   
 746  	18.1974   	23.886047   
 747  	18.2218   	23.239197   
 748  	18.2462   	22.089172   
 749  	18.2706   	21.945496   
 750  	18.2951   	22.017395   
 751  	18.3195   	20.651672   
 752  	18.3439   	19.214172   
 753  	18.3683   	18.926697   
 754  	18.3928   	18.351746   
 755  	18.4172   	17.704895   
 756  	18.4416   	18.279846   
 757  	18.4660   	16.554871   
 758  	18.4905   	16.339172   
 759  	18.5149   	16.698547   
 760  	18.5393   	16.411072   
 761  	18.5638   	15.620422   
 762  	18.5882   	14.901671   
 763  	18.6126   	13.607971   
 764  	18.6370   	13.176697   
 765  	18.6615   	13.104797   
 766  	18.6859   	11.811096   
 767  	18.7103   	11.092346   
 768  	18.7347   	10.086121   
 769  	18.7592   	8.720520    
 770  	18.7836   	8.432922    
 771  	18.8080   	6.851746    
 772  	18.8324   	5.701721    
 773  	18.8569   	4.336121    
 774  	18.8813   	3.114197    
 775  	18.9057   	2.539246    
 776  	18.9301   	1.317322    
 777  	18.9546   	0.239197    
 778  	18.9790   	-0.048279   
 779  	19.0034   	-0.767029   
 780  	19.0278   	-1.557678   
 781  	19.0523   	-1.773254   
 782  	19.0767   	-2.563904   
 783  	19.1011   	-4.432678   
 784  	19.1255   	-5.223328   
 785  	19.1500   	-6.588928   
 786  	19.1744   	-7.020203   
 787  	19.1988   	-7.738953   
 788  	19.2233   	-8.601379   
 789  	19.2477   	-10.254517  
 790  	19.2721   	-10.038879  
 791  	19.2965   	-11.260803  
 792  	19.3210   	-12.482666  
 793  	19.3454   	-13.848267  
 794  	19.3698   	-14.782654  
 795  	19.3942   	-15.285766  
 796  	19.4187   	-15.717041  
 797  	19.4431   	-17.154541  
 798  	19.4675   	-17.873291  
 799  	19.4919   	-17.585754  
 800  	19.5164   	-19.454529  
 801  	19.5408   	-19.670166  
 802  	19.5652   	-19.310791  
 803  	19.5896   	-19.957642  
 804  	19.6141   	-21.395142  
 805  	19.6385   	-21.467041  
 806  	19.6629   	-22.042053  
 807  	19.6873   	-22.832642  
 808  	19.7118   	-23.120176  
 809  	19.7362   	-24.054502  
 810  	19.7606   	-22.760803  
 811  	19.7851   	-25.492004  
 812  	19.8095   	-25.851379  
 813  	19.8339   	-26.642027  
 814  	19.8583   	-27.073301  
 815  	19.8828   	-27.576416  
 816  	19.9072   	-28.438904  
 817  	19.9316   	-28.438904  
 818  	19.9560   	-29.157654  
 819  	19.9805   	-30.092041  
 820  	20.0049   	-29.373291  
 821  	20.0293   	-30.523254  
 822  	20.0537   	-30.738890  
 823  	20.0782   	-30.954529  
 824  	20.1026   	-32.320129  
 825  	20.1270   	-32.176392  
 826  	20.1514   	-32.535767  
 827  	20.1759   	-33.757629  
 828  	20.2003   	-33.613892  
 829  	20.2247   	-34.045166  
 830  	20.2491   	-34.620178  
 831  	20.2736   	-35.698303  
 832  	20.2980   	-35.338928  
 833  	20.3224   	-36.920166  
 834  	20.3468   	-37.495178  
 835  	20.3713   	-36.992004  
 836  	20.3957   	-38.717041  
 837  	20.4201   	-39.076416  
 838  	20.4446   	-39.507629  
 839  	20.4690   	-39.292053  
 840  	20.4934   	-40.154541  
 841  	20.5178   	-40.873291  
 842  	20.5423   	-41.807678  
 843  	20.5667   	-41.807678  
 844  	20.5911   	-42.095154  
 845  	20.6155   	-42.598267  
 846  	20.6400   	-43.604553  
 847  	20.6644   	-42.742004  
 848  	20.6888   	-43.388916  
 849  	20.7132   	-43.820129  
 850  	20.7377   	-44.251404  
 851  	20.7621   	-45.329529  
 852  	20.7865   	-45.832638  
 853  	20.8109   	-47.054501  
 854  	20.8354   	-46.838928  
 855  	20.8598   	-47.629517  
 856  	20.8842   	-48.060791  
 857  	20.9086   	-47.342041  
 858  	20.9331   	-49.282650  
 859  	20.9575   	-49.426392  
 860  	20.9819   	-50.217041  
 861  	21.0064   	-50.720154  
 862  	21.0308   	-50.720154  
 863  	21.0552   	-51.510803  
 864  	21.0796   	-52.373291  
 865  	21.1041   	-52.660767  
 866  	21.1285   	-52.804504  
 867  	21.1529   	-53.307678  
 868  	21.1773   	-53.092037  
 869  	21.2018   	-54.242004  
 870  	21.2262   	-55.679504  
 871  	21.2506   	-55.967037  
 872  	21.2750   	-56.182678  
 873  	21.2995   	-56.326412  
 874  	21.3239   	-57.045166  
 875  	21.3483   	-57.692017  
 876  	21.3727   	-57.763912  
 877  	21.3972   	-57.692017  
 878  	21.4216   	-58.554504  
 879  	21.4460   	-58.195129  
 880  	21.4704   	-58.482666  
 881  	21.4949   	-58.482666  
 882  	21.5193   	-58.051388  
 883  	21.5437   	-58.195129  
 884  	21.5681   	-58.195129  
 885  	21.5926   	-58.554504  
 886  	21.6170   	-58.913879  
 887  	21.6414   	-59.488888  
 888  	21.6659   	-60.782654  
 889  	21.6903   	-61.932678  
 890  	21.7147   	-60.998291  
 891  	21.7391   	-60.782654  
 892  	21.7636   	-59.704529  
 893  	21.7880   	-59.920166  
 894  	21.8124   	-60.495178  
 895  	21.8368   	-60.207642  
 896  	21.8613   	-60.926392  
 897  	21.8857   	-61.932678  
 898  	21.9101   	-62.507626  
 899  	21.9345   	-62.076412  
 900  	21.9590   	-62.076412  
 901  	21.9834   	-61.357666  
 902  	22.0078   	-62.004517  
 903  	22.0322   	-61.645142  
 904  	22.0567   	-61.717041  
 905  	22.0811   	-60.926392  
 906  	22.1055   	-60.782654  
 907  	22.1299   	-61.357666  
 908  	22.1544   	-61.501404  
 909  	22.1788   	-62.507626  
 910  	22.2032   	-62.938904  
 911  	22.2277   	-64.232666  
 912  	22.2521   	-62.938904  
 913  	22.2765   	-64.088928  
 914  	22.3009   	-64.807678  
 915  	22.3254   	-64.592041  
 916  	22.3498   	-65.238892  
 917  	22.3742   	-64.663879  
 918  	22.3986   	-65.454529  
 919  	22.4231   	-65.238892  
 920  	22.4475   	-65.885803  
 921  	22.4719   	-66.029541  
 922  	22.4963   	-65.813904  
 923  	22.5208   	-66.532654  
 924  	22.5452   	-66.532654  
 925  	22.5696   	-66.173279  
 926  	22.5940   	-66.963928  
 927  	22.6185   	-67.682678  
 928  	22.6429   	-67.538879  
 929  	22.6673   	-67.610779  
 930  	22.6917   	-68.329529  
 931  	22.7162   	-68.329529  
 932  	22.7406   	-67.467041  
 933  	22.7650   	-67.898254  
 934  	22.7894   	-67.754517  
 935  	22.8139   	-67.970154  
 936  	22.8383   	-68.042053  
 937  	22.8627   	-68.401428  
 938  	22.8872   	-68.473267  
 939  	22.9116   	-68.113892  
 940  	22.9360   	-67.970154  
 941  	22.9604   	-66.676392  
 942  	22.9849   	-67.179504  
 943  	23.0093   	-67.467041  
 944  	23.0337   	-67.323303  
 945  	23.0581   	-67.395142  
 946  	23.0826   	-67.538879  
 947  	23.1070   	-68.042053  
 948  	23.1314   	-68.329529  
 949  	23.1558   	-68.401428  
 950  	23.1803   	-67.826416  
 951  	23.2047   	-67.395142  
 952  	23.2291   	-67.610779  
 953  	23.2535   	-67.323303  
 954  	23.2780   	-67.179504  
 955  	23.3024   	-67.754517  
 956  	23.3268   	-67.395142  
 957  	23.3512   	-67.467041  
 958  	23.3757   	-67.251404  
 959  	23.4001   	-67.754517  
 960  	23.4245   	-67.826416  
 961  	23.4489   	-67.682678  
 962  	23.4734   	-68.257629  
 963  	23.4978   	-68.329529  
 964  	23.5222   	-67.970154  
 965  	23.5467   	-68.185791  
 966  	23.5711   	-68.329529  
 967  	23.5955   	-68.185791  
 968  	23.6199   	-68.688904  
 969  	23.6444   	-68.617004  
 970  	23.6688   	-68.401428  
 971  	23.6932   	-67.682678  
 972  	23.7176   	-66.820129  
 973  	23.7421   	-67.467041  
 974  	23.7665   	-67.754517  
 975  	23.7909   	-66.748291  
 976  	23.8153   	-68.545166  
 977  	23.8398   	-68.976379  
 978  	23.8642   	-68.401428  
 979  	23.8886   	-69.192017  
 980  	23.9130   	-68.832642  
 981  	23.9375   	-69.263916  
 982  	23.9619   	-68.904541  
 983  	23.9863   	-70.126404  
 984  	24.0107   	-70.198303  
 985  	24.0352   	-70.126404  
 986  	24.0596   	-70.198303  
 987  	24.0840   	-70.270142  
 988  	24.1085   	-69.838928  
 989  	24.1329   	-69.695129  
 990  	24.1573   	-69.335754  
 991  	24.1817   	-70.413879  
 992  	24.2062   	-69.407654  
 993  	24.2306   	-69.263916  
 994  	24.2550   	-70.413879  
 995  	24.2794   	-69.838928  
 996  	24.3039   	-69.982666  
 997  	24.3283   	-70.198303  
 998  	24.3527   	-69.695129  
 999  	24.3771   	-70.485779  
 1000 	24.4016   	-70.342041  
 1001 	24.4260   	-69.982666  
 1002 	24.4504   	-70.198303  
 1003 	24.4748   	-69.838928  
 1004 	24.4993   	-69.910767  
 1005 	24.5237   	-70.054504  
 1006 	24.5481   	-70.054504  
 1007 	24.5725   	-69.910767  
 1008 	24.5970   	-70.342041  
 1009 	24.6214   	-70.342041  
 1010 	24.6458   	-69.838928  
 1011 	24.6702   	-69.551392  
 1012 	24.6947   	-69.623291  
 1013 	24.7191   	-68.760803  
 1014 	24.7435   	-69.551392  
 1015 	24.7680   	-69.767029  
 1016 	24.7924   	-70.054504  
 1017 	24.8168   	-70.270142  
 1018 	24.8412   	-70.126404  
 1019 	24.8657   	-70.485779  
 1020 	24.8901   	-70.485779  
 1021 	24.9145   	-70.701416  
 1022 	24.9389   	-69.767029  
 1023 	24.9634   	-70.485779  
 1024 	24.9878   	-71.204529  
 1025 	25.0122   	-70.270142  
 1026 	25.0366   	-70.270142  
 1027 	25.0611   	-70.198303  
 1028 	25.0855   	-70.126404  
 1029 	25.1099   	-69.407654  
 1030 	25.1343   	-70.413879  
 1031 	25.1588   	-70.270142  
 1032 	25.1832   	-70.773254  
 1033 	25.2076   	-70.845154  
 1034 	25.2320   	-70.198303  
 1035 	25.2565   	-69.982666  
 1036 	25.2809   	-69.695129  
 1037 	25.3053   	-69.695129  
 1038 	25.3298   	-70.413879  
 1039 	25.3542   	-70.054504  
 1040 	25.3786   	-70.342041  
 1041 	25.4030   	-70.773254  
 1042 	25.4275   	-70.557678  
 1043 	25.4519   	-70.701416  
 1044 	25.4763   	-69.551392  
 1045 	25.5007   	-69.910767  
 1046 	25.5252   	-69.695129  
 1047 	25.5496   	-70.485779  
 1048 	25.5740   	-71.492004  
 1049 	25.5984   	-70.557678  
 1050 	25.6229   	-69.695129  
 1051 	25.6473   	-70.126404  
 1052 	25.6717   	-69.838928  
 1053 	25.6961   	-69.479553  
 1054 	25.7206   	-69.695129  
 1055 	25.7450   	-69.767029  
 1056 	25.7694   	-70.485779  
 1057 	25.7938   	-70.917053  
 1058 	25.8183   	-70.126404  
 1059 	25.8427   	-70.557678  
 1060 	25.8671   	-70.342041  
 1061 	25.8915   	-69.982666  
 1062 	25.9160   	-69.479553  
 1063 	25.9404   	-69.335754  
 1064 	25.9648   	-69.838928  
 1065 	25.9893   	-69.120178  
 1066 	26.0137   	-69.048279  
 1067 	26.0381   	-68.832642  
 1068 	26.0625   	-67.898254  
 1069 	26.0870   	-68.113892  
 1070 	26.1114   	-67.826416  
 1071 	26.1358   	-67.467041  
 1072 	26.1602   	-66.892029  
 1073 	26.1847   	-66.173279  
 1074 	26.2091   	-65.382629  
 1075 	26.2335   	-64.160767  
 1076 	26.2579   	-64.592041  
 1077 	26.2824   	-65.167053  
 1078 	26.3068   	-64.376404  
 1079 	26.3312   	-64.879517  
 1080 	26.3556   	-63.513916  
 1081 	26.3801   	-62.938904  
 1082 	26.4045   	-60.279541  
 1083 	26.4289   	-53.092037  
 1084 	26.4533   	-44.323303  
 1085 	26.4778   	-36.129517  
 1086 	26.5022   	-30.595152  
 1087 	26.5266   	-29.229551  
 1088 	26.5511   	-28.798279  
 1089 	26.5755   	-29.013916  
 1090 	26.5999   	-30.738890  
 1091 	26.6243   	-31.817017  
 1092 	26.6488   	-34.117004  
 1093 	26.6732   	-35.913879  
 1094 	26.6976   	-38.142029  
 1095 	26.7220   	-40.298279  
 1096 	26.7465   	-43.245178  
 1097 	26.7709   	-44.682678  
 1098 	26.7953   	-47.198299  
 1099 	26.8197   	-48.923279  
 1100 	26.8442   	-49.929501  
 1101 	26.8686   	-51.295162  
 1102 	26.8930   	-52.373291  
 1103 	26.9174   	-53.523254  
 1104 	26.9419   	-53.738888  
 1105 	26.9663   	-54.673279  
 1106 	26.9907   	-55.463928  
 1107 	27.0151   	-57.404541  
 1108 	27.0396   	-57.548279  
 1109 	27.0640   	-57.907654  
 1110 	27.0884   	-58.482666  
 1111 	27.1128   	-59.345154  
 1112 	27.1373   	-60.495178  
 1113 	27.1617   	-61.070129  
 1114 	27.1861   	-61.429504  
 1115 	27.2106   	-60.926392  
 1116 	27.2350   	-61.788879  
 1117 	27.2594   	-62.148251  
 1118 	27.2838   	-62.651424  
 1119 	27.3083   	-62.795166  
 1120 	27.3327   	-63.442017  
 1121 	27.3571   	-64.663879  
 1122 	27.3815   	-65.454529  
 1123 	27.4060   	-65.238892  
 1124 	27.4304   	-66.101379  
 1125 	27.4548   	-66.029541  
 1126 	27.4792   	-65.742004  
 1127 	27.5037   	-65.742004  
 1128 	27.5281   	-64.735779  
 1129 	27.5525   	-65.526428  
 1130 	27.5769   	-65.742004  
 1131 	27.6014   	-66.963928  
 1132 	27.6258   	-66.676392  
 1133 	27.6502   	-66.892029  
 1134 	27.6746   	-67.467041  
 1135 	27.6991   	-67.395142  
 1136 	27.7235   	-67.035767  
 1137 	27.7479   	-66.892029  
 1138 	27.7723   	-66.748291  
 1139 	27.7968   	-67.610779  
 1140 	27.8212   	-67.754517  
 1141 	27.8456   	-67.538879  
 1142 	27.8701   	-66.892029  
 1143 	27.8945   	-66.532654  
 1144 	27.9189   	-66.173279  
 1145 	27.9433   	-67.035767  
 1146 	27.9678   	-66.820129  
 1147 	27.9922   	-66.963928  
 1148 	28.0166   	-67.179504  
 1149 	28.0410   	-66.963928  
 1150 	28.0655   	-67.035767  
 1151 	28.0899   	-66.604553  
 1152 	28.1143   	-67.035767  
 1153 	28.1387   	-67.610779  
 1154 	28.1632   	-68.257629  
 1155 	28.1876   	-67.323303  
 1156 	28.2120   	-67.970154  
 1157 	28.2364   	-67.323303  
 1158 	28.2609   	-67.610779  
 1159 	28.2853   	-67.467041  
 1160 	28.3097   	-67.898254  
 1161 	28.3341   	-68.401428  
 1162 	28.3586   	-68.760803  
 1163 	28.3830   	-68.329529  
 1164 	28.4074   	-67.610779  
 1165 	28.4319   	-68.329529  
 1166 	28.4563   	-68.257629  
 1167 	28.4807   	-67.754517  
 1168 	28.5051   	-67.467041  
 1169 	28.5296   	-68.473267  
 1170 	28.5540   	-68.257629  
 1171 	28.5784   	-67.970154  
 1172 	28.6028   	-68.904541  
 1173 	28.6273   	-68.329529  
 1174 	28.6517   	-68.617004  
 1175 	28.6761   	-68.617004  
 1176 	28.7005   	-68.185791  
 1177 	28.7250   	-67.682678  
 1178 	28.7494   	-66.820129  
 1179 	28.7738   	-67.251404  
 1180 	28.7982   	-68.185791  
 1181 	28.8227   	-68.185791  
 1182 	28.8471   	-68.976379  
 1183 	28.8715   	-68.617004  
 1184 	28.8959   	-69.120178  
 1185 	28.9204   	-68.904541  
 1186 	28.9448   	-68.688904  
 1187 	28.9692   	-69.048279  
 1188 	28.9936   	-69.192017  
 1189 	29.0181   	-69.551392  
 1190 	29.0425   	-69.551392  
 1191 	29.0669   	-68.760803  
 1192 	29.0914   	-69.263916  
 1193 	29.1158   	-68.832642  
 1194 	29.1402   	-68.042053  
 1195 	29.1646   	-69.192017  
 1196 	29.1891   	-69.120178  
 1197 	29.2135   	-69.335754  
 1198 	29.2379   	-69.623291  
 1199 	29.2623   	-69.407654  
 1200 	29.2868   	-69.120178  
 1201 	29.3112   	-69.767029  
 1202 	29.3356   	-68.473267  
 1203 	29.3600   	-69.407654  
 1204 	29.3845   	-69.623291  
 1205 	29.4089   	-69.838928  
 1206 	29.4333   	-70.485779  
 1207 	29.4577   	-70.270142  
 1208 	29.4822   	-71.132629  
 1209 	29.5066   	-70.126404  
 1210 	29.5310   	-69.048279  
 1211 	29.5554   	-69.335754  
 1212 	29.5799   	-69.695129  
 1213 	29.6043   	-69.192017  
 1214 	29.6287   	-69.838928  
 1215 	29.6532   	-69.551392  
 1216 	29.6776   	-68.904541  
 1217 	29.7020   	-69.192017  
 1218 	29.7264   	-70.054504  
 1219 	29.7509   	-69.767029  
 1220 	29.7753   	-70.198303  
 1221 	29.7997   	-69.407654  
 1222 	29.8241   	-69.335754  
 1223 	29.8486   	-69.838928  
 1224 	29.8730   	-69.407654  
 1225 	29.8974   	-69.838928  
 1226 	29.9218   	-68.832642  
 1227 	29.9463   	-69.335754  
 1228 	29.9707   	-69.767029  
 1229 	29.9951   	-69.910767  
 1230 	30.0195   	-69.982666  
 1231 	30.0440   	-68.473267  
 1232 	30.0684   	-69.623291  
 1233 	30.0928   	-68.832642  
 1234 	30.1172   	-70.198303  
 1235 	30.1417   	-69.048279  
 1236 	30.1661   	-68.473267  
 1237 	30.1905   	-68.617004  
 1238 	30.2149   	-69.048279  
 1239 	30.2394   	-69.910767  
 1240 	30.2638   	-69.623291  
 1241 	30.2882   	-69.623291  
 1242 	30.3127   	-69.335754  
 1243 	30.3371   	-70.126404  
 1244 	30.3615   	-70.270142  
 1245 	30.3859   	-70.342041  
 1246 	30.4104   	-71.563904  
 1247 	30.4348   	-70.054504  
 1248 	30.4592   	-70.413879  
 1249 	30.4836   	-70.198303  
 1250 	30.5081   	-69.767029  
 1251 	30.5325   	-70.557678  
 1252 	30.5569   	-69.695129  
 1253 	30.5813   	-69.048279  
 1254 	30.6058   	-68.688904  
 1255 	30.6302   	-68.545166  
 1256 	30.6546   	-68.688904  
 1257 	30.6790   	-69.767029  
 1258 	30.7035   	-69.838928  
 1259 	30.7279   	-69.838928  
 1260 	30.7523   	-70.198303  
 1261 	30.7767   	-70.773254  
 1262 	30.8012   	-71.132629  
 1263 	30.8256   	-70.701416  
 1264 	30.8500   	-70.413879  
 1265 	30.8745   	-70.988892  
 1266 	30.8989   	-70.413879  
 1267 	30.9233   	-70.557678  
 1268 	30.9477   	-71.420166  
 1269 	30.9722   	-70.629517  
 1270 	30.9966   	-70.773254  
 1271 	31.0210   	-69.910767  
 1272 	31.0454   	-69.838928  
 1273 	31.0699   	-69.335754  
 1274 	31.0943   	-70.413879  
 1275 	31.1187   	-69.982666  
 1276 	31.1431   	-70.701416  
 1277 	31.1676   	-70.701416  
 1278 	31.1920   	-70.342041  
 1279 	31.2164   	-70.198303  
 1280 	31.2408   	-69.695129  
 1281 	31.2653   	-69.263916  
 1282 	31.2897   	-69.695129  
 1283 	31.3141   	-68.185791  
 1284 	31.3385   	-69.335754  
 1285 	31.3630   	-68.617004  
 1286 	31.3874   	-68.401428  
 1287 	31.4118   	-69.192017  
 1288 	31.4362   	-69.192017  
 1289 	31.4607   	-69.335754  
 1290 	31.4851   	-69.479553  
 1291 	31.5095   	-69.335754  
 1292 	31.5340   	-69.263916  
 1293 	31.5584   	-68.832642  
 1294 	31.5828   	-68.257629  
 1295 	31.6072   	-69.192017  
 1296 	31.6317   	-70.701416  
 1297 	31.6561   	-70.413879  
 1298 	31.6805   	-69.263916  
 1299 	31.7049   	-69.767029  
 1300 	31.7294   	-69.910767  
 1301 	31.7538   	-70.270142  
 1302 	31.7782   	-69.982666  
 1303 	31.8026   	-70.054504  
 1304 	31.8271   	-69.192017  
 1305 	31.8515   	-70.198303  
 1306 	31.8759   	-70.629517  
 1307 	31.9003   	-70.629517  
 1308 	31.9248   	-70.342041  
 1309 	31.9492   	-69.838928  
 1310 	31.9736   	-69.623291  
 1311 	31.9980   	-69.192017  
 1312 	32.0225   	-69.623291  
 1313 	32.0469   	-68.688904  
 1314 	32.0713   	-69.695129  
 1315 	32.0957   	-69.982666  
 1316 	32.1202   	-69.910767  
 1317 	32.1446   	-69.767029  
 1318 	32.1690   	-70.342041  
 1319 	32.1935   	-70.126404  
 1320 	32.2179   	-69.838928  
 1321 	32.2423   	-70.270142  
 1322 	32.2667   	-71.204529  
 1323 	32.2912   	-70.557678  
 1324 	32.3156   	-69.982666  
 1325 	32.3400   	-70.342041  
 1326 	32.3644   	-70.485779  
 1327 	32.3889   	-70.485779  
 1328 	32.4133   	-69.838928  
 1329 	32.4377   	-69.838928  
 1330 	32.4621   	-70.270142  
 1331 	32.4866   	-69.407654  
 1332 	32.5110   	-69.263916  
 1333 	32.5354   	-70.054504  
 1334 	32.5598   	-69.192017  
 1335 	32.5843   	-69.263916  
 1336 	32.6087   	-70.198303  
 1337 	32.6331   	-69.551392  
 1338 	32.6575   	-69.910767  
 1339 	32.6820   	-69.910767  
 1340 	32.7064   	-69.695129  
 1341 	32.7308   	-69.982666  
 1342 	32.7553   	-70.773254  
 1343 	32.7797   	-70.629517  
 1344 	32.8041   	-69.767029  
 1345 	32.8285   	-69.767029  
 1346 	32.8530   	-70.126404  
 1347 	32.8774   	-69.982666  
 1348 	32.9018   	-69.910767  
 1349 	32.9262   	-70.485779  
 1350 	32.9507   	-70.198303  
 1351 	32.9751   	-70.198303  
 1352 	32.9995   	-70.413879  
 1353 	33.0239   	-70.413879  
 1354 	33.0484   	-69.623291  
 1355 	33.0728   	-69.838928  
 1356 	33.0972   	-70.773254  
 1357 	33.1216   	-70.773254  
 1358 	33.1461   	-71.348267  
 1359 	33.1705   	-70.485779  
 1360 	33.1949   	-70.485779  
 1361 	33.2193   	-69.767029  
 1362 	33.2438   	-70.485779  
 1363 	33.2682   	-70.342041  
 1364 	33.2926   	-70.413879  
 1365 	33.3170   	-70.126404  
 1366 	33.3415   	-69.838928  
 1367 	33.3659   	-70.054504  
 1368 	33.3903   	-70.198303  
 1369 	33.4148   	-69.695129  
 1370 	33.4392   	-69.838928  
 1371 	33.4636   	-70.126404  
 1372 	33.4880   	-69.910767  
 1373 	33.5125   	-70.054504  
 1374 	33.5369   	-69.910767  
 1375 	33.5613   	-70.198303  
 1376 	33.5857   	-70.988892  
 1377 	33.6102   	-69.838928  
 1378 	33.6346   	-69.479553  
 1379 	33.6590   	-69.120178  
 1380 	33.6834   	-69.551392  
 1381 	33.7079   	-69.623291  
 1382 	33.7323   	-69.767029  
 1383 	33.7567   	-69.407654  
 1384 	33.7811   	-69.551392  
 1385 	33.8056   	-70.342041  
 1386 	33.8300   	-69.910767  
 1387 	33.8544   	-69.767029  
 1388 	33.8788   	-70.270142  
 1389 	33.9033   	-69.263916  
 1390 	33.9277   	-70.198303  
 1391 	33.9521   	-70.485779  
 1392 	33.9766   	-70.054504  
 1393 	34.0010   	-70.845154  
 1394 	34.0254   	-70.629517  
 1395 	34.0498   	-70.054504  
 1396 	34.0743   	-70.126404  
 1397 	34.0987   	-70.198303  
 1398 	34.1231   	-69.910767  
 1399 	34.1475   	-70.701416  
 1400 	34.1720   	-69.982666  
 1401 	34.1964   	-69.910767  
 1402 	34.2208   	-69.263916  
 1403 	34.2452   	-70.198303  
 1404 	34.2697   	-70.557678  
 1405 	34.2941   	-70.054504  
 1406 	34.3185   	-71.492004  
 1407 	34.3429   	-70.988892  
 1408 	34.3674   	-71.132629  
 1409 	34.3918   	-71.204529  
 1410 	34.4162   	-70.917053  
 1411 	34.4406   	-70.988892  
 1412 	34.4651   	-71.060791  
 1413 	34.4895   	-70.988892  
 1414 	34.5139   	-71.420166  
 1415 	34.5383   	-71.348267  
 1416 	34.5628   	-70.557678  
 1417 	34.5872   	-69.838928  
 1418 	34.6116   	-70.126404  
 1419 	34.6361   	-69.767029  
 1420 	34.6605   	-69.695129  
 1421 	34.6849   	-69.192017  
 1422 	34.7093   	-69.838928  
 1423 	34.7338   	-70.054504  
 1424 	34.7582   	-69.838928  
 1425 	34.7826   	-70.557678  
 1426 	34.8070   	-70.917053  
 1427 	34.8315   	-69.695129  
 1428 	34.8559   	-69.192017  
 1429 	34.8803   	-68.904541  
 1430 	34.9047   	-70.198303  
 1431 	34.9292   	-69.335754  
 1432 	34.9536   	-71.060791  
 1433 	34.9780   	-71.420166  
 1434 	35.0024   	-72.354553  
 1435 	35.0269   	-71.635803  
 1436 	35.0513   	-71.635803  
 1437 	35.0757   	-71.851379  
 1438 	35.1001   	-71.348267  
 1439 	35.1246   	-70.485779  
 1440 	35.1490   	-70.270142  
 1441 	35.1734   	-70.485779  
 1442 	35.1979   	-70.988892  
 1443 	35.2223   	-70.126404  
 1444 	35.2467   	-69.695129  
 1445 	35.2711   	-70.629517  
 1446 	35.2956   	-70.988892  
 1447 	35.3200   	-70.773254  
 1448 	35.3444   	-70.270142  
 1449 	35.3688   	-71.492004  
 1450 	35.3933   	-70.342041  
 1451 	35.4177   	-69.623291  
 1452 	35.4421   	-69.767029  
 1453 	35.4665   	-69.623291  
 1454 	35.4910   	-69.767029  
 1455 	35.5154   	-69.479553  
 1456 	35.5398   	-69.551392  
 1457 	35.5642   	-70.413879  
 1458 	35.5887   	-69.982666  
 1459 	35.6131   	-69.551392  
 1460 	35.6375   	-70.126404  
 1461 	35.6619   	-69.982666  
 1462 	35.6864   	-70.054504  
 1463 	35.7108   	-70.413879  
 1464 	35.7352   	-71.204529  
 1465 	35.7596   	-69.982666  
 1466 	35.7841   	-70.198303  
 1467 	35.8085   	-70.485779  
 1468 	35.8329   	-70.701416  
 1469 	35.8574   	-70.342041  
 1470 	35.8818   	-71.060791  
 1471 	35.9062   	-71.060791  
 1472 	35.9306   	-71.492004  
 1473 	35.9551   	-71.348267  
 1474 	35.9795   	-71.204529  
 1475 	36.0039   	-70.198303  
 1476 	36.0283   	-70.557678  
 1477 	36.0528   	-70.701416  
 1478 	36.0772   	-70.557678  
 1479 	36.1016   	-70.342041  
 1480 	36.1260   	-70.270142  
 1481 	36.1505   	-69.910767  
 1482 	36.1749   	-70.485779  
 1483 	36.1993   	-71.420166  
 1484 	36.2237   	-70.126404  
 1485 	36.2482   	-71.204529  
 1486 	36.2726   	-70.917053  
 1487 	36.2970   	-70.054504  
 1488 	36.3214   	-70.270142  
 1489 	36.3459   	-70.701416  
 1490 	36.3703   	-71.348267  
 1491 	36.3947   	-71.851379  
 1492 	36.4191   	-71.204529  
 1493 	36.4436   	-71.492004  
 1494 	36.4680   	-70.988892  
 1495 	36.4924   	-70.629517  
 1496 	36.5169   	-70.270142  
 1497 	36.5413   	-70.126404  
 1498 	36.5657   	-68.904541  
 1499 	36.5901   	-69.623291  
 1500 	36.6146   	-70.342041  
 1501 	36.6390   	-70.270142  
 1502 	36.6634   	-69.623291  
 1503 	36.6878   	-69.479553  
 1504 	36.7123   	-69.695129  
 1505 	36.7367   	-69.767029  
 1506 	36.7611   	-69.910767  
 1507 	36.7855   	-69.982666  
 1508 	36.8100   	-70.342041  
 1509 	36.8344   	-70.845154  
 1510 	36.8588   	-70.342041  
 1511 	36.8832   	-69.767029  
 1512 	36.9077   	-69.551392  
 1513 	36.9321   	-69.407654  
 1514 	36.9565   	-69.767029  
 1515 	36.9809   	-70.198303  
 1516 	37.0054   	-70.198303  
 1517 	37.0298   	-70.845154  
 1518 	37.0542   	-69.623291  
 1519 	37.0787   	-70.126404  
 1520 	37.1031   	-69.695129  
 1521 	37.1275   	-68.688904  
 1522 	37.1519   	-70.126404  
 1523 	37.1764   	-70.270142  
 1524 	37.2008   	-70.988892  
 1525 	37.2252   	-70.270142  
 1526 	37.2496   	-69.910767  
 1527 	37.2741   	-70.485779  
 1528 	37.2985   	-70.701416  
 1529 	37.3229   	-71.276428  
 1530 	37.3473   	-70.198303  
 1531 	37.3718   	-69.407654  
 1532 	37.3962   	-69.407654  
 1533 	37.4206   	-69.407654  
 1534 	37.4450   	-70.126404  
 1535 	37.4695   	-70.198303  
 1536 	37.4939   	-70.270142  
 1537 	37.5183   	-70.773254  
 1538 	37.5427   	-69.838928  
 1539 	37.5672   	-70.701416  
 1540 	37.5916   	-70.198303  
 1541 	37.6160   	-70.342041  
 1542 	37.6404   	-70.773254  
 1543 	37.6649   	-70.917053  
 1544 	37.6893   	-71.635803  
 1545 	37.7137   	-70.917053  
 1546 	37.7382   	-70.342041  
 1547 	37.7626   	-71.276428  
 1548 	37.7870   	-71.563904  
 1549 	37.8114   	-71.132629  
 1550 	37.8359   	-70.629517  
 1551 	37.8603   	-70.270142  
 1552 	37.8847   	-69.551392  
 1553 	37.9091   	-68.617004  
 1554 	37.9336   	-69.479553  
 1555 	37.9580   	-69.479553  
 1556 	37.9824   	-69.407654  
 1557 	38.0068   	-69.335754  
 1558 	38.0313   	-70.557678  
 1559 	38.0557   	-69.982666  
 1560 	38.0801   	-69.120178  
 1561 	38.1045   	-70.270142  
 1562 	38.1290   	-69.982666  
 1563 	38.1534   	-70.557678  
 1564 	38.1778   	-70.198303  
 1565 	38.2022   	-70.557678  
 1566 	38.2267   	-70.773254  
 1567 	38.2511   	-70.701416  
 1568 	38.2755   	-70.413879  
 1569 	38.3000   	-70.054504  
 1570 	38.3244   	-69.551392  
 1571 	38.3488   	-69.767029  
 1572 	38.3732   	-68.832642  
 1573 	38.3977   	-69.767029  
 1574 	38.4221   	-70.270142  
 1575 	38.4465   	-70.917053  
 1576 	38.4709   	-70.485779  
 1577 	38.4954   	-70.485779  
 1578 	38.5198   	-69.623291  
 1579 	38.5442   	-69.623291  
 1580 	38.5686   	-70.701416  
 1581 	38.5931   	-70.845154  
 1582 	38.6175   	-70.557678  
 1583 	38.6419   	-71.204529  
 1584 	38.6663   	-70.342041  
 1585 	38.6908   	-70.557678  
 1586 	38.7152   	-70.413879  
 1587 	38.7396   	-70.270142  
 1588 	38.7640   	-69.263916  
 1589 	38.7885   	-69.623291  
 1590 	38.8129   	-69.048279  
 1591 	38.8373   	-69.838928  
 1592 	38.8617   	-69.767029  
 1593 	38.8862   	-70.126404  
 1594 	38.9106   	-70.342041  
 1595 	38.9350   	-70.342041  
 1596 	38.9595   	-70.701416  
 1597 	38.9839   	-68.976379  
 1598 	39.0083   	-70.342041  
 1599 	39.0327   	-70.198303  
 1600 	39.0572   	-70.773254  
 1601 	39.0816   	-70.845154  
 1602 	39.1060   	-70.198303  
 1603 	39.1304   	-70.988892  
 1604 	39.1549   	-71.060791  
 1605 	39.1793   	-70.845154  
 1606 	39.2037   	-69.910767  
 1607 	39.2281   	-71.132629  
 1608 	39.2526   	-71.060791  
 1609 	39.2770   	-70.198303  
 1610 	39.3014   	-70.485779  
 1611 	39.3258   	-70.845154  
 1612 	39.3503   	-71.348267  
 1613 	39.3747   	-71.276428  
 1614 	39.3991   	-70.629517  
 1615 	39.4235   	-70.629517  
 1616 	39.4480   	-70.126404  
 1617 	39.4724   	-70.342041  
 1618 	39.4968   	-69.623291  
 1619 	39.5213   	-70.054504  
 1620 	39.5457   	-69.623291  
 1621 	39.5701   	-69.048279  
 1622 	39.5945   	-69.910767  
 1623 	39.6190   	-69.982666  
 1624 	39.6434   	-69.838928  
 1625 	39.6678   	-70.198303  
 1626 	39.6922   	-70.054504  
 1627 	39.7167   	-69.120178  
 1628 	39.7411   	-70.198303  
 1629 	39.7655   	-69.982666  
 1630 	39.7899   	-70.054504  
 1631 	39.8144   	-69.767029  
 1632 	39.8388   	-68.832642  
 1633 	39.8632   	-69.192017  
 1634 	39.8876   	-69.838928  
 1635 	39.9121   	-68.832642  
 1636 	39.9365   	-68.832642  
 1637 	39.9609   	-70.342041  
 1638 	39.9853   	-70.198303  
 1639 	40.0098   	-70.342041  
 1640 	40.0342   	-70.126404  
 1641 	40.0586   	-69.910767  
 1642 	40.0830   	-69.192017  
 1643 	40.1075   	-69.479553  
 1644 	40.1319   	-69.120178  
 1645 	40.1563   	-70.054504  
 1646 	40.1808   	-70.198303  
 1647 	40.2052   	-70.629517  
 1648 	40.2296   	-70.988892  
 1649 	40.2540   	-70.701416  
 1650 	40.2785   	-70.485779  
 1651 	40.3029   	-70.126404  
 1652 	40.3273   	-69.551392  
 1653 	40.3517   	-70.198303  
 1654 	40.3762   	-70.413879  
 1655 	40.4006   	-70.342041  
 1656 	40.4250   	-70.054504  
 1657 	40.4494   	-70.126404  
 1658 	40.4739   	-69.623291  
 1659 	40.4983   	-69.192017  
 1660 	40.5227   	-69.407654  
 1661 	40.5471   	-69.551392  
 1662 	40.5716   	-69.982666  
 1663 	40.5960   	-69.407654  
 1664 	40.6204   	-68.976379  
 1665 	40.6448   	-69.838928  
 1666 	40.6693   	-70.126404  
 1667 	40.6937   	-70.342041  
 1668 	40.7181   	-69.335754  
 1669 	40.7425   	-69.695129  
 1670 	40.7670   	-69.120178  
 1671 	40.7914   	-70.557678  
 1672 	40.8158   	-69.551392  
 1673 	40.8403   	-69.695129  
 1674 	40.8647   	-69.838928  
 1675 	40.8891   	-70.126404  
 1676 	40.9135   	-70.198303  
 1677 	40.9380   	-69.838928  
 1678 	40.9624   	-70.198303  
 1679 	40.9868   	-70.485779  
 1680 	41.0112   	-70.270142  
 1681 	41.0357   	-69.982666  
 1682 	41.0601   	-69.767029  
 1683 	41.0845   	-70.126404  
 1684 	41.1089   	-69.479553  
 1685 	41.1334   	-69.479553  
 1686 	41.1578   	-69.048279  
 1687 	41.1822   	-69.838928  
 1688 	41.2066   	-69.910767  
 1689 	41.2311   	-70.054504  
 1690 	41.2555   	-70.054504  
 1691 	41.2799   	-70.198303  
 1692 	41.3043   	-70.270142  
 1693 	41.3288   	-70.342041  
 1694 	41.3532   	-69.479553  
 1695 	41.3776   	-69.263916  
 1696 	41.4021   	-69.910767  
 1697 	41.4265   	-70.270142  
 1698 	41.4509   	-70.270142  
 1699 	41.4753   	-69.982666  
 1700 	41.4998   	-70.054504  
 1701 	41.5242   	-69.623291  
 1702 	41.5486   	-70.054504  
 1703 	41.5730   	-70.126404  
 1704 	41.5975   	-70.054504  
 1705 	41.6219   	-70.773254  
 1706 	41.6463   	-69.838928  
 1707 	41.6707   	-70.773254  
 1708 	41.6952   	-70.054504  
 1709 	41.7196   	-70.270142  
 1710 	41.7440   	-70.701416  
 1711 	41.7684   	-70.629517  
 1712 	41.7929   	-70.413879  
 1713 	41.8173   	-69.767029  
 1714 	41.8417   	-68.976379  
 1715 	41.8661   	-69.551392  
 1716 	41.8906   	-69.479553  
 1717 	41.9150   	-69.910767  
 1718 	41.9394   	-69.982666  
 1719 	41.9638   	-69.335754  
 1720 	41.9883   	-69.192017  
 1721 	42.0127   	-69.910767  
 1722 	42.0371   	-70.342041  
 1723 	42.0616   	-71.132629  
 1724 	42.0860   	-70.701416  
 1725 	42.1104   	-70.342041  
 1726 	42.1348   	-70.845154  
 1727 	42.1593   	-70.270142  
 1728 	42.1837   	-69.910767  
 1729 	42.2081   	-70.270142  
 1730 	42.2325   	-70.557678  
 1731 	42.2570   	-69.767029  
 1732 	42.2814   	-70.485779  
 1733 	42.3058   	-69.623291  
 1734 	42.3302   	-69.767029  
 1735 	42.3547   	-70.270142  
 1736 	42.3791   	-70.198303  
 1737 	42.4035   	-70.629517  
 1738 	42.4279   	-70.270142  
 1739 	42.4524   	-69.192017  
 1740 	42.4768   	-70.126404  
 1741 	42.5012   	-69.335754  
 1742 	42.5256   	-70.270142  
 1743 	42.5501   	-68.760803  
 1744 	42.5745   	-68.760803  
 1745 	42.5989   	-69.048279  
 1746 	42.6234   	-69.120178  
 1747 	42.6478   	-69.623291  
 1748 	42.6722   	-69.623291  
 1749 	42.6966   	-69.407654  
 1750 	42.7211   	-68.832642  
 1751 	42.7455   	-69.407654  
 1752 	42.7699   	-68.688904  
 1753 	42.7943   	-70.054504  
 1754 	42.8188   	-69.910767  
 1755 	42.8432   	-69.335754  
 1756 	42.8676   	-69.767029  
 1757 	42.8920   	-69.407654  
 1758 	42.9165   	-70.557678  
 1759 	42.9409   	-70.270142  
 1760 	42.9653   	-71.060791  
 1761 	42.9897   	-70.413879  
 1762 	43.0142   	-70.629517  
 1763 	43.0386   	-70.270142  
 1764 	43.0630   	-69.551392  
 1765 	43.0874   	-69.120178  
 1766 	43.1119   	-69.479553  
 1767 	43.1363   	-68.760803  
 1768 	43.1607   	-69.910767  
 1769 	43.1851   	-70.126404  
 1770 	43.2096   	-70.270142  
 1771 	43.2340   	-70.557678  
 1772 	43.2584   	-70.917053  
 1773 	43.2829   	-71.132629  
 1774 	43.3073   	-70.557678  
 1775 	43.3317   	-70.342041  
 1776 	43.3561   	-70.845154  
 1777 	43.3806   	-70.701416  
 1778 	43.4050   	-70.342041  
 1779 	43.4294   	-69.838928  
 1780 	43.4538   	-69.838928  
 1781 	43.4783   	-70.270142  
 1782 	43.5027   	-69.335754  
 1783 	43.5271   	-69.838928  
 1784 	43.5515   	-69.910767  
 1785 	43.5760   	-70.557678  
 1786 	43.6004   	-69.910767  
 1787 	43.6248   	-70.054504  
 1788 	43.6492   	-70.413879  
 1789 	43.6737   	-70.845154  
 1790 	43.6981   	-70.198303  
 1791 	43.7225   	-69.767029  
 1792 	43.7469   	-69.048279  
 1793 	43.7714   	-70.413879  
 1794 	43.7958   	-70.342041  
 1795 	43.8202   	-69.695129  
 1796 	43.8447   	-70.054504  
 1797 	43.8691   	-69.048279  
 1798 	43.8935   	-69.263916  
 1799 	43.9179   	-69.048279  
 1800 	43.9424   	-70.126404  
 1801 	43.9668   	-70.054504  
 1802 	43.9912   	-70.342041  
 1803 	44.0156   	-69.551392  
 1804 	44.0401   	-69.335754  
 1805 	44.0645   	-69.623291  
 1806 	44.0889   	-69.407654  
 1807 	44.1133   	-68.617004  
 1808 	44.1378   	-69.048279  
 1809 	44.1622   	-69.407654  
 1810 	44.1866   	-69.623291  
 1811 	44.2110   	-69.623291  
 1812 	44.2355   	-69.767029  
 1813 	44.2599   	-69.551392  
 1814 	44.2843   	-70.988892  
 1815 	44.3087   	-71.060791  
 1816 	44.3332   	-70.988892  
 1817 	44.3576   	-70.485779  
 1818 	44.3820   	-70.054504  
 1819 	44.4064   	-69.695129  
 1820 	44.4309   	-69.407654  
 1821 	44.4553   	-69.695129  
 1822 	44.4797   	-70.054504  
 1823 	44.5042   	-69.767029  
 1824 	44.5286   	-69.335754  
 1825 	44.5530   	-69.767029  
 1826 	44.5774   	-69.910767  
 1827 	44.6019   	-70.485779  
 1828 	44.6263   	-69.910767  
 1829 	44.6507   	-70.270142  
 1830 	44.6751   	-70.557678  
 1831 	44.6996   	-70.845154  
 1832 	44.7240   	-71.132629  
 1833 	44.7484   	-70.557678  
 1834 	44.7728   	-69.982666  
 1835 	44.7973   	-70.773254  
 1836 	44.8217   	-70.629517  
 1837 	44.8461   	-70.557678  
 1838 	44.8705   	-68.760803  
 1839 	44.8950   	-70.701416  
 1840 	44.9194   	-71.132629  
 1841 	44.9438   	-70.917053  
 1842 	44.9682   	-70.773254  
 1843 	44.9927   	-70.413879  
 1844 	45.0171   	-71.132629  
 1845 	45.0415   	-71.348267  
 1846 	45.0659   	-70.629517  
 1847 	45.0904   	-70.485779  
 1848 	45.1148   	-70.557678  
 1849 	45.1392   	-69.623291  
 1850 	45.1637   	-71.204529  
 1851 	45.1881   	-70.773254  
 1852 	45.2125   	-71.132629  
 1853 	45.2369   	-70.845154  
 1854 	45.2614   	-70.054504  
 1855 	45.2858   	-70.270142  
 1856 	45.3102   	-70.773254  
 1857 	45.3346   	-71.132629  
 1858 	45.3591   	-70.701416  
 1859 	45.3835   	-70.270142  
 1860 	45.4079   	-71.204529  
 1861 	45.4323   	-69.263916  
 1862 	45.4568   	-70.198303  
 1863 	45.4812   	-69.838928  
 1864 	45.5056   	-70.342041  
 1865 	45.5300   	-70.557678  
 1866 	45.5545   	-70.270142  
 1867 	45.5789   	-69.982666  
 1868 	45.6033   	-70.845154  
 1869 	45.6277   	-70.917053  
 1870 	45.6522   	-70.270142  
 1871 	45.6766   	-70.629517  
 1872 	45.7010   	-70.485779  
 1873 	45.7255   	-70.342041  
 1874 	45.7499   	-70.773254  
 1875 	45.7743   	-70.126404  
 1876 	45.7987   	-70.126404  
 1877 	45.8232   	-69.551392  
 1878 	45.8476   	-69.551392  
 1879 	45.8720   	-70.342041  
 1880 	45.8964   	-70.629517  
 1881 	45.9209   	-69.479553  
 1882 	45.9453   	-69.551392  
 1883 	45.9697   	-69.982666  
 1884 	45.9941   	-70.342041  
 1885 	46.0186   	-70.773254  
 1886 	46.0430   	-70.773254  
 1887 	46.0674   	-70.845154  
 1888 	46.0918   	-70.988892  
 1889 	46.1163   	-70.629517  
 1890 	46.1407   	-70.054504  
 1891 	46.1651   	-70.917053  
 1892 	46.1895   	-70.845154  
 1893 	46.2140   	-69.982666  
 1894 	46.2384   	-69.623291  
 1895 	46.2628   	-70.054504  
 1896 	46.2872   	-70.126404  
 1897 	46.3117   	-69.982666  
 1898 	46.3361   	-69.695129  
 1899 	46.3605   	-69.335754  
 1900 	46.3850   	-68.832642  
 1901 	46.4094   	-69.551392  
 1902 	46.4338   	-69.838928  
 1903 	46.4582   	-69.551392  
 1904 	46.4827   	-69.263916  
 1905 	46.5071   	-70.126404  
 1906 	46.5315   	-69.838928  
 1907 	46.5559   	-70.413879  
 1908 	46.5804   	-70.557678  
 1909 	46.6048   	-69.910767  
 1910 	46.6292   	-70.342041  
 1911 	46.6536   	-70.126404  
 1912 	46.6781   	-70.270142  
 1913 	46.7025   	-70.270142  
 1914 	46.7269   	-70.773254  
 1915 	46.7513   	-70.701416  
 1916 	46.7758   	-70.557678  
 1917 	46.8002   	-70.413879  
 1918 	46.8246   	-70.413879  
 1919 	46.8490   	-69.767029  
 1920 	46.8735   	-70.126404  
 1921 	46.8979   	-69.623291  
 1922 	46.9223   	-69.120178  
 1923 	46.9468   	-69.623291  
 1924 	46.9712   	-68.904541  
 1925 	46.9956   	-68.760803  
 1926 	47.0200   	-68.545166  
 1927 	47.0445   	-68.113892  
 1928 	47.0689   	-68.401428  
 1929 	47.0933   	-69.695129  
 1930 	47.1177   	-69.551392  
 1931 	47.1422   	-69.192017  
 1932 	47.1666   	-69.048279  
 1933 	47.1910   	-68.113892  
 1934 	47.2154   	-68.473267  
 1935 	47.2399   	-68.329529  
 1936 	47.2643   	-67.754517  
 1937 	47.2887   	-67.610779  
 1938 	47.3131   	-68.329529  
 1939 	47.3376   	-68.329529  
 1940 	47.3620   	-67.898254  
 1941 	47.3864   	-68.185791  
 1942 	47.4108   	-68.617004  
 1943 	47.4353   	-69.120178  
 1944 	47.4597   	-68.545166  
 1945 	47.4841   	-68.976379  
 1946 	47.5085   	-69.192017  
 1947 	47.5330   	-69.623291  
 1948 	47.5574   	-69.623291  
 1949 	47.5818   	-69.263916  
 1950 	47.6063   	-68.904541  
 1951 	47.6307   	-69.623291  
 1952 	47.6551   	-69.838928  
 1953 	47.6795   	-70.773254  
 1954 	47.7040   	-69.982666  
 1955 	47.7284   	-70.557678  
 1956 	47.7528   	-69.767029  
 1957 	47.7772   	-69.695129  
 1958 	47.8017   	-70.126404  
 1959 	47.8261   	-70.126404  
 1960 	47.8505   	-68.904541  
 1961 	47.8749   	-69.192017  
 1962 	47.8994   	-69.263916  
 1963 	47.9238   	-69.767029  
 1964 	47.9482   	-69.048279  
 1965 	47.9726   	-68.976379  
 1966 	47.9971   	-69.335754  
 1967 	48.0215   	-69.551392  
 1968 	48.0459   	-69.479553  
 1969 	48.0703   	-68.545166  
 1970 	48.0948   	-69.263916  
 1971 	48.1192   	-69.048279  
 1972 	48.1436   	-69.192017  
 1973 	48.1681   	-69.263916  
 1974 	48.1925   	-68.832642  
 1975 	48.2169   	-68.832642  
 1976 	48.2413   	-68.401428  
 1977 	48.2658   	-69.335754  
 1978 	48.2902   	-69.695129  
 1979 	48.3146   	-69.695129  
 1980 	48.3390   	-69.120178  
 1981 	48.3635   	-69.982666  
 1982 	48.3879   	-69.838928  
 1983 	48.4123   	-69.767029  
 1984 	48.4367   	-69.048279  
 1985 	48.4612   	-69.335754  
 1986 	48.4856   	-70.126404  
 1987 	48.5100   	-69.192017  
 1988 	48.5344   	-69.192017  
 1989 	48.5589   	-69.048279  
 1990 	48.5833   	-68.832642  
 1991 	48.6077   	-69.551392  
 1992 	48.6321   	-68.904541  
 1993 	48.6566   	-69.192017  
 1994 	48.6810   	-69.479553  
 1995 	48.7054   	-68.832642  
 1996 	48.7298   	-70.342041  
 1997 	48.7543   	-69.551392  
 1998 	48.7787   	-69.192017  
 1999 	48.8031   	-69.335754  
 2000 	48.8276   	-69.407654  
 2001 	48.8520   	-69.551392  
 2002 	48.8764   	-69.982666  
 2003 	48.9008   	-70.126404  
 2004 	48.9253   	-69.910767  
 2005 	48.9497   	-70.845154  
 2006 	48.9741   	-70.629517  
 2007 	48.9985   	-70.198303  
 2008 	49.0230   	-70.126404  
 2009 	49.0474   	-69.407654  
 2010 	49.0718   	-68.688904  
 2011 	49.0962   	-69.192017  
 2012 	49.1207   	-70.629517  
 2013 	49.1451   	-71.276428  
 2014 	49.1695   	-70.845154  
 2015 	49.1939   	-71.060791  
 2016 	49.2184   	-71.132629  
 2017 	49.2428   	-70.988892  
 2018 	49.2672   	-70.270142  
 2019 	49.2916   	-70.126404  
 2020 	49.3161   	-71.060791  
 2021 	49.3405   	-70.629517  
 2022 	49.3649   	-70.485779  
 2023 	49.3893   	-70.629517  
 2024 	49.4138   	-70.198303  
 2025 	49.4382   	-69.910767  
 2026 	49.4626   	-69.407654  
 2027 	49.4871   	-69.120178  
 2028 	49.5115   	-69.479553  
 2029 	49.5359   	-68.617004  
 2030 	49.5603   	-69.479553  
 2031 	49.5848   	-69.192017  
 2032 	49.6092   	-70.629517  
 2033 	49.6336   	-69.982666  
 2034 	49.6580   	-70.773254  
 2035 	49.6825   	-71.276428  
 2036 	49.7069   	-70.629517  
 2037 	49.7313   	-70.413879  
 2038 	49.7557   	-70.557678  
 2039 	49.7802   	-70.270142  
 2040 	49.8046   	-71.060791  
 2041 	49.8290   	-70.773254  
 2042 	49.8534   	-69.982666  
 2043 	49.8779   	-69.982666  
 2044 	49.9023   	-69.767029  
 2045 	49.9267   	-70.701416  
 2046 	49.9511   	-69.982666  
 2047 	49.9756   	-70.845154  
 2048 	50.0000   	-70.198303  

