
 1    	0.0000    	-0.684204   
 2    	0.0244    	-1.402954   
 3    	0.0489    	-1.331116   
 4    	0.0733    	-1.474854   
 5    	0.0977    	-1.474854   
 6    	0.1221    	-1.402954   
 7    	0.1466    	-1.546753   
 8    	0.1710    	-1.762329   
 9    	0.1954    	-2.121704   
 10   	0.2198    	-1.834229   
 11   	0.2443    	-1.906128   
 12   	0.2687    	-1.906128   
 13   	0.2931    	-1.618591   
 14   	0.3175    	-1.834229   
 15   	0.3420    	-1.402954   
 16   	0.3664    	-1.259216   
 17   	0.3908    	-1.834229   
 18   	0.4152    	-1.546753   
 19   	0.4397    	-2.481079   
 20   	0.4641    	-2.337341   
 21   	0.4885    	-2.552979   
 22   	0.5129    	-1.546753   
 23   	0.5374    	-2.912354   
 24   	0.5618    	-2.840454   
 25   	0.5862    	-2.337341   
 26   	0.6106    	-1.977966   
 27   	0.6351    	-2.193604   
 28   	0.6595    	-2.121704   
 29   	0.6839    	-1.762329   
 30   	0.7084    	-2.840454   
 31   	0.7328    	-1.977966   
 32   	0.7572    	-2.912354   
 33   	0.7816    	-3.271729   
 34   	0.8061    	-3.343628   
 35   	0.8305    	-1.906128   
 36   	0.8549    	-3.056091   
 37   	0.8793    	-2.265503   
 38   	0.9038    	-2.265503   
 39   	0.9282    	-1.906128   
 40   	0.9526    	-1.331116   
 41   	0.9770    	-2.481079   
 42   	1.0015    	-1.762329   
 43   	1.0259    	-2.624878   
 44   	1.0503    	-3.487366   
 45   	1.0747    	-2.481079   
 46   	1.0992    	-2.337341   
 47   	1.1236    	-2.409241   
 48   	1.1480    	-2.409241   
 49   	1.1724    	-2.337341   
 50   	1.1969    	-2.337341   
 51   	1.2213    	-2.337341   
 52   	1.2457    	-1.977966   
 53   	1.2702    	-2.481079   
 54   	1.2946    	-3.127990   
 55   	1.3190    	-2.265503   
 56   	1.3434    	-2.552979   
 57   	1.3679    	-2.768615   
 58   	1.3923    	-2.337341   
 59   	1.4167    	-1.977966   
 60   	1.4411    	-2.121704   
 61   	1.4656    	-0.756103   
 62   	1.4900    	-1.187378   
 63   	1.5144    	-2.121704   
 64   	1.5388    	-2.552979   
 65   	1.5633    	-2.337341   
 66   	1.5877    	-2.049865   
 67   	1.6121    	-1.762329   
 68   	1.6365    	-1.834229   
 69   	1.6610    	-1.402954   
 70   	1.6854    	-1.690491   
 71   	1.7098    	-3.056091   
 72   	1.7342    	-2.337341   
 73   	1.7587    	-2.840454   
 74   	1.7831    	-2.624878   
 75   	1.8075    	-2.984253   
 76   	1.8319    	-3.056091   
 77   	1.8564    	-2.552979   
 78   	1.8808    	-3.631104   
 79   	1.9052    	-3.631104   
 80   	1.9297    	-3.487366   
 81   	1.9541    	-2.912354   
 82   	1.9785    	-2.696716   
 83   	2.0029    	-2.193604   
 84   	2.0274    	-2.984253   
 85   	2.0518    	-2.984253   
 86   	2.0762    	-2.840454   
 87   	2.1006    	-2.840454   
 88   	2.1251    	-2.265503   
 89   	2.1495    	-1.834229   
 90   	2.1739    	-2.193604   
 91   	2.1983    	-1.834229   
 92   	2.2228    	-2.265503   
 93   	2.2472    	-1.906128   
 94   	2.2716    	-2.409241   
 95   	2.2960    	-2.265503   
 96   	2.3205    	-1.690491   
 97   	2.3449    	-1.187378   
 98   	2.3693    	-1.977966   
 99   	2.3937    	-2.409241   
 100  	2.4182    	-2.481079   
 101  	2.4426    	-2.265503   
 102  	2.4670    	-2.337341   
 103  	2.4915    	-2.481079   
 104  	2.5159    	-2.049865   
 105  	2.5403    	-1.690491   
 106  	2.5647    	-2.624878   
 107  	2.5892    	-2.481079   
 108  	2.6136    	-2.409241   
 109  	2.6380    	-2.265503   
 110  	2.6624    	-1.546753   
 111  	2.6869    	-2.409241   
 112  	2.7113    	-2.696716   
 113  	2.7357    	-2.337341   
 114  	2.7601    	-2.337341   
 115  	2.7846    	-2.409241   
 116  	2.8090    	-1.402954   
 117  	2.8334    	-0.612366   
 118  	2.8578    	-1.546753   
 119  	2.8823    	-1.762329   
 120  	2.9067    	-1.906128   
 121  	2.9311    	-2.049865   
 122  	2.9555    	-2.481079   
 123  	2.9800    	-2.337341   
 124  	3.0044    	-2.337341   
 125  	3.0288    	-2.481079   
 126  	3.0532    	-2.840454   
 127  	3.0777    	-3.127990   
 128  	3.1021    	-3.199829   
 129  	3.1265    	-3.271729   
 130  	3.1510    	-3.127990   
 131  	3.1754    	-2.265503   
 132  	3.1998    	-1.762329   
 133  	3.2242    	-1.402954   
 134  	3.2487    	-1.187378   
 135  	3.2731    	-1.331116   
 136  	3.2975    	-1.906128   
 137  	3.3219    	-1.834229   
 138  	3.3464    	-1.762329   
 139  	3.3708    	-2.049865   
 140  	3.3952    	-1.546753   
 141  	3.4196    	-1.331116   
 142  	3.4441    	-0.828003   
 143  	3.4685    	-1.331116   
 144  	3.4929    	-2.049865   
 145  	3.5173    	-1.906128   
 146  	3.5418    	-1.618591   
 147  	3.5662    	-2.049865   
 148  	3.5906    	-1.762329   
 149  	3.6150    	-1.906128   
 150  	3.6395    	-1.187378   
 151  	3.6639    	-2.121704   
 152  	3.6883    	-2.481079   
 153  	3.7128    	-1.977966   
 154  	3.7372    	-1.762329   
 155  	3.7616    	-0.324829   
 156  	3.7860    	-0.899841   
 157  	3.8105    	0.034546    
 158  	3.8349    	-0.109253   
 159  	3.8593    	-0.396729   
 160  	3.8837    	-1.259216   
 161  	3.9082    	-1.043579   
 162  	3.9326    	-1.259216   
 163  	3.9570    	-1.402954   
 164  	3.9814    	-1.187378   
 165  	4.0059    	-1.331116   
 166  	4.0303    	-0.612366   
 167  	4.0547    	-0.468628   
 168  	4.0791    	-0.828003   
 169  	4.1036    	0.106384    
 170  	4.1280    	-0.324829   
 171  	4.1524    	-0.181091   
 172  	4.1768    	-0.324829   
 173  	4.2013    	-0.037354   
 174  	4.2257    	-1.187378   
 175  	4.2501    	-1.474854   
 176  	4.2745    	-1.187378   
 177  	4.2990    	-1.618591   
 178  	4.3234    	-1.906128   
 179  	4.3478    	-2.265503   
 180  	4.3723    	-1.618591   
 181  	4.3967    	-2.409241   
 182  	4.4211    	-1.690491   
 183  	4.4455    	-1.474854   
 184  	4.4700    	-1.187378   
 185  	4.4944    	-0.899841   
 186  	4.5188    	-1.331116   
 187  	4.5432    	-0.540466   
 188  	4.5677    	-0.612366   
 189  	4.5921    	-0.396729   
 190  	4.6165    	-1.115479   
 191  	4.6409    	-0.396729   
 192  	4.6654    	-0.828003   
 193  	4.6898    	-1.259216   
 194  	4.7142    	-1.331116   
 195  	4.7386    	-1.906128   
 196  	4.7631    	-0.899841   
 197  	4.7875    	0.537659    
 198  	4.8119    	1.112671    
 199  	4.8363    	1.472046    
 200  	4.8608    	2.334534    
 201  	4.8852    	1.256409    
 202  	4.9096    	2.046997    
 203  	4.9340    	0.250122    
 204  	4.9585    	0.897034    
 205  	4.9829    	1.112671    
 206  	5.0073    	2.550171    
 207  	5.0318    	3.556396    
 208  	5.0562    	3.772034    
 209  	5.0806    	4.347046    
 210  	5.1050    	5.137634    
 211  	5.1295    	6.143920    
 212  	5.1539    	7.868896    
 213  	5.1783    	8.515747    
 214  	5.2027    	9.522034    
 215  	5.2272    	10.600159   
 216  	5.2516    	11.678283   
 217  	5.2760    	11.390747   
 218  	5.3004    	10.887634   
 219  	5.3249    	11.462646   
 220  	5.3493    	10.887634   
 221  	5.3737    	11.822021   
 222  	5.3981    	11.318909   
 223  	5.4226    	12.253295   
 224  	5.4470    	14.337646   
 225  	5.4714    	15.990784   
 226  	5.4958    	21.022034   
 227  	5.5203    	31.515747   
 228  	5.5447    	51.065796   
 229  	5.5691    	70.040771   
 230  	5.5936    	84.200195   
 231  	5.6180    	95.628288   
 232  	5.6424    	103.750114  
 233  	5.6668    	111.225090  
 234  	5.6913    	115.681396  
 235  	5.7157    	117.909538  
 236  	5.7401    	119.850098  
 237  	5.7645    	121.790764  
 238  	5.7890    	121.718864  
 239  	5.8134    	123.443848  
 240  	5.8378    	124.090820  
 241  	5.8622    	125.168938  
 242  	5.8867    	125.025146  
 243  	5.9111    	124.521965  
 244  	5.9355    	126.678215  
 245  	5.9599    	125.815788  
 246  	5.9844    	126.822021  
 247  	6.0088    	127.396973  
 248  	6.0332    	127.109497  
 249  	6.0576    	127.325188  
 250  	6.0821    	127.828239  
 251  	6.1065    	128.403320  
 252  	6.1309    	128.690796  
 253  	6.1553    	129.265747  
 254  	6.1798    	129.409531  
 255  	6.2042    	130.918945  
 256  	6.2286    	130.487671  
 257  	6.2531    	129.984482  
 258  	6.2775    	130.128296  
 259  	6.3019    	129.697006  
 260  	6.3263    	130.559570  
 261  	6.3508    	131.134521  
 262  	6.3752    	130.631348  
 263  	6.3996    	131.134521  
 264  	6.4240    	132.140747  
 265  	6.4485    	131.350098  
 266  	6.4729    	130.703247  
 267  	6.4973    	130.415771  
 268  	6.5217    	130.343872  
 269  	6.5462    	130.415771  
 270  	6.5706    	131.350098  
 271  	6.5950    	131.206421  
 272  	6.6194    	131.853271  
 273  	6.6439    	132.068832  
 274  	6.6683    	130.990723  
 275  	6.6927    	130.990723  
 276  	6.7171    	131.062622  
 277  	6.7416    	133.003296  
 278  	6.7660    	133.434570  
 279  	6.7904    	132.787598  
 280  	6.8149    	132.212646  
 281  	6.8393    	132.787598  
 282  	6.8637    	133.362656  
 283  	6.8881    	133.218872  
 284  	6.9126    	134.440796  
 285  	6.9370    	133.793945  
 286  	6.9614    	134.584473  
 287  	6.9858    	135.303223  
 288  	7.0103    	134.728271  
 289  	7.0347    	135.734482  
 290  	7.0591    	134.656372  
 291  	7.0835    	135.447006  
 292  	7.1080    	134.656372  
 293  	7.1324    	135.375122  
 294  	7.1568    	134.584473  
 295  	7.1812    	135.231445  
 296  	7.2057    	134.225082  
 297  	7.2301    	135.015747  
 298  	7.2545    	135.015747  
 299  	7.2789    	135.518921  
 300  	7.3034    	133.793945  
 301  	7.3278    	134.440796  
 302  	7.3522    	134.656372  
 303  	7.3766    	135.734482  
 304  	7.4011    	136.021957  
 305  	7.4255    	135.303223  
 306  	7.4499    	135.518921  
 307  	7.4744    	135.662598  
 308  	7.4988    	135.734482  
 309  	7.5232    	135.015747  
 310  	7.5476    	135.303223  
 311  	7.5721    	134.872055  
 312  	7.5965    	135.375122  
 313  	7.6209    	134.943848  
 314  	7.6453    	135.087646  
 315  	7.6698    	135.518921  
 316  	7.6942    	135.087646  
 317  	7.7186    	134.800171  
 318  	7.7430    	136.021957  
 319  	7.7675    	136.165771  
 320  	7.7919    	136.884521  
 321  	7.8163    	136.740723  
 322  	7.8407    	136.597046  
 323  	7.8652    	136.812622  
 324  	7.8896    	137.531357  
 325  	7.9140    	135.878296  
 326  	7.9384    	136.165771  
 327  	7.9629    	135.662598  
 328  	7.9873    	136.381348  
 329  	8.0117    	135.878296  
 330  	8.0362    	136.165771  
 331  	8.0606    	136.453247  
 332  	8.0850    	136.165771  
 333  	8.1094    	136.525146  
 334  	8.1339    	136.740723  
 335  	8.1583    	135.734482  
 336  	8.1827    	136.237671  
 337  	8.2071    	135.662598  
 338  	8.2316    	135.375122  
 339  	8.2560    	134.656372  
 340  	8.2804    	134.153320  
 341  	8.3048    	134.009521  
 342  	8.3293    	134.009521  
 343  	8.3537    	133.578247  
 344  	8.3781    	134.656372  
 345  	8.4025    	134.153320  
 346  	8.4270    	135.015747  
 347  	8.4514    	135.662598  
 348  	8.4758    	135.231445  
 349  	8.5002    	134.512695  
 350  	8.5247    	135.087646  
 351  	8.5491    	135.015747  
 352  	8.5735    	135.231445  
 353  	8.5979    	135.518921  
 354  	8.6224    	136.597046  
 355  	8.6468    	136.525146  
 356  	8.6712    	136.165771  
 357  	8.6957    	136.453247  
 358  	8.7201    	135.806396  
 359  	8.7445    	136.093872  
 360  	8.7689    	135.806396  
 361  	8.7934    	136.668930  
 362  	8.8178    	137.028320  
 363  	8.8422    	136.740723  
 364  	8.8666    	136.237671  
 365  	8.8911    	135.878296  
 366  	8.9155    	136.453247  
 367  	8.9399    	136.740723  
 368  	8.9643    	136.956406  
 369  	8.9888    	136.956406  
 370  	9.0132    	136.956406  
 371  	9.0376    	136.884521  
 372  	9.0620    	137.531357  
 373  	9.0865    	137.243881  
 374  	9.1109    	136.021957  
 375  	9.1353    	136.309570  
 376  	9.1597    	137.315796  
 377  	9.1842    	136.740723  
 378  	9.2086    	136.237671  
 379  	9.2330    	136.021957  
 380  	9.2574    	136.453247  
 381  	9.2819    	136.381348  
 382  	9.3063    	136.381348  
 383  	9.3307    	136.309570  
 384  	9.3552    	137.243881  
 385  	9.3796    	136.021957  
 386  	9.4040    	136.740723  
 387  	9.4284    	136.165771  
 388  	9.4529    	135.950195  
 389  	9.4773    	136.237671  
 390  	9.5017    	137.747070  
 391  	9.5261    	136.309570  
 392  	9.5506    	137.171997  
 393  	9.5750    	136.597046  
 394  	9.5994    	136.237671  
 395  	9.6238    	136.237671  
 396  	9.6483    	137.100098  
 397  	9.6727    	136.381348  
 398  	9.6971    	136.812622  
 399  	9.7215    	137.243881  
 400  	9.7460    	137.531357  
 401  	9.7704    	137.818832  
 402  	9.7948    	137.100098  
 403  	9.8192    	137.531357  
 404  	9.8437    	136.740723  
 405  	9.8681    	136.884521  
 406  	9.8925    	137.459473  
 407  	9.9170    	137.028320  
 408  	9.9414    	137.171997  
 409  	9.9658    	137.747070  
 410  	9.9902    	137.890747  
 411  	10.0147   	137.747070  
 412  	10.0391   	138.393921  
 413  	10.0635   	138.106445  
 414  	10.0879   	137.962646  
 415  	10.1124   	137.747070  
 416  	10.1368   	137.603271  
 417  	10.1612   	136.812622  
 418  	10.1856   	136.525146  
 419  	10.2101   	135.950195  
 420  	10.2345   	137.459473  
 421  	10.2589   	137.747070  
 422  	10.2833   	137.315796  
 423  	10.3078   	136.740723  
 424  	10.3322   	135.950195  
 425  	10.3566   	135.878296  
 426  	10.3810   	136.021957  
 427  	10.4055   	136.740723  
 428  	10.4299   	137.028320  
 429  	10.4543   	136.525146  
 430  	10.4787   	136.956406  
 431  	10.5032   	136.740723  
 432  	10.5276   	136.453247  
 433  	10.5520   	136.165771  
 434  	10.5765   	134.440796  
 435  	10.6009   	135.087646  
 436  	10.6253   	136.093872  
 437  	10.6497   	136.309570  
 438  	10.6742   	137.100098  
 439  	10.6986   	136.237671  
 440  	10.7230   	137.243881  
 441  	10.7474   	136.525146  
 442  	10.7719   	136.453247  
 443  	10.7963   	136.165771  
 444  	10.8207   	135.878296  
 445  	10.8451   	136.093872  
 446  	10.8696   	136.812622  
 447  	10.8940   	136.309570  
 448  	10.9184   	136.237671  
 449  	10.9428   	136.525146  
 450  	10.9673   	135.950195  
 451  	10.9917   	135.590820  
 452  	11.0161   	135.662598  
 453  	11.0405   	135.159531  
 454  	11.0650   	135.806396  
 455  	11.0894   	135.518921  
 456  	11.1138   	134.728271  
 457  	11.1383   	135.518921  
 458  	11.1627   	134.943848  
 459  	11.1871   	134.943848  
 460  	11.2115   	134.296997  
 461  	11.2360   	134.800171  
 462  	11.2604   	134.800171  
 463  	11.2848   	135.087646  
 464  	11.3092   	135.662598  
 465  	11.3337   	135.015747  
 466  	11.3581   	134.656372  
 467  	11.3825   	135.231445  
 468  	11.4069   	135.303223  
 469  	11.4314   	136.237671  
 470  	11.4558   	136.381348  
 471  	11.4802   	136.668930  
 472  	11.5046   	137.387695  
 473  	11.5291   	137.315796  
 474  	11.5535   	136.884521  
 475  	11.5779   	136.237671  
 476  	11.6023   	137.459473  
 477  	11.6268   	137.315796  
 478  	11.6512   	136.956406  
 479  	11.6756   	137.459473  
 480  	11.7000   	137.100098  
 481  	11.7245   	137.315796  
 482  	11.7489   	137.171997  
 483  	11.7733   	135.375122  
 484  	11.7978   	135.806396  
 485  	11.8222   	136.237671  
 486  	11.8466   	134.943848  
 487  	11.8710   	135.087646  
 488  	11.8955   	135.447006  
 489  	11.9199   	135.590820  
 490  	11.9443   	135.950195  
 491  	11.9687   	136.740723  
 492  	11.9932   	136.165771  
 493  	12.0176   	135.231445  
 494  	12.0420   	134.872055  
 495  	12.0664   	134.225082  
 496  	12.0909   	133.793945  
 497  	12.1153   	133.362656  
 498  	12.1397   	134.153320  
 499  	12.1641   	133.578247  
 500  	12.1886   	133.146973  
 501  	12.2130   	133.793945  
 502  	12.2374   	134.368896  
 503  	12.2618   	132.643921  
 504  	12.2863   	133.506348  
 505  	12.3107   	134.081421  
 506  	12.3351   	134.728271  
 507  	12.3596   	135.231445  
 508  	12.3840   	134.512695  
 509  	12.4084   	134.584473  
 510  	12.4328   	134.153320  
 511  	12.4573   	134.009521  
 512  	12.4817   	134.368896  
 513  	12.5061   	132.643921  
 514  	12.5305   	132.715820  
 515  	12.5550   	133.075180  
 516  	12.5794   	133.578247  
 517  	12.6038   	133.218872  
 518  	12.6282   	133.434570  
 519  	12.6527   	133.506348  
 520  	12.6771   	132.931396  
 521  	12.7015   	131.637695  
 522  	12.7259   	131.925171  
 523  	12.7504   	132.859497  
 524  	12.7748   	132.572021  
 525  	12.7992   	131.709473  
 526  	12.8236   	132.356445  
 527  	12.8481   	132.428223  
 528  	12.8725   	133.578247  
 529  	12.8969   	132.931396  
 530  	12.9213   	132.931396  
 531  	12.9458   	133.290771  
 532  	12.9702   	134.225082  
 533  	12.9946   	132.931396  
 534  	13.0191   	131.781372  
 535  	13.0435   	132.356445  
 536  	13.0679   	132.715820  
 537  	13.0923   	133.075180  
 538  	13.1168   	132.356445  
 539  	13.1412   	131.637695  
 540  	13.1656   	131.493896  
 541  	13.1900   	131.278305  
 542  	13.2145   	131.925171  
 543  	13.2389   	131.925171  
 544  	13.2633   	132.068832  
 545  	13.2877   	132.356445  
 546  	13.3122   	132.859497  
 547  	13.3366   	132.859497  
 548  	13.3610   	133.075180  
 549  	13.3854   	132.068832  
 550  	13.4099   	131.997070  
 551  	13.4343   	132.284546  
 552  	13.4587   	132.428223  
 553  	13.4831   	131.350098  
 554  	13.5076   	131.997070  
 555  	13.5320   	132.068832  
 556  	13.5564   	131.493896  
 557  	13.5808   	131.134521  
 558  	13.6053   	130.487671  
 559  	13.6297   	130.487671  
 560  	13.6541   	131.421997  
 561  	13.6786   	131.565781  
 562  	13.7030   	131.853271  
 563  	13.7274   	131.278305  
 564  	13.7518   	131.853271  
 565  	13.7763   	131.781372  
 566  	13.8007   	132.068832  
 567  	13.8251   	132.643921  
 568  	13.8495   	131.781372  
 569  	13.8740   	131.493896  
 570  	13.8984   	132.212646  
 571  	13.9228   	132.068832  
 572  	13.9472   	131.925171  
 573  	13.9717   	131.709473  
 574  	13.9961   	132.500122  
 575  	14.0205   	132.787598  
 576  	14.0449   	132.787598  
 577  	14.0694   	133.075180  
 578  	14.0938   	132.572021  
 579  	14.1182   	132.500122  
 580  	14.1426   	132.931396  
 581  	14.1671   	132.500122  
 582  	14.1915   	133.146973  
 583  	14.2159   	131.853271  
 584  	14.2404   	131.997070  
 585  	14.2648   	131.421997  
 586  	14.2892   	131.565781  
 587  	14.3136   	132.068832  
 588  	14.3381   	132.140747  
 589  	14.3625   	131.709473  
 590  	14.3869   	132.212646  
 591  	14.4113   	131.206421  
 592  	14.4358   	131.493896  
 593  	14.4602   	131.206421  
 594  	14.4846   	130.775146  
 595  	14.5090   	131.062622  
 596  	14.5335   	131.565781  
 597  	14.5579   	131.997070  
 598  	14.5823   	131.637695  
 599  	14.6067   	132.212646  
 600  	14.6312   	132.140747  
 601  	14.6556   	132.931396  
 602  	14.6800   	131.709473  
 603  	14.7044   	132.500122  
 604  	14.7289   	132.572021  
 605  	14.7533   	131.709473  
 606  	14.7777   	131.781372  
 607  	14.8021   	131.493896  
 608  	14.8266   	131.781372  
 609  	14.8510   	133.937607  
 610  	14.8754   	133.003296  
 611  	14.8999   	133.290771  
 612  	14.9243   	134.009521  
 613  	14.9487   	133.362656  
 614  	14.9731   	132.500122  
 615  	14.9976   	131.997070  
 616  	15.0220   	131.062622  
 617  	15.0464   	130.631348  
 618  	15.0708   	130.703247  
 619  	15.0953   	130.703247  
 620  	15.1197   	130.918945  
 621  	15.1441   	132.068832  
 622  	15.1685   	132.428223  
 623  	15.1930   	131.565781  
 624  	15.2174   	131.997070  
 625  	15.2418   	132.500122  
 626  	15.2662   	132.859497  
 627  	15.2907   	132.284546  
 628  	15.3151   	132.715820  
 629  	15.3395   	132.859497  
 630  	15.3639   	133.146973  
 631  	15.3884   	133.434570  
 632  	15.4128   	132.859497  
 633  	15.4372   	132.787598  
 634  	15.4617   	132.284546  
 635  	15.4861   	132.284546  
 636  	15.5105   	132.284546  
 637  	15.5349   	132.140747  
 638  	15.5594   	131.493896  
 639  	15.5838   	131.637695  
 640  	15.6082   	132.500122  
 641  	15.6326   	132.572021  
 642  	15.6571   	133.003296  
 643  	15.6815   	131.853271  
 644  	15.7059   	132.643921  
 645  	15.7303   	133.290771  
 646  	15.7548   	131.781372  
 647  	15.7792   	131.350098  
 648  	15.8036   	130.918945  
 649  	15.8280   	130.631348  
 650  	15.8525   	130.487671  
 651  	15.8769   	131.134521  
 652  	15.9013   	129.984482  
 653  	15.9257   	130.487671  
 654  	15.9502   	129.553223  
 655  	15.9746   	129.409531  
 656  	15.9990   	130.056396  
 657  	16.0234   	129.984482  
 658  	16.0479   	130.631348  
 659  	16.0723   	128.690796  
 660  	16.0967   	128.475082  
 661  	16.1212   	127.900139  
 662  	16.1456   	128.475082  
 663  	16.1700   	127.972046  
 664  	16.1944   	127.468864  
 665  	16.2189   	127.612663  
 666  	16.2433   	127.540764  
 667  	16.2677   	126.462646  
 668  	16.2921   	126.103264  
 669  	16.3166   	126.606438  
 670  	16.3410   	126.462646  
 671  	16.3654   	125.384514  
 672  	16.3898   	125.743889  
 673  	16.4143   	125.312622  
 674  	16.4387   	125.312622  
 675  	16.4631   	124.306396  
 676  	16.4875   	123.659538  
 677  	16.5120   	123.443848  
 678  	16.5364   	122.437614  
 679  	16.5608   	122.581421  
 680  	16.5852   	120.712646  
 681  	16.6097   	121.575188  
 682  	16.6341   	121.359497  
 683  	16.6585   	122.006340  
 684  	16.6830   	120.784546  
 685  	16.7074   	120.281364  
 686  	16.7318   	118.197014  
 687  	16.7562   	118.340820  
 688  	16.7807   	117.909538  
 689  	16.8051   	117.909538  
 690  	16.8295   	117.262688  
 691  	16.8539   	116.112663  
 692  	16.8784   	115.393921  
 693  	16.9028   	115.609497  
 694  	16.9272   	115.322021  
 695  	16.9516   	115.393921  
 696  	16.9761   	115.537598  
 697  	17.0005   	115.322021  
 698  	17.0249   	115.178215  
 699  	17.0493   	114.171997  
 700  	17.0738   	113.668938  
 701  	17.0982   	113.525146  
 702  	17.1226   	113.525146  
 703  	17.1470   	113.021965  
 704  	17.1715   	113.884521  
 705  	17.1959   	113.453247  
 706  	17.2203   	112.087639  
 707  	17.2447   	110.793945  
 708  	17.2692   	110.650139  
 709  	17.2936   	109.284546  
 710  	17.3180   	109.356445  
 711  	17.3425   	108.709473  
 712  	17.3669   	108.709473  
 713  	17.3913   	108.493889  
 714  	17.4157   	107.271965  
 715  	17.4402   	106.840820  
 716  	17.4646   	105.906372  
 717  	17.4890   	105.762695  
 718  	17.5134   	104.684563  
 719  	17.5379   	105.043945  
 720  	17.5623   	103.965820  
 721  	17.5867   	104.253296  
 722  	17.6111   	103.534546  
 723  	17.6356   	101.737671  
 724  	17.6600   	102.384521  
 725  	17.6844   	101.450195  
 726  	17.7088   	100.515747  
 727  	17.7333   	100.875122  
 728  	17.7577   	99.581421   
 729  	17.7821   	98.646973   
 730  	17.8065   	98.862663   
 731  	17.8310   	97.856445   
 732  	17.8554   	97.425163   
 733  	17.8798   	97.353264   
 734  	17.9042   	97.425163   
 735  	17.9287   	96.706421   
 736  	17.9531   	96.490723   
 737  	17.9775   	95.843864   
 738  	18.0020   	94.406372   
 739  	18.0264   	94.046989   
 740  	18.0508   	93.400139   
 741  	18.0752   	92.968872   
 742  	18.0997   	91.603264   
 743  	18.1241   	91.100098   
 744  	18.1485   	90.812622   
 745  	18.1729   	90.237671   
 746  	18.1974   	90.021973   
 747  	18.2218   	89.303223   
 748  	18.2462   	89.087646   
 749  	18.2706   	88.368889   
 750  	18.2951   	87.793938   
 751  	18.3195   	87.146973   
 752  	18.3439   	86.715820   
 753  	18.3683   	85.853264   
 754  	18.3928   	85.206421   
 755  	18.4172   	85.637695   
 756  	18.4416   	84.847038   
 757  	18.4660   	84.056389   
 758  	18.4905   	83.553215   
 759  	18.5149   	82.834473   
 760  	18.5393   	81.972038   
 761  	18.5638   	80.390747   
 762  	18.5882   	79.384514   
 763  	18.6126   	78.665771   
 764  	18.6370   	77.515747   
 765  	18.6615   	77.156372   
 766  	18.6859   	75.934563   
 767  	18.7103   	74.425163   
 768  	18.7347   	75.287598   
 769  	18.7592   	73.778320   
 770  	18.7836   	73.275146   
 771  	18.8080   	72.197021   
 772  	18.8324   	71.478271   
 773  	18.8569   	69.465813   
 774  	18.8813   	68.818848   
 775  	18.9057   	67.956421   
 776  	18.9301   	67.093872   
 777  	18.9546   	65.728271   
 778  	18.9790   	65.943848   
 779  	19.0034   	64.146973   
 780  	19.0278   	63.500118   
 781  	19.0523   	62.709469   
 782  	19.0767   	62.206421   
 783  	19.1011   	60.409546   
 784  	19.1255   	60.265747   
 785  	19.1500   	58.828243   
 786  	19.1744   	57.965816   
 787  	19.1988   	57.031368   
 788  	19.2233   	55.450195   
 789  	19.2477   	55.593872   
 790  	19.2721   	54.731445   
 791  	19.2965   	53.940796   
 792  	19.3210   	53.437622   
 793  	19.3454   	52.503292   
 794  	19.3698   	51.712643   
 795  	19.3942   	51.065796   
 796  	19.4187   	50.203243   
 797  	19.4431   	49.915768   
 798  	19.4675   	48.765747   
 799  	19.4919   	47.831417   
 800  	19.5164   	46.393921   
 801  	19.5408   	45.747066   
 802  	19.5652   	46.393921   
 803  	19.5896   	45.531368   
 804  	19.6141   	44.740719   
 805  	19.6385   	44.453243   
 806  	19.6629   	43.447021   
 807  	19.6873   	42.872070   
 808  	19.7118   	42.872070   
 809  	19.7362   	43.159546   
 810  	19.7606   	41.793941   
 811  	19.7851   	40.787598   
 812  	19.8095   	40.715820   
 813  	19.8339   	40.931393   
 814  	19.8583   	39.781368   
 815  	19.8828   	39.278320   
 816  	19.9072   	37.553284   
 817  	19.9316   	36.475159   
 818  	19.9560   	36.834534   
 819  	19.9805   	36.403259   
 820  	20.0049   	35.468868   
 821  	20.0293   	35.037659   
 822  	20.0537   	33.887634   
 823  	20.0782   	35.037659   
 824  	20.1026   	32.593872   
 825  	20.1270   	32.162659   
 826  	20.1514   	32.234493   
 827  	20.1759   	31.875122   
 828  	20.2003   	31.228271   
 829  	20.2247   	31.300171   
 830  	20.2491   	31.587646   
 831  	20.2736   	30.725157   
 832  	20.2980   	30.437622   
 833  	20.3224   	30.006409   
 834  	20.3468   	29.072020   
 835  	20.3713   	29.287657   
 836  	20.3957   	28.640747   
 837  	20.4201   	27.993896   
 838  	20.4446   	27.131407   
 839  	20.4690   	26.556396   
 840  	20.4934   	27.203247   
 841  	20.5178   	26.843872   
 842  	20.5423   	24.975159   
 843  	20.5667   	25.118896   
 844  	20.5911   	25.334534   
 845  	20.6155   	25.334534   
 846  	20.6400   	24.328247   
 847  	20.6644   	22.315796   
 848  	20.6888   	21.381409   
 849  	20.7132   	20.878296   
 850  	20.7377   	20.375122   
 851  	20.7621   	20.878296   
 852  	20.7865   	20.590759   
 853  	20.8109   	20.087646   
 854  	20.8354   	20.015747   
 855  	20.8598   	19.656372   
 856  	20.8842   	18.075132   
 857  	20.9086   	17.787657   
 858  	20.9331   	17.572021   
 859  	20.9575   	16.781370   
 860  	20.9819   	15.847046   
 861  	21.0064   	15.272034   
 862  	21.0308   	14.840759   
 863  	21.0552   	13.978271   
 864  	21.0796   	13.403259   
 865  	21.1041   	12.468871   
 866  	21.1285   	12.540771   
 867  	21.1529   	12.253295   
 868  	21.1773   	11.606384   
 869  	21.2018   	10.528259   
 870  	21.2262   	10.743896   
 871  	21.2506   	10.528259   
 872  	21.2750   	9.593872    
 873  	21.2995   	8.803284    
 874  	21.3239   	8.731384    
 875  	21.3483   	9.018920    
 876  	21.3727   	8.372009    
 877  	21.3972   	8.012634    
 878  	21.4216   	7.437622    
 879  	21.4460   	8.084533    
 880  	21.4704   	6.934509    
 881  	21.4949   	6.934509    
 882  	21.5193   	6.503295    
 883  	21.5437   	6.143920    
 884  	21.5681   	5.928283    
 885  	21.5926   	6.215759    
 886  	21.6170   	6.287658    
 887  	21.6414   	6.790771    
 888  	21.6659   	5.784546    
 889  	21.6903   	5.784546    
 890  	21.7147   	6.647033    
 891  	21.7391   	5.784546    
 892  	21.7636   	6.072021    
 893  	21.7880   	6.072021    
 894  	21.8124   	6.215759    
 895  	21.8368   	5.353271    
 896  	21.8613   	4.275146    
 897  	21.8857   	3.915771    
 898  	21.9101   	5.065796    
 899  	21.9345   	4.418884    
 900  	21.9590   	4.490784    
 901  	21.9834   	4.634521    
 902  	22.0078   	5.353271    
 903  	22.0322   	5.065796    
 904  	22.0567   	4.418884    
 905  	22.0811   	4.347046    
 906  	22.1055   	4.059509    
 907  	22.1299   	3.556396    
 908  	22.1544   	2.622009    
 909  	22.1788   	3.053284    
 910  	22.2032   	2.909546    
 911  	22.2277   	2.046997    
 912  	22.2521   	1.112671    
 913  	22.2765   	1.903259    
 914  	22.3009   	1.184509    
 915  	22.3254   	0.465759    
 916  	22.3498   	0.034546    
 917  	22.3742   	-0.540466   
 918  	22.3986   	-1.115479   
 919  	22.4231   	-1.906128   
 920  	22.4475   	-1.331116   
 921  	22.4719   	-0.252991   
 922  	22.4963   	-0.109253   
 923  	22.5208   	-0.612366   
 924  	22.5452   	-1.474854   
 925  	22.5696   	-1.187378   
 926  	22.5940   	-0.324829   
 927  	22.6185   	-0.540466   
 928  	22.6429   	-1.690491   
 929  	22.6673   	-1.618591   
 930  	22.6917   	-1.834229   
 931  	22.7162   	-2.552979   
 932  	22.7406   	-2.696716   
 933  	22.7650   	-3.056091   
 934  	22.7894   	-3.056091   
 935  	22.8139   	-2.840454   
 936  	22.8383   	-2.768615   
 937  	22.8627   	-4.134216   
 938  	22.8872   	-2.984253   
 939  	22.9116   	-3.703003   
 940  	22.9360   	-3.703003   
 941  	22.9604   	-3.703003   
 942  	22.9849   	-3.918579   
 943  	23.0093   	-4.206116   
 944  	23.0337   	-4.206116   
 945  	23.0581   	-4.421753   
 946  	23.0826   	-6.002990   
 947  	23.1070   	-6.937377   
 948  	23.1314   	-6.865478   
 949  	23.1558   	-6.721740   
 950  	23.1803   	-6.362365   
 951  	23.2047   	-7.368591   
 952  	23.2291   	-9.093627   
 953  	23.2535   	-9.093627   
 954  	23.2780   	-10.099854  
 955  	23.3024   	-11.034241  
 956  	23.3268   	-12.543579  
 957  	23.3512   	-12.471741  
 958  	23.3757   	-13.477965  
 959  	23.4001   	-14.196715  
 960  	23.4245   	-14.052978  
 961  	23.4489   	-13.765503  
 962  	23.4734   	-14.196715  
 963  	23.4978   	-15.059203  
 964  	23.5222   	-15.059203  
 965  	23.5467   	-17.646727  
 966  	23.5711   	-21.096739  
 967  	23.5955   	-28.715454  
 968  	23.6199   	-41.437378  
 969  	23.6444   	-56.531128  
 970  	23.6688   	-68.031128  
 971  	23.6932   	-77.949829  
 972  	23.7176   	-86.215454  
 973  	23.7421   	-93.402954  
 974  	23.7665   	-99.009209  
 975  	23.7909   	-103.968628 
 976  	23.8153   	-108.065483 
 977  	23.8398   	-110.149834 
 978  	23.8642   	-112.881096 
 979  	23.8886   	-115.612297 
 980  	23.9130   	-116.690430 
 981  	23.9375   	-117.265503 
 982  	23.9619   	-118.271729 
 983  	23.9863   	-119.206047 
 984  	24.0107   	-119.709229 
 985  	24.0352   	-120.068604 
 986  	24.0596   	-121.002922 
 987  	24.0840   	-121.290466 
 988  	24.1085   	-121.793579 
 989  	24.1329   	-122.727966 
 990  	24.1573   	-123.015503 
 991  	24.1817   	-123.662354 
 992  	24.2062   	-124.021721 
 993  	24.2306   	-124.956047 
 994  	24.2550   	-125.099854 
 995  	24.2794   	-125.890495 
 996  	24.3039   	-126.824821 
 997  	24.3283   	-126.752922 
 998  	24.3527   	-127.543579 
 999  	24.3771   	-127.040459 
 1000 	24.4016   	-127.543579 
 1001 	24.4260   	-127.974846 
 1002 	24.4504   	-128.334229 
 1003 	24.4748   	-127.471680 
 1004 	24.4993   	-128.262329 
 1005 	24.5237   	-128.334229 
 1006 	24.5481   	-129.484253 
 1007 	24.5725   	-129.196716 
 1008 	24.5970   	-130.131104 
 1009 	24.6214   	-129.987305 
 1010 	24.6458   	-129.987305 
 1011 	24.6702   	-130.131104 
 1012 	24.6947   	-130.634216 
 1013 	24.7191   	-130.490463 
 1014 	24.7435   	-131.496704 
 1015 	24.7680   	-131.784180 
 1016 	24.7924   	-131.999863 
 1017 	24.8168   	-130.921753 
 1018 	24.8412   	-132.574814 
 1019 	24.8657   	-131.856079 
 1020 	24.8901   	-132.143555 
 1021 	24.9145   	-132.502930 
 1022 	24.9389   	-132.718628 
 1023 	24.9634   	-132.862289 
 1024 	24.9878   	-132.718628 
 1025 	25.0122   	-133.509201 
 1026 	25.0366   	-133.006104 
 1027 	25.0611   	-133.796753 
 1028 	25.0855   	-134.802979 
 1029 	25.1099   	-134.802979 
 1030 	25.1343   	-134.946716 
 1031 	25.1588   	-135.234253 
 1032 	25.1832   	-134.515503 
 1033 	25.2076   	-134.659164 
 1034 	25.2320   	-135.018555 
 1035 	25.2565   	-134.515503 
 1036 	25.2809   	-134.515503 
 1037 	25.3053   	-135.090454 
 1038 	25.3298   	-135.665466 
 1039 	25.3542   	-134.946716 
 1040 	25.3786   	-135.306076 
 1041 	25.4030   	-134.874878 
 1042 	25.4275   	-135.521729 
 1043 	25.4519   	-135.449829 
 1044 	25.4763   	-135.521729 
 1045 	25.5007   	-135.306076 
 1046 	25.5252   	-135.881104 
 1047 	25.5496   	-135.737305 
 1048 	25.5740   	-135.593628 
 1049 	25.5984   	-135.593628 
 1050 	25.6229   	-136.096680 
 1051 	25.6473   	-136.887329 
 1052 	25.6717   	-135.881104 
 1053 	25.6961   	-136.456055 
 1054 	25.7206   	-136.168579 
 1055 	25.7450   	-136.887329 
 1056 	25.7694   	-135.881104 
 1057 	25.7938   	-136.168579 
 1058 	25.8183   	-136.527939 
 1059 	25.8427   	-136.168579 
 1060 	25.8671   	-137.102951 
 1061 	25.8915   	-137.318604 
 1062 	25.9160   	-135.952988 
 1063 	25.9404   	-136.456055 
 1064 	25.9648   	-136.527939 
 1065 	25.9893   	-136.959229 
 1066 	26.0137   	-136.096680 
 1067 	26.0381   	-136.168579 
 1068 	26.0625   	-136.024841 
 1069 	26.0870   	-136.168579 
 1070 	26.1114   	-135.377930 
 1071 	26.1358   	-134.659164 
 1072 	26.1602   	-133.724854 
 1073 	26.1847   	-134.731079 
 1074 	26.2091   	-133.509201 
 1075 	26.2335   	-133.437378 
 1076 	26.2579   	-133.796753 
 1077 	26.2824   	-133.509201 
 1078 	26.3068   	-132.718628 
 1079 	26.3312   	-131.784180 
 1080 	26.3556   	-130.849854 
 1081 	26.3801   	-130.131104 
 1082 	26.4045   	-127.399834 
 1083 	26.4289   	-119.852959 
 1084 	26.4533   	-110.293579 
 1085 	26.4778   	-101.309204 
 1086 	26.5022   	-98.002991  
 1087 	26.5266   	-95.990471  
 1088 	26.5511   	-95.415459  
 1089 	26.5755   	-95.918579  
 1090 	26.5999   	-97.859245  
 1091 	26.6243   	-98.649841  
 1092 	26.6488   	-100.518608 
 1093 	26.6732   	-103.393616 
 1094 	26.6976   	-105.190491 
 1095 	26.7220   	-107.346741 
 1096 	26.7465   	-109.718628 
 1097 	26.7709   	-112.018547 
 1098 	26.7953   	-114.174805 
 1099 	26.8197   	-115.324821 
 1100 	26.8442   	-117.265503 
 1101 	26.8686   	-117.481071 
 1102 	26.8930   	-119.637329 
 1103 	26.9174   	-121.146721 
 1104 	26.9419   	-123.231071 
 1105 	26.9663   	-125.243584 
 1106 	26.9907   	-124.884216 
 1107 	27.0151   	-125.890495 
 1108 	27.0396   	-126.681091 
 1109 	27.0640   	-126.752922 
 1110 	27.0884   	-126.465446 
 1111 	27.1128   	-127.831055 
 1112 	27.1373   	-127.399834 
 1113 	27.1617   	-127.902954 
 1114 	27.1861   	-128.262329 
 1115 	27.2106   	-129.268555 
 1116 	27.2350   	-129.915466 
 1117 	27.2594   	-129.771729 
 1118 	27.2838   	-130.202988 
 1119 	27.3083   	-130.418579 
 1120 	27.3327   	-130.634216 
 1121 	27.3571   	-131.209229 
 1122 	27.3815   	-130.993591 
 1123 	27.4060   	-130.993591 
 1124 	27.4304   	-132.359253 
 1125 	27.4548   	-132.287338 
 1126 	27.4792   	-132.431091 
 1127 	27.5037   	-132.215454 
 1128 	27.5281   	-131.999863 
 1129 	27.5525   	-133.149841 
 1130 	27.5769   	-133.149841 
 1131 	27.6014   	-134.731079 
 1132 	27.6258   	-134.802979 
 1133 	27.6502   	-134.659164 
 1134 	27.6746   	-134.084213 
 1135 	27.6991   	-133.796753 
 1136 	27.7235   	-135.377930 
 1137 	27.7479   	-135.306076 
 1138 	27.7723   	-135.521729 
 1139 	27.7968   	-135.162354 
 1140 	27.8212   	-134.587341 
 1141 	27.8456   	-134.371689 
 1142 	27.8701   	-135.090454 
 1143 	27.8945   	-135.234253 
 1144 	27.9189   	-134.946716 
 1145 	27.9433   	-135.449829 
 1146 	27.9678   	-135.665466 
 1147 	27.9922   	-135.593628 
 1148 	28.0166   	-135.377930 
 1149 	28.0410   	-134.659164 
 1150 	28.0655   	-135.090454 
 1151 	28.0899   	-134.371689 
 1152 	28.1143   	-135.234253 
 1153 	28.1387   	-134.946716 
 1154 	28.1632   	-135.018555 
 1155 	28.1876   	-135.162354 
 1156 	28.2120   	-134.946716 
 1157 	28.2364   	-135.377930 
 1158 	28.2609   	-134.874878 
 1159 	28.2853   	-134.731079 
 1160 	28.3097   	-135.234253 
 1161 	28.3341   	-135.737305 
 1162 	28.3586   	-135.306076 
 1163 	28.3830   	-135.090454 
 1164 	28.4074   	-135.377930 
 1165 	28.4319   	-135.377930 
 1166 	28.4563   	-136.240463 
 1167 	28.4807   	-135.593628 
 1168 	28.5051   	-136.312378 
 1169 	28.5296   	-135.162354 
 1170 	28.5540   	-135.377930 
 1171 	28.5784   	-135.665466 
 1172 	28.6028   	-134.874878 
 1173 	28.6273   	-134.659164 
 1174 	28.6517   	-135.234253 
 1175 	28.6761   	-135.665466 
 1176 	28.7005   	-136.599854 
 1177 	28.7250   	-135.593628 
 1178 	28.7494   	-136.743591 
 1179 	28.7738   	-136.240463 
 1180 	28.7982   	-135.665466 
 1181 	28.8227   	-135.881104 
 1182 	28.8471   	-135.521729 
 1183 	28.8715   	-135.665466 
 1184 	28.8959   	-134.659164 
 1185 	28.9204   	-135.665466 
 1186 	28.9448   	-135.306076 
 1187 	28.9692   	-136.671753 
 1188 	28.9936   	-137.102951 
 1189 	29.0181   	-136.384216 
 1190 	29.0425   	-136.815430 
 1191 	29.0669   	-137.462341 
 1192 	29.0914   	-136.599854 
 1193 	29.1158   	-136.743591 
 1194 	29.1402   	-137.102951 
 1195 	29.1646   	-137.821716 
 1196 	29.1891   	-137.677979 
 1197 	29.2135   	-136.527939 
 1198 	29.2379   	-136.384216 
 1199 	29.2623   	-136.456055 
 1200 	29.2868   	-136.240463 
 1201 	29.3112   	-136.024841 
 1202 	29.3356   	-135.665466 
 1203 	29.3600   	-135.306076 
 1204 	29.3845   	-135.234253 
 1205 	29.4089   	-135.018555 
 1206 	29.4333   	-134.731079 
 1207 	29.4577   	-134.946716 
 1208 	29.4822   	-135.234253 
 1209 	29.5066   	-135.449829 
 1210 	29.5310   	-135.593628 
 1211 	29.5554   	-136.384216 
 1212 	29.5799   	-136.599854 
 1213 	29.6043   	-137.390503 
 1214 	29.6287   	-136.599854 
 1215 	29.6532   	-137.534180 
 1216 	29.6776   	-137.749863 
 1217 	29.7020   	-137.174805 
 1218 	29.7264   	-137.174805 
 1219 	29.7509   	-136.527939 
 1220 	29.7753   	-136.024841 
 1221 	29.7997   	-136.096680 
 1222 	29.8241   	-135.377930 
 1223 	29.8486   	-136.384216 
 1224 	29.8730   	-136.815430 
 1225 	29.8974   	-136.240463 
 1226 	29.9218   	-136.384216 
 1227 	29.9463   	-136.887329 
 1228 	29.9707   	-136.384216 
 1229 	29.9951   	-136.743591 
 1230 	30.0195   	-135.665466 
 1231 	30.0440   	-135.234253 
 1232 	30.0684   	-136.240463 
 1233 	30.0928   	-135.809204 
 1234 	30.1172   	-136.527939 
 1235 	30.1417   	-136.240463 
 1236 	30.1661   	-136.815430 
 1237 	30.1905   	-136.240463 
 1238 	30.2149   	-136.024841 
 1239 	30.2394   	-136.312378 
 1240 	30.2638   	-134.802979 
 1241 	30.2882   	-135.665466 
 1242 	30.3127   	-134.731079 
 1243 	30.3371   	-134.515503 
 1244 	30.3615   	-134.946716 
 1245 	30.3859   	-135.449829 
 1246 	30.4104   	-135.809204 
 1247 	30.4348   	-135.521729 
 1248 	30.4592   	-134.659164 
 1249 	30.4836   	-134.802979 
 1250 	30.5081   	-135.306076 
 1251 	30.5325   	-135.234253 
 1252 	30.5569   	-134.299805 
 1253 	30.5813   	-134.156113 
 1254 	30.6058   	-134.084213 
 1255 	30.6302   	-134.515503 
 1256 	30.6546   	-134.156113 
 1257 	30.6790   	-134.012329 
 1258 	30.7035   	-133.796753 
 1259 	30.7279   	-133.940430 
 1260 	30.7523   	-134.012329 
 1261 	30.7767   	-133.365479 
 1262 	30.8012   	-133.796753 
 1263 	30.8256   	-133.796753 
 1264 	30.8500   	-133.652954 
 1265 	30.8745   	-133.293579 
 1266 	30.8989   	-134.012329 
 1267 	30.9233   	-133.365479 
 1268 	30.9477   	-134.802979 
 1269 	30.9722   	-134.946716 
 1270 	30.9966   	-134.874878 
 1271 	31.0210   	-134.515503 
 1272 	31.0454   	-133.724854 
 1273 	31.0699   	-133.509201 
 1274 	31.0943   	-133.078003 
 1275 	31.1187   	-132.574814 
 1276 	31.1431   	-132.862289 
 1277 	31.1676   	-132.934204 
 1278 	31.1920   	-133.293579 
 1279 	31.2164   	-134.156113 
 1280 	31.2408   	-134.299805 
 1281 	31.2653   	-134.874878 
 1282 	31.2897   	-134.227966 
 1283 	31.3141   	-134.012329 
 1284 	31.3385   	-134.443604 
 1285 	31.3630   	-134.084213 
 1286 	31.3874   	-134.227966 
 1287 	31.4118   	-134.227966 
 1288 	31.4362   	-133.509201 
 1289 	31.4607   	-133.221680 
 1290 	31.4851   	-133.796753 
 1291 	31.5095   	-134.371689 
 1292 	31.5340   	-133.652954 
 1293 	31.5584   	-134.084213 
 1294 	31.5828   	-133.581055 
 1295 	31.6072   	-133.652954 
 1296 	31.6317   	-133.221680 
 1297 	31.6561   	-132.934204 
 1298 	31.6805   	-132.431091 
 1299 	31.7049   	-132.934204 
 1300 	31.7294   	-133.221680 
 1301 	31.7538   	-133.006104 
 1302 	31.7782   	-132.862289 
 1303 	31.8026   	-131.640503 
 1304 	31.8271   	-132.431091 
 1305 	31.8515   	-132.359253 
 1306 	31.8759   	-133.221680 
 1307 	31.9003   	-133.078003 
 1308 	31.9248   	-133.796753 
 1309 	31.9492   	-133.293579 
 1310 	31.9736   	-133.940430 
 1311 	31.9980   	-133.652954 
 1312 	32.0225   	-132.862289 
 1313 	32.0469   	-132.934204 
 1314 	32.0713   	-133.293579 
 1315 	32.0957   	-134.084213 
 1316 	32.1202   	-134.156113 
 1317 	32.1446   	-133.365479 
 1318 	32.1690   	-134.659164 
 1319 	32.1935   	-134.227966 
 1320 	32.2179   	-134.084213 
 1321 	32.2423   	-134.299805 
 1322 	32.2667   	-134.587341 
 1323 	32.2912   	-134.299805 
 1324 	32.3156   	-135.306076 
 1325 	32.3400   	-135.593628 
 1326 	32.3644   	-134.587341 
 1327 	32.3889   	-133.437378 
 1328 	32.4133   	-134.227966 
 1329 	32.4377   	-134.802979 
 1330 	32.4621   	-134.084213 
 1331 	32.4866   	-134.946716 
 1332 	32.5110   	-133.509201 
 1333 	32.5354   	-133.796753 
 1334 	32.5598   	-134.515503 
 1335 	32.5843   	-134.515503 
 1336 	32.6087   	-133.437378 
 1337 	32.6331   	-133.652954 
 1338 	32.6575   	-133.940430 
 1339 	32.6820   	-133.652954 
 1340 	32.7064   	-134.156113 
 1341 	32.7308   	-134.084213 
 1342 	32.7553   	-134.443604 
 1343 	32.7797   	-134.515503 
 1344 	32.8041   	-134.227966 
 1345 	32.8285   	-134.874878 
 1346 	32.8530   	-133.940430 
 1347 	32.8774   	-132.646729 
 1348 	32.9018   	-134.012329 
 1349 	32.9262   	-133.437378 
 1350 	32.9507   	-134.802979 
 1351 	32.9751   	-133.940430 
 1352 	32.9995   	-135.162354 
 1353 	33.0239   	-135.234253 
 1354 	33.0484   	-134.731079 
 1355 	33.0728   	-134.156113 
 1356 	33.0972   	-133.509201 
 1357 	33.1216   	-134.012329 
 1358 	33.1461   	-134.084213 
 1359 	33.1705   	-133.509201 
 1360 	33.1949   	-134.227966 
 1361 	33.2193   	-133.940430 
 1362 	33.2438   	-133.437378 
 1363 	33.2682   	-133.437378 
 1364 	33.2926   	-134.156113 
 1365 	33.3170   	-134.371689 
 1366 	33.3415   	-134.299805 
 1367 	33.3659   	-133.365479 
 1368 	33.3903   	-133.006104 
 1369 	33.4148   	-132.862289 
 1370 	33.4392   	-133.437378 
 1371 	33.4636   	-133.293579 
 1372 	33.4880   	-132.790466 
 1373 	33.5125   	-132.934204 
 1374 	33.5369   	-133.006104 
 1375 	33.5613   	-133.078003 
 1376 	33.5857   	-133.365479 
 1377 	33.6102   	-133.221680 
 1378 	33.6346   	-133.652954 
 1379 	33.6590   	-133.652954 
 1380 	33.6834   	-133.365479 
 1381 	33.7079   	-132.934204 
 1382 	33.7323   	-132.287338 
 1383 	33.7567   	-132.790466 
 1384 	33.7811   	-133.078003 
 1385 	33.8056   	-133.724854 
 1386 	33.8300   	-133.724854 
 1387 	33.8544   	-134.299805 
 1388 	33.8788   	-133.940430 
 1389 	33.9033   	-134.587341 
 1390 	33.9277   	-133.293579 
 1391 	33.9521   	-132.646729 
 1392 	33.9766   	-133.221680 
 1393 	34.0010   	-132.718628 
 1394 	34.0254   	-131.784180 
 1395 	34.0498   	-131.424805 
 1396 	34.0743   	-131.281128 
 1397 	34.0987   	-130.849854 
 1398 	34.1231   	-131.856079 
 1399 	34.1475   	-131.784180 
 1400 	34.1720   	-130.706055 
 1401 	34.1964   	-130.346680 
 1402 	34.2208   	-129.915466 
 1403 	34.2452   	-130.059204 
 1404 	34.2697   	-130.490463 
 1405 	34.2941   	-130.634216 
 1406 	34.3185   	-129.699829 
 1407 	34.3429   	-129.412354 
 1408 	34.3674   	-129.196716 
 1409 	34.3918   	-128.046753 
 1410 	34.4162   	-127.759209 
 1411 	34.4406   	-127.112297 
 1412 	34.4651   	-127.112297 
 1413 	34.4895   	-127.112297 
 1414 	34.5139   	-127.543579 
 1415 	34.5383   	-127.184204 
 1416 	34.5628   	-126.321716 
 1417 	34.5872   	-126.177971 
 1418 	34.6116   	-125.818604 
 1419 	34.6361   	-124.668571 
 1420 	34.6605   	-124.668571 
 1421 	34.6849   	-124.021721 
 1422 	34.7093   	-122.943596 
 1423 	34.7338   	-123.590454 
 1424 	34.7582   	-122.368591 
 1425 	34.7826   	-122.871696 
 1426 	34.8070   	-122.009209 
 1427 	34.8315   	-121.362297 
 1428 	34.8559   	-119.781128 
 1429 	34.8803   	-119.852959 
 1430 	34.9047   	-119.421753 
 1431 	34.9292   	-118.774841 
 1432 	34.9536   	-119.206047 
 1433 	34.9780   	-118.271729 
 1434 	35.0024   	-118.056084 
 1435 	35.0269   	-117.768547 
 1436 	35.0513   	-118.056084 
 1437 	35.0757   	-117.481071 
 1438 	35.1001   	-117.912354 
 1439 	35.1246   	-115.756104 
 1440 	35.1490   	-116.402954 
 1441 	35.1734   	-116.331055 
 1442 	35.1979   	-116.618591 
 1443 	35.2223   	-116.115479 
 1444 	35.2467   	-115.468628 
 1445 	35.2711   	-115.684196 
 1446 	35.2956   	-116.115479 
 1447 	35.3200   	-115.684196 
 1448 	35.3444   	-113.456047 
 1449 	35.3688   	-113.599846 
 1450 	35.3933   	-112.809204 
 1451 	35.4177   	-113.024841 
 1452 	35.4421   	-112.377930 
 1453 	35.4665   	-111.227966 
 1454 	35.4910   	-112.018547 
 1455 	35.5154   	-111.659172 
 1456 	35.5398   	-111.156120 
 1457 	35.5642   	-110.149834 
 1458 	35.5887   	-109.502922 
 1459 	35.6131   	-109.718628 
 1460 	35.6375   	-108.712334 
 1461 	35.6619   	-107.993591 
 1462 	35.6864   	-107.993591 
 1463 	35.7108   	-105.981071 
 1464 	35.7352   	-105.334221 
 1465 	35.7596   	-104.974854 
 1466 	35.7841   	-104.974854 
 1467 	35.8085   	-103.321709 
 1468 	35.8329   	-103.609245 
 1469 	35.8574   	-103.537346 
 1470 	35.8818   	-102.099846 
 1471 	35.9062   	-101.021729 
 1472 	35.9306   	-100.734253 
 1473 	35.9551   	-100.374878 
 1474 	35.9795   	-100.231071 
 1475 	36.0039   	-99.368584  
 1476 	36.0283   	-100.446716 
 1477 	36.0528   	-99.727966  
 1478 	36.0772   	-98.937378  
 1479 	36.1016   	-98.362366  
 1480 	36.1260   	-97.715454  
 1481 	36.1505   	-96.781128  
 1482 	36.1749   	-95.846741  
 1483 	36.1993   	-95.056084  
 1484 	36.2237   	-94.481071  
 1485 	36.2482   	-93.690491  
 1486 	36.2726   	-93.115479  
 1487 	36.2970   	-92.899841  
 1488 	36.3214   	-92.324829  
 1489 	36.3459   	-92.324829  
 1490 	36.3703   	-91.534233  
 1491 	36.3947   	-90.384216  
 1492 	36.4191   	-89.593628  
 1493 	36.4436   	-89.809204  
 1494 	36.4680   	-89.449829  
 1495 	36.4924   	-89.018616  
 1496 	36.5169   	-88.084229  
 1497 	36.5413   	-88.012329  
 1498 	36.5657   	-87.868584  
 1499 	36.5901   	-86.287354  
 1500 	36.6146   	-84.849854  
 1501 	36.6390   	-85.065491  
 1502 	36.6634   	-84.490479  
 1503 	36.6878   	-83.771721  
 1504 	36.7123   	-82.909241  
 1505 	36.7367   	-82.621704  
 1506 	36.7611   	-82.262321  
 1507 	36.7855   	-81.615479  
 1508 	36.8100   	-80.752983  
 1509 	36.8344   	-79.674866  
 1510 	36.8588   	-78.381104  
 1511 	36.8832   	-78.165459  
 1512 	36.9077   	-76.440491  
 1513 	36.9321   	-75.506104  
 1514 	36.9565   	-74.643616  
 1515 	36.9809   	-73.924866  
 1516 	37.0054   	-72.990479  
 1517 	37.0298   	-72.415466  
 1518 	37.0542   	-71.049866  
 1519 	37.0787   	-71.121704  
 1520 	37.1031   	-69.252991  
 1521 	37.1275   	-69.109253  
 1522 	37.1519   	-68.102966  
 1523 	37.1764   	-68.102966  
 1524 	37.2008   	-66.953003  
 1525 	37.2252   	-65.731079  
 1526 	37.2496   	-64.868591  
 1527 	37.2741   	-64.509216  
 1528 	37.2985   	-62.496704  
 1529 	37.3229   	-61.203003  
 1530 	37.3473   	-59.981079  
 1531 	37.3718   	-59.765499  
 1532 	37.3962   	-58.543575  
 1533 	37.4206   	-57.177975  
 1534 	37.4450   	-57.106079  
 1535 	37.4695   	-56.818604  
 1536 	37.4939   	-56.531128  
 1537 	37.5183   	-55.812378  
 1538 	37.5427   	-55.165466  
 1539 	37.5672   	-53.943604  
 1540 	37.5916   	-53.368591  
 1541 	37.6160   	-52.290466  
 1542 	37.6404   	-52.074829  
 1543 	37.6649   	-51.715450  
 1544 	37.6893   	-50.134216  
 1545 	37.7137   	-49.774837  
 1546 	37.7382   	-49.774837  
 1547 	37.7626   	-49.199825  
 1548 	37.7870   	-48.696712  
 1549 	37.8114   	-47.474854  
 1550 	37.8359   	-46.828003  
 1551 	37.8603   	-45.965454  
 1552 	37.8847   	-45.534241  
 1553 	37.9091   	-45.102962  
 1554 	37.9336   	-44.240475  
 1555 	37.9580   	-44.024837  
 1556 	37.9824   	-44.743591  
 1557 	38.0068   	-43.090454  
 1558 	38.0313   	-42.802979  
 1559 	38.0557   	-41.796749  
 1560 	38.0801   	-42.227962  
 1561 	38.1045   	-40.790462  
 1562 	38.1290   	-39.281128  
 1563 	38.1534   	-39.927979  
 1564 	38.1778   	-39.424866  
 1565 	38.2022   	-38.993591  
 1566 	38.2267   	-37.915462  
 1567 	38.2511   	-36.765503  
 1568 	38.2755   	-36.693604  
 1569 	38.3000   	-36.837341  
 1570 	38.3244   	-35.974850  
 1571 	38.3488   	-36.262329  
 1572 	38.3732   	-35.328003  
 1573 	38.3977   	-34.968628  
 1574 	38.4221   	-35.184204  
 1575 	38.4465   	-34.034241  
 1576 	38.4709   	-34.896729  
 1577 	38.4954   	-34.321716  
 1578 	38.5198   	-33.818604  
 1579 	38.5442   	-33.531128  
 1580 	38.5686   	-32.524841  
 1581 	38.5931   	-32.381104  
 1582 	38.6175   	-32.093628  
 1583 	38.6419   	-31.590454  
 1584 	38.6663   	-30.727964  
 1585 	38.6908   	-30.224852  
 1586 	38.7152   	-29.937376  
 1587 	38.7396   	-28.571716  
 1588 	38.7640   	-28.427979  
 1589 	38.7885   	-27.277954  
 1590 	38.8129   	-27.493589  
 1591 	38.8373   	-26.415466  
 1592 	38.8617   	-26.199827  
 1593 	38.8862   	-25.552977  
 1594 	38.9106   	-25.337341  
 1595 	38.9350   	-24.402952  
 1596 	38.9595   	-24.187378  
 1597 	38.9839   	-23.540466  
 1598 	39.0083   	-23.037354  
 1599 	39.0327   	-23.037354  
 1600 	39.0572   	-22.821714  
 1601 	39.0816   	-22.749878  
 1602 	39.1060   	-21.312378  
 1603 	39.1304   	-19.299866  
 1604 	39.1549   	-19.659239  
 1605 	39.1793   	-19.874878  
 1606 	39.2037   	-19.012329  
 1607 	39.2281   	-17.790464  
 1608 	39.2526   	-17.359253  
 1609 	39.2770   	-17.574829  
 1610 	39.3014   	-16.640503  
 1611 	39.3258   	-16.496702  
 1612 	39.3503   	-16.856079  
 1613 	39.3747   	-16.640503  
 1614 	39.3991   	-15.490478  
 1615 	39.4235   	-15.706116  
 1616 	39.4480   	-14.915465  
 1617 	39.4724   	-13.549866  
 1618 	39.4968   	-12.831115  
 1619 	39.5213   	-13.477965  
 1620 	39.5457   	-12.399841  
 1621 	39.5701   	-12.687377  
 1622 	39.5945   	-12.902953  
 1623 	39.6190   	-11.896729  
 1624 	39.6434   	-12.543579  
 1625 	39.6678   	-11.681091  
 1626 	39.6922   	-11.896729  
 1627 	39.7167   	-12.328003  
 1628 	39.7411   	-11.824829  
 1629 	39.7655   	-11.824829  
 1630 	39.7899   	-11.177979  
 1631 	39.8144   	-10.674866  
 1632 	39.8388   	-10.171752  
 1633 	39.8632   	-9.956116   
 1634 	39.8876   	-10.099854  
 1635 	39.9121   	-9.668579   
 1636 	39.9365   	-9.596741   
 1637 	39.9609   	-10.531128  
 1638 	39.9853   	-10.171752  
 1639 	40.0098   	-10.243591  
 1640 	40.0342   	-10.027954  
 1641 	40.0586   	-9.165466   
 1642 	40.0830   	-10.027954  
 1643 	40.1075   	-10.387329  
 1644 	40.1319   	-10.243591  
 1645 	40.1563   	-9.596741   
 1646 	40.1808   	-9.093627   
 1647 	40.2052   	-9.812377   
 1648 	40.2296   	-9.812377   
 1649 	40.2540   	-9.021729   
 1650 	40.2785   	-9.596741   
 1651 	40.3029   	-8.734253   
 1652 	40.3273   	-8.087341   
 1653 	40.3517   	-7.656127   
 1654 	40.3762   	-8.159240   
 1655 	40.4006   	-7.440490   
 1656 	40.4250   	-7.009216   
 1657 	40.4494   	-7.727966   
 1658 	40.4739   	-7.584228   
 1659 	40.4983   	-6.434204   
 1660 	40.5227   	-7.224853   
 1661 	40.5471   	-6.362365   
 1662 	40.5716   	-6.649841   
 1663 	40.5960   	-5.643616   
 1664 	40.6204   	-5.284241   
 1665 	40.6448   	-4.709229   
 1666 	40.6693   	-4.924866   
 1667 	40.6937   	-5.356079   
 1668 	40.7181   	-5.068604   
 1669 	40.7425   	-6.649841   
 1670 	40.7670   	-6.074829   
 1671 	40.7914   	-5.931091   
 1672 	40.8158   	-5.356079   
 1673 	40.8403   	-3.774841   
 1674 	40.8647   	-3.631104   
 1675 	40.8891   	-2.552979   
 1676 	40.9135   	-2.696716   
 1677 	40.9380   	-2.481079   
 1678 	40.9624   	-2.552979   
 1679 	40.9868   	-3.271729   
 1680 	41.0112   	-3.056091   
 1681 	41.0357   	-2.912354   
 1682 	41.0601   	-3.559204   
 1683 	41.0845   	-2.984253   
 1684 	41.1089   	-3.127990   
 1685 	41.1334   	-2.984253   
 1686 	41.1578   	-3.271729   
 1687 	41.1822   	-2.049865   
 1688 	41.2066   	-3.487366   
 1689 	41.2311   	-3.415466   
 1690 	41.2555   	-2.840454   
 1691 	41.2799   	-3.343628   
 1692 	41.3043   	-2.912354   
 1693 	41.3288   	-3.199829   
 1694 	41.3532   	-2.768615   
 1695 	41.3776   	-3.559204   
 1696 	41.4021   	-3.415466   
 1697 	41.4265   	-3.415466   
 1698 	41.4509   	-2.337341   
 1699 	41.4753   	-3.918579   
 1700 	41.4998   	-3.199829   
 1701 	41.5242   	-2.337341   
 1702 	41.5486   	-2.984253   
 1703 	41.5730   	-3.559204   
 1704 	41.5975   	-3.487366   
 1705 	41.6219   	-2.984253   
 1706 	41.6463   	-2.984253   
 1707 	41.6707   	-3.056091   
 1708 	41.6952   	-4.421753   
 1709 	41.7196   	-4.134216   
 1710 	41.7440   	-3.199829   
 1711 	41.7684   	-3.846741   
 1712 	41.7929   	-3.774841   
 1713 	41.8173   	-3.559204   
 1714 	41.8417   	-2.912354   
 1715 	41.8661   	-3.199829   
 1716 	41.8906   	-3.846741   
 1717 	41.9150   	-3.774841   
 1718 	41.9394   	-3.343628   
 1719 	41.9638   	-4.134216   
 1720 	41.9883   	-3.559204   
 1721 	42.0127   	-2.984253   
 1722 	42.0371   	-2.409241   
 1723 	42.0616   	-3.127990   
 1724 	42.0860   	-2.768615   
 1725 	42.1104   	-3.271729   
 1726 	42.1348   	-2.984253   
 1727 	42.1593   	-3.127990   
 1728 	42.1837   	-3.199829   
 1729 	42.2081   	-2.409241   
 1730 	42.2325   	-2.121704   
 1731 	42.2570   	-2.121704   
 1732 	42.2814   	-1.762329   
 1733 	42.3058   	-2.552979   
 1734 	42.3302   	-2.409241   
 1735 	42.3547   	-3.199829   
 1736 	42.3791   	-2.912354   
 1737 	42.4035   	-2.624878   
 1738 	42.4279   	-2.049865   
 1739 	42.4524   	-1.546753   
 1740 	42.4768   	-1.474854   
 1741 	42.5012   	-1.834229   
 1742 	42.5256   	-1.618591   
 1743 	42.5501   	-2.337341   
 1744 	42.5745   	-1.906128   
 1745 	42.5989   	-2.624878   
 1746 	42.6234   	-2.481079   
 1747 	42.6478   	-1.762329   
 1748 	42.6722   	-1.690491   
 1749 	42.6966   	-1.331116   
 1750 	42.7211   	-2.265503   
 1751 	42.7455   	-2.049865   
 1752 	42.7699   	-1.834229   
 1753 	42.7943   	-2.121704   
 1754 	42.8188   	-2.409241   
 1755 	42.8432   	-1.690491   
 1756 	42.8676   	-0.684204   
 1757 	42.8920   	-1.187378   
 1758 	42.9165   	-1.474854   
 1759 	42.9409   	-2.121704   
 1760 	42.9653   	-1.906128   
 1761 	42.9897   	-2.121704   
 1762 	43.0142   	-1.834229   
 1763 	43.0386   	-1.690491   
 1764 	43.0630   	-1.977966   
 1765 	43.0874   	-1.834229   
 1766 	43.1119   	-1.474854   
 1767 	43.1363   	-1.906128   
 1768 	43.1607   	-1.977966   
 1769 	43.1851   	-2.768615   
 1770 	43.2096   	-2.840454   
 1771 	43.2340   	-2.696716   
 1772 	43.2584   	-2.912354   
 1773 	43.2829   	-2.409241   
 1774 	43.3073   	-3.846741   
 1775 	43.3317   	-3.631104   
 1776 	43.3561   	-3.631104   
 1777 	43.3806   	-3.056091   
 1778 	43.4050   	-3.559204   
 1779 	43.4294   	-2.840454   
 1780 	43.4538   	-2.049865   
 1781 	43.4783   	-3.199829   
 1782 	43.5027   	-2.912354   
 1783 	43.5271   	-2.121704   
 1784 	43.5515   	-2.840454   
 1785 	43.5760   	-2.481079   
 1786 	43.6004   	-3.559204   
 1787 	43.6248   	-3.127990   
 1788 	43.6492   	-2.409241   
 1789 	43.6737   	-2.912354   
 1790 	43.6981   	-2.624878   
 1791 	43.7225   	-3.343628   
 1792 	43.7469   	-2.840454   
 1793 	43.7714   	-3.127990   
 1794 	43.7958   	-3.918579   
 1795 	43.8202   	-3.703003   
 1796 	43.8447   	-2.409241   
 1797 	43.8691   	-2.912354   
 1798 	43.8935   	-2.840454   
 1799 	43.9179   	-2.840454   
 1800 	43.9424   	-3.631104   
 1801 	43.9668   	-3.918579   
 1802 	43.9912   	-3.271729   
 1803 	44.0156   	-3.199829   
 1804 	44.0401   	-2.768615   
 1805 	44.0645   	-3.631104   
 1806 	44.0889   	-2.696716   
 1807 	44.1133   	-3.487366   
 1808 	44.1378   	-2.768615   
 1809 	44.1622   	-3.631104   
 1810 	44.1866   	-2.840454   
 1811 	44.2110   	-3.415466   
 1812 	44.2355   	-4.709229   
 1813 	44.2599   	-5.859253   
 1814 	44.2843   	-6.578003   
 1815 	44.3087   	-6.002990   
 1816 	44.3332   	-6.793579   
 1817 	44.3576   	-7.368591   
 1818 	44.3820   	-7.871704   
 1819 	44.4064   	-7.584228   
 1820 	44.4309   	-9.021729   
 1821 	44.4553   	-9.596741   
 1822 	44.4797   	-10.818604  
 1823 	44.5042   	-12.112365  
 1824 	44.5286   	-18.509214  
 1825 	44.5530   	-24.474852  
 1826 	44.5774   	-30.009216  
 1827 	44.6019   	-33.818604  
 1828 	44.6263   	-36.909241  
 1829 	44.6507   	-37.771725  
 1830 	44.6751   	-38.418579  
 1831 	44.6996   	-38.131104  
 1832 	44.7240   	-37.268612  
 1833 	44.7484   	-36.190491  
 1834 	44.7728   	-34.106079  
 1835 	44.7973   	-32.309204  
 1836 	44.8217   	-29.578001  
 1837 	44.8461   	-27.781128  
 1838 	44.8705   	-26.774841  
 1839 	44.8950   	-26.199827  
 1840 	44.9194   	-24.043579  
 1841 	44.9438   	-22.821714  
 1842 	44.9682   	-20.665466  
 1843 	44.9927   	-19.227964  
 1844 	45.0171   	-18.221739  
 1845 	45.0415   	-18.365477  
 1846 	45.0659   	-17.502991  
 1847 	45.0904   	-15.706116  
 1848 	45.1148   	-16.065491  
 1849 	45.1392   	-15.203002  
 1850 	45.1637   	-14.556091  
 1851 	45.1881   	-14.627990  
 1852 	45.2125   	-14.268616  
 1853 	45.2369   	-14.484253  
 1854 	45.2614   	-14.412354  
 1855 	45.2858   	-14.268616  
 1856 	45.3102   	-14.556091  
 1857 	45.3346   	-13.406127  
 1858 	45.3591   	-12.974854  
 1859 	45.3835   	-12.759215  
 1860 	45.4079   	-12.256103  
 1861 	45.4323   	-11.177979  
 1862 	45.4568   	-10.387329  
 1863 	45.4812   	-10.243591  
 1864 	45.5056   	-9.884216   
 1865 	45.5300   	-9.956116   
 1866 	45.5545   	-10.674866  
 1867 	45.5789   	-9.740479   
 1868 	45.6033   	-10.315491  
 1869 	45.6277   	-9.668579   
 1870 	45.6522   	-10.818604  
 1871 	45.6766   	-10.746704  
 1872 	45.7010   	-8.806091   
 1873 	45.7255   	-9.237365   
 1874 	45.7499   	-9.596741   
 1875 	45.7743   	-9.740479   
 1876 	45.7987   	-8.518615   
 1877 	45.8232   	-9.165466   
 1878 	45.8476   	-8.662354   
 1879 	45.8720   	-8.518615   
 1880 	45.8964   	-8.806091   
 1881 	45.9209   	-9.596741   
 1882 	45.9453   	-9.524841   
 1883 	45.9697   	-9.381104   
 1884 	45.9941   	-9.309204   
 1885 	46.0186   	-8.877990   
 1886 	46.0430   	-9.165466   
 1887 	46.0674   	-9.309204   
 1888 	46.0918   	-9.165466   
 1889 	46.1163   	-9.165466   
 1890 	46.1407   	-8.518615   
 1891 	46.1651   	-9.381104   
 1892 	46.1895   	-8.302978   
 1893 	46.2140   	-8.159240   
 1894 	46.2384   	-7.943603   
 1895 	46.2628   	-7.871704   
 1896 	46.2872   	-8.015503   
 1897 	46.3117   	-8.231079   
 1898 	46.3361   	-8.159240   
 1899 	46.3605   	-9.093627   
 1900 	46.3850   	-8.590454   
 1901 	46.4094   	-8.374878   
 1902 	46.4338   	-9.381104   
 1903 	46.4582   	-8.806091   
 1904 	46.4827   	-9.237365   
 1905 	46.5071   	-8.806091   
 1906 	46.5315   	-7.727966   
 1907 	46.5559   	-7.368591   
 1908 	46.5804   	-8.159240   
 1909 	46.6048   	-7.799865   
 1910 	46.6292   	-8.518615   
 1911 	46.6536   	-8.015503   
 1912 	46.6781   	-7.584228   
 1913 	46.7025   	-7.081115   
 1914 	46.7269   	-7.584228   
 1915 	46.7513   	-7.368591   
 1916 	46.7758   	-8.302978   
 1917 	46.8002   	-6.937377   
 1918 	46.8246   	-7.799865   
 1919 	46.8490   	-7.440490   
 1920 	46.8735   	-7.224853   
 1921 	46.8979   	-7.584228   
 1922 	46.9223   	-7.224853   
 1923 	46.9468   	-6.865478   
 1924 	46.9712   	-6.218628   
 1925 	46.9956   	-6.218628   
 1926 	47.0200   	-6.146728   
 1927 	47.0445   	-5.859253   
 1928 	47.0689   	-5.571716   
 1929 	47.0933   	-5.427978   
 1930 	47.1177   	-5.068604   
 1931 	47.1422   	-4.781128   
 1932 	47.1666   	-4.493591   
 1933 	47.1910   	-4.996704   
 1934 	47.2154   	-4.277954   
 1935 	47.2399   	-3.127990   
 1936 	47.2643   	-3.343628   
 1937 	47.2887   	-2.984253   
 1938 	47.3131   	-2.912354   
 1939 	47.3376   	-3.918579   
 1940 	47.3620   	-3.918579   
 1941 	47.3864   	-4.206116   
 1942 	47.4108   	-4.709229   
 1943 	47.4353   	-4.565491   
 1944 	47.4597   	-4.206116   
 1945 	47.4841   	-4.924866   
 1946 	47.5085   	-5.212341   
 1947 	47.5330   	-5.356079   
 1948 	47.5574   	-5.643616   
 1949 	47.5818   	-5.643616   
 1950 	47.6063   	-5.715454   
 1951 	47.6307   	-6.074829   
 1952 	47.6551   	-5.140503   
 1953 	47.6795   	-4.996704   
 1954 	47.7040   	-6.362365   
 1955 	47.7284   	-5.571716   
 1956 	47.7528   	-6.290466   
 1957 	47.7772   	-5.356079   
 1958 	47.8017   	-5.356079   
 1959 	47.8261   	-5.859253   
 1960 	47.8505   	-5.787353   
 1961 	47.8749   	-5.715454   
 1962 	47.8994   	-5.571716   
 1963 	47.9238   	-5.427978   
 1964 	47.9482   	-5.140503   
 1965 	47.9726   	-4.924866   
 1966 	47.9971   	-5.571716   
 1967 	48.0215   	-5.859253   
 1968 	48.0459   	-6.506103   
 1969 	48.0703   	-5.859253   
 1970 	48.0948   	-5.931091   
 1971 	48.1192   	-5.859253   
 1972 	48.1436   	-6.434204   
 1973 	48.1681   	-6.074829   
 1974 	48.1925   	-6.434204   
 1975 	48.2169   	-5.715454   
 1976 	48.2413   	-5.427978   
 1977 	48.2658   	-6.074829   
 1978 	48.2902   	-5.499878   
 1979 	48.3146   	-6.290466   
 1980 	48.3390   	-5.715454   
 1981 	48.3635   	-6.649841   
 1982 	48.3879   	-6.506103   
 1983 	48.4123   	-6.218628   
 1984 	48.4367   	-6.578003   
 1985 	48.4612   	-5.931091   
 1986 	48.4856   	-6.649841   
 1987 	48.5100   	-6.793579   
 1988 	48.5344   	-6.721740   
 1989 	48.5589   	-6.218628   
 1990 	48.5833   	-5.859253   
 1991 	48.6077   	-5.427978   
 1992 	48.6321   	-5.356079   
 1993 	48.6566   	-5.427978   
 1994 	48.6810   	-4.637329   
 1995 	48.7054   	-5.499878   
 1996 	48.7298   	-5.427978   
 1997 	48.7543   	-5.931091   
 1998 	48.7787   	-5.140503   
 1999 	48.8031   	-5.571716   
 2000 	48.8276   	-4.781128   
 2001 	48.8520   	-4.637329   
 2002 	48.8764   	-3.918579   
 2003 	48.9008   	-3.774841   
 2004 	48.9253   	-4.277954   
 2005 	48.9497   	-4.852966   
 2006 	48.9741   	-4.565491   
 2007 	48.9985   	-4.709229   
 2008 	49.0230   	-5.787353   
 2009 	49.0474   	-5.931091   
 2010 	49.0718   	-5.931091   
 2011 	49.0962   	-5.787353   
 2012 	49.1207   	-4.637329   
 2013 	49.1451   	-5.068604   
 2014 	49.1695   	-5.715454   
 2015 	49.1939   	-5.427978   
 2016 	49.2184   	-4.924866   
 2017 	49.2428   	-4.996704   
 2018 	49.2672   	-4.852966   
 2019 	49.2916   	-3.990479   
 2020 	49.3161   	-4.565491   
 2021 	49.3405   	-4.493591   
 2022 	49.3649   	-4.062377   
 2023 	49.3893   	-4.421753   
 2024 	49.4138   	-4.493591   
 2025 	49.4382   	-4.421753   
 2026 	49.4626   	-4.565491   
 2027 	49.4871   	-4.349854   
 2028 	49.5115   	-4.349854   
 2029 	49.5359   	-4.996704   
 2030 	49.5603   	-4.924866   
 2031 	49.5848   	-5.356079   
 2032 	49.6092   	-5.571716   
 2033 	49.6336   	-6.146728   
 2034 	49.6580   	-5.715454   
 2035 	49.6825   	-5.643616   
 2036 	49.7069   	-5.499878   
 2037 	49.7313   	-4.924866   
 2038 	49.7557   	-5.859253   
 2039 	49.7802   	-5.571716   
 2040 	49.8046   	-6.074829   
 2041 	49.8290   	-4.996704   
 2042 	49.8534   	-5.715454   
 2043 	49.8779   	-5.140503   
 2044 	49.9023   	-5.212341   
 2045 	49.9267   	-5.140503   
 2046 	49.9511   	-5.571716   
 2047 	49.9756   	-6.074829   
 2048 	50.0000   	-5.787353   

