
 1    	0.0000    	-67.826416  
 2    	0.0244    	-68.257629  
 3    	0.0489    	-68.760803  
 4    	0.0733    	-68.545166  
 5    	0.0977    	-67.970154  
 6    	0.1221    	-69.120178  
 7    	0.1466    	-68.976379  
 8    	0.1710    	-68.617004  
 9    	0.1954    	-68.329529  
 10   	0.2198    	-68.257629  
 11   	0.2443    	-67.754517  
 12   	0.2687    	-68.401428  
 13   	0.2931    	-68.976379  
 14   	0.3175    	-69.048279  
 15   	0.3420    	-69.120178  
 16   	0.3664    	-69.048279  
 17   	0.3908    	-69.479553  
 18   	0.4152    	-68.401428  
 19   	0.4397    	-69.263916  
 20   	0.4641    	-68.688904  
 21   	0.4885    	-69.048279  
 22   	0.5129    	-69.263916  
 23   	0.5374    	-69.048279  
 24   	0.5618    	-68.545166  
 25   	0.5862    	-67.323303  
 26   	0.6106    	-68.113892  
 27   	0.6351    	-68.617004  
 28   	0.6595    	-68.257629  
 29   	0.6839    	-67.826416  
 30   	0.7084    	-67.826416  
 31   	0.7328    	-67.970154  
 32   	0.7572    	-68.329529  
 33   	0.7816    	-68.545166  
 34   	0.8061    	-68.185791  
 35   	0.8305    	-69.048279  
 36   	0.8549    	-68.688904  
 37   	0.8793    	-68.185791  
 38   	0.9038    	-68.545166  
 39   	0.9282    	-69.479553  
 40   	0.9526    	-69.120178  
 41   	0.9770    	-69.982666  
 42   	1.0015    	-68.832642  
 43   	1.0259    	-68.688904  
 44   	1.0503    	-69.263916  
 45   	1.0747    	-69.120178  
 46   	1.0992    	-69.335754  
 47   	1.1236    	-69.407654  
 48   	1.1480    	-68.904541  
 49   	1.1724    	-69.910767  
 50   	1.1969    	-69.120178  
 51   	1.2213    	-68.545166  
 52   	1.2457    	-68.473267  
 53   	1.2702    	-68.617004  
 54   	1.2946    	-68.185791  
 55   	1.3190    	-69.551392  
 56   	1.3434    	-69.982666  
 57   	1.3679    	-69.551392  
 58   	1.3923    	-69.263916  
 59   	1.4167    	-70.126404  
 60   	1.4411    	-69.623291  
 61   	1.4656    	-69.407654  
 62   	1.4900    	-69.407654  
 63   	1.5144    	-69.192017  
 64   	1.5388    	-68.904541  
 65   	1.5633    	-68.401428  
 66   	1.5877    	-68.401428  
 67   	1.6121    	-68.257629  
 68   	1.6365    	-68.904541  
 69   	1.6610    	-69.479553  
 70   	1.6854    	-69.192017  
 71   	1.7098    	-70.054504  
 72   	1.7342    	-70.198303  
 73   	1.7587    	-69.982666  
 74   	1.7831    	-69.407654  
 75   	1.8075    	-69.407654  
 76   	1.8319    	-69.767029  
 77   	1.8564    	-70.413879  
 78   	1.8808    	-69.695129  
 79   	1.9052    	-70.342041  
 80   	1.9297    	-70.773254  
 81   	1.9541    	-70.198303  
 82   	1.9785    	-70.198303  
 83   	2.0029    	-69.335754  
 84   	2.0274    	-69.551392  
 85   	2.0518    	-68.976379  
 86   	2.0762    	-69.407654  
 87   	2.1006    	-68.760803  
 88   	2.1251    	-69.982666  
 89   	2.1495    	-70.342041  
 90   	2.1739    	-69.695129  
 91   	2.1983    	-69.335754  
 92   	2.2228    	-69.479553  
 93   	2.2472    	-68.473267  
 94   	2.2716    	-68.832642  
 95   	2.2960    	-68.904541  
 96   	2.3205    	-69.838928  
 97   	2.3449    	-69.120178  
 98   	2.3693    	-68.257629  
 99   	2.3937    	-68.185791  
 100  	2.4182    	-69.335754  
 101  	2.4426    	-69.479553  
 102  	2.4670    	-69.048279  
 103  	2.4915    	-70.270142  
 104  	2.5159    	-69.479553  
 105  	2.5403    	-69.048279  
 106  	2.5647    	-68.688904  
 107  	2.5892    	-67.970154  
 108  	2.6136    	-68.473267  
 109  	2.6380    	-68.257629  
 110  	2.6624    	-68.832642  
 111  	2.6869    	-68.401428  
 112  	2.7113    	-67.970154  
 113  	2.7357    	-68.904541  
 114  	2.7601    	-69.048279  
 115  	2.7846    	-69.838928  
 116  	2.8090    	-69.767029  
 117  	2.8334    	-69.048279  
 118  	2.8578    	-69.335754  
 119  	2.8823    	-68.401428  
 120  	2.9067    	-68.760803  
 121  	2.9311    	-69.263916  
 122  	2.9555    	-68.329529  
 123  	2.9800    	-67.251404  
 124  	3.0044    	-67.395142  
 125  	3.0288    	-68.042053  
 126  	3.0532    	-68.760803  
 127  	3.0777    	-68.401428  
 128  	3.1021    	-67.898254  
 129  	3.1265    	-68.185791  
 130  	3.1510    	-68.257629  
 131  	3.1754    	-68.113892  
 132  	3.1998    	-67.682678  
 133  	3.2242    	-67.467041  
 134  	3.2487    	-67.395142  
 135  	3.2731    	-67.826416  
 136  	3.2975    	-68.113892  
 137  	3.3219    	-68.257629  
 138  	3.3464    	-68.042053  
 139  	3.3708    	-67.395142  
 140  	3.3952    	-67.179504  
 141  	3.4196    	-67.251404  
 142  	3.4441    	-67.538879  
 143  	3.4685    	-67.035767  
 144  	3.4929    	-66.748291  
 145  	3.5173    	-67.395142  
 146  	3.5418    	-67.107666  
 147  	3.5662    	-66.820129  
 148  	3.5906    	-67.538879  
 149  	3.6150    	-66.676392  
 150  	3.6395    	-67.179504  
 151  	3.6639    	-66.892029  
 152  	3.6883    	-67.467041  
 153  	3.7128    	-66.820129  
 154  	3.7372    	-66.820129  
 155  	3.7616    	-65.957642  
 156  	3.7860    	-66.317017  
 157  	3.8105    	-67.323303  
 158  	3.8349    	-67.395142  
 159  	3.8593    	-68.185791  
 160  	3.8837    	-68.329529  
 161  	3.9082    	-67.395142  
 162  	3.9326    	-67.467041  
 163  	3.9570    	-67.179504  
 164  	3.9814    	-68.042053  
 165  	4.0059    	-68.473267  
 166  	4.0303    	-68.113892  
 167  	4.0547    	-68.113892  
 168  	4.0791    	-68.113892  
 169  	4.1036    	-68.617004  
 170  	4.1280    	-67.467041  
 171  	4.1524    	-68.976379  
 172  	4.1768    	-68.832642  
 173  	4.2013    	-69.551392  
 174  	4.2257    	-68.832642  
 175  	4.2501    	-68.760803  
 176  	4.2745    	-68.401428  
 177  	4.2990    	-68.329529  
 178  	4.3234    	-68.760803  
 179  	4.3478    	-68.832642  
 180  	4.3723    	-68.113892  
 181  	4.3967    	-68.257629  
 182  	4.4211    	-67.682678  
 183  	4.4455    	-67.970154  
 184  	4.4700    	-67.323303  
 185  	4.4944    	-67.467041  
 186  	4.5188    	-67.970154  
 187  	4.5432    	-68.329529  
 188  	4.5677    	-68.760803  
 189  	4.5921    	-68.257629  
 190  	4.6165    	-67.682678  
 191  	4.6409    	-67.754517  
 192  	4.6654    	-67.179504  
 193  	4.6898    	-66.963928  
 194  	4.7142    	-68.257629  
 195  	4.7386    	-67.898254  
 196  	4.7631    	-67.826416  
 197  	4.7875    	-67.323303  
 198  	4.8119    	-66.532654  
 199  	4.8363    	-66.604553  
 200  	4.8608    	-65.742004  
 201  	4.8852    	-64.951416  
 202  	4.9096    	-65.167053  
 203  	4.9340    	-64.592041  
 204  	4.9585    	-64.735779  
 205  	4.9829    	-65.023254  
 206  	5.0073    	-64.017029  
 207  	5.0318    	-64.520142  
 208  	5.0562    	-64.807678  
 209  	5.0806    	-63.226379  
 210  	5.1050    	-62.363892  
 211  	5.1295    	-61.860775  
 212  	5.1539    	-60.926392  
 213  	5.1783    	-59.345154  
 214  	5.2027    	-58.482666  
 215  	5.2272    	-57.763912  
 216  	5.2516    	-56.685791  
 217  	5.2760    	-56.470154  
 218  	5.3004    	-55.823303  
 219  	5.3249    	-56.182678  
 220  	5.3493    	-55.823303  
 221  	5.3737    	-55.535767  
 222  	5.3981    	-55.248291  
 223  	5.4226    	-55.248291  
 224  	5.4470    	-54.170166  
 225  	5.4714    	-52.157654  
 226  	5.4958    	-45.401428  
 227  	5.5203    	-32.463928  
 228  	5.5447    	-12.482666  
 229  	5.5691    	7.786071    
 230  	5.5936    	21.658020   
 231  	5.6180    	32.223572   
 232  	5.6424    	39.051697   
 233  	5.6668    	45.304871   
 234  	5.6913    	50.479797   
 235  	5.7157    	52.276672   
 236  	5.7401    	53.570496   
 237  	5.7645    	56.229794   
 238  	5.7890    	57.523621   
 239  	5.8134    	58.386047   
 240  	5.8378    	58.601746   
 241  	5.8622    	59.679871   
 242  	5.8867    	59.392395   
 243  	5.9111    	59.823547   
 244  	5.9355    	59.607971   
 245  	5.9599    	60.326721   
 246  	5.9844    	61.332947   
 247  	6.0088    	61.117367   
 248  	6.0332    	61.548645   
 249  	6.0576    	61.908016   
 250  	6.0821    	62.914246   
 251  	6.1065    	62.986145   
 252  	6.1309    	64.136047   
 253  	6.1553    	63.704891   
 254  	6.1798    	64.783020   
 255  	6.2042    	64.567322   
 256  	6.2286    	65.286072   
 257  	6.2531    	64.279846   
 258  	6.2775    	63.848572   
 259  	6.3019    	63.848572   
 260  	6.3263    	63.992367   
 261  	6.3508    	64.207947   
 262  	6.3752    	63.201717   
 263  	6.3996    	63.273621   
 264  	6.4240    	63.489193   
 265  	6.4485    	63.992367   
 266  	6.4729    	63.920471   
 267  	6.4973    	63.489193   
 268  	6.5217    	64.567322   
 269  	6.5462    	64.926697   
 270  	6.5706    	64.639221   
 271  	6.5950    	64.639221   
 272  	6.6194    	65.286072   
 273  	6.6439    	66.076721   
 274  	6.6683    	66.867371   
 275  	6.6927    	66.939270   
 276  	6.7171    	65.861145   
 277  	6.7416    	66.579895   
 278  	6.7660    	65.214172   
 279  	6.7904    	66.436096   
 280  	6.8149    	66.579895   
 281  	6.8393    	67.154846   
 282  	6.8637    	67.729797   
 283  	6.8881    	67.514221   
 284  	6.9126    	67.154846   
 285  	6.9370    	68.232971   
 286  	6.9614    	67.298645   
 287  	6.9858    	67.729797   
 288  	7.0103    	68.089172   
 289  	7.0347    	68.951721   
 290  	7.0591    	69.095520   
 291  	7.0835    	67.945496   
 292  	7.1080    	68.448547   
 293  	7.1324    	69.167297   
 294  	7.1568    	68.232971   
 295  	7.1812    	67.442322   
 296  	7.2057    	67.011047   
 297  	7.2301    	67.442322   
 298  	7.2545    	68.879822   
 299  	7.2789    	68.376770   
 300  	7.3034    	68.664246   
 301  	7.3278    	68.664246   
 302  	7.3522    	69.239197   
 303  	7.3766    	70.820496   
 304  	7.4011    	70.533020   
 305  	7.4255    	70.101746   
 306  	7.4499    	70.101746   
 307  	7.4744    	69.454895   
 308  	7.4988    	69.886047   
 309  	7.5232    	70.029846   
 310  	7.5476    	69.957947   
 311  	7.5721    	69.598572   
 312  	7.5965    	68.448547   
 313  	7.6209    	68.376770   
 314  	7.6453    	68.951721   
 315  	7.6698    	68.376770   
 316  	7.6942    	68.951721   
 317  	7.7186    	68.376770   
 318  	7.7430    	68.736145   
 319  	7.7675    	68.161072   
 320  	7.7919    	69.957947   
 321  	7.8163    	70.533020   
 322  	7.8407    	70.461121   
 323  	7.8652    	69.670471   
 324  	7.8896    	69.886047   
 325  	7.9140    	68.736145   
 326  	7.9384    	70.461121   
 327  	7.9629    	70.604797   
 328  	7.9873    	70.892395   
 329  	8.0117    	70.533020   
 330  	8.0362    	70.317322   
 331  	8.0606    	70.461121   
 332  	8.0850    	70.101746   
 333  	8.1094    	69.957947   
 334  	8.1339    	68.520447   
 335  	8.1583    	69.526672   
 336  	8.1827    	68.232971   
 337  	8.2071    	68.736145   
 338  	8.2316    	68.592346   
 339  	8.2560    	69.239197   
 340  	8.2804    	68.879822   
 341  	8.3048    	69.167297   
 342  	8.3293    	69.742371   
 343  	8.3537    	69.526672   
 344  	8.3781    	68.664246   
 345  	8.4025    	69.095520   
 346  	8.4270    	68.592346   
 347  	8.4514    	69.095520   
 348  	8.4758    	68.807922   
 349  	8.5002    	69.167297   
 350  	8.5247    	68.951721   
 351  	8.5491    	68.448547   
 352  	8.5735    	69.311096   
 353  	8.5979    	68.592346   
 354  	8.6224    	68.664246   
 355  	8.6468    	68.664246   
 356  	8.6712    	68.017395   
 357  	8.6957    	68.807922   
 358  	8.7201    	68.520447   
 359  	8.7445    	69.382996   
 360  	8.7689    	69.095520   
 361  	8.7934    	69.454895   
 362  	8.8178    	70.029846   
 363  	8.8422    	71.179871   
 364  	8.8666    	70.604797   
 365  	8.8911    	70.604797   
 366  	8.9155    	70.173645   
 367  	8.9399    	71.539246   
 368  	8.9643    	72.329895   
 369  	8.9888    	72.401672   
 370  	9.0132    	72.114197   
 371  	9.0376    	71.611145   
 372  	9.0620    	71.179871   
 373  	9.0865    	70.892395   
 374  	9.1109    	70.533020   
 375  	9.1353    	69.598572   
 376  	9.1597    	70.317322   
 377  	9.1842    	70.461121   
 378  	9.2086    	70.676697   
 379  	9.2330    	70.101746   
 380  	9.2574    	70.173645   
 381  	9.2819    	70.604797   
 382  	9.3063    	70.461121   
 383  	9.3307    	70.820496   
 384  	9.3552    	70.461121   
 385  	9.3796    	69.670471   
 386  	9.4040    	70.892395   
 387  	9.4284    	70.533020   
 388  	9.4529    	70.892395   
 389  	9.4773    	71.036072   
 390  	9.5017    	69.598572   
 391  	9.5261    	69.095520   
 392  	9.5506    	70.892395   
 393  	9.5750    	70.389221   
 394  	9.5994    	69.742371   
 395  	9.6238    	69.311096   
 396  	9.6483    	69.454895   
 397  	9.6727    	69.526672   
 398  	9.6971    	70.101746   
 399  	9.7215    	71.467346   
 400  	9.7460    	72.473572   
 401  	9.7704    	71.395447   
 402  	9.7948    	70.461121   
 403  	9.8192    	70.604797   
 404  	9.8437    	70.748596   
 405  	9.8681    	71.323547   
 406  	9.8925    	70.964172   
 407  	9.9170    	70.604797   
 408  	9.9414    	71.467346   
 409  	9.9658    	70.676697   
 410  	9.9902    	71.467346   
 411  	10.0147   	71.467346   
 412  	10.0391   	71.970520   
 413  	10.0635   	70.461121   
 414  	10.0879   	70.173645   
 415  	10.1124   	69.886047   
 416  	10.1368   	70.389221   
 417  	10.1612   	69.886047   
 418  	10.1856   	70.461121   
 419  	10.2101   	70.676697   
 420  	10.2345   	70.964172   
 421  	10.2589   	71.467346   
 422  	10.2833   	72.257996   
 423  	10.3078   	71.395447   
 424  	10.3322   	70.676697   
 425  	10.3566   	70.245422   
 426  	10.3810   	70.533020   
 427  	10.4055   	70.676697   
 428  	10.4299   	70.604797   
 429  	10.4543   	70.604797   
 430  	10.4787   	70.317322   
 431  	10.5032   	70.604797   
 432  	10.5276   	70.389221   
 433  	10.5520   	71.036072   
 434  	10.5765   	71.179871   
 435  	10.6009   	70.892395   
 436  	10.6253   	71.539246   
 437  	10.6497   	70.029846   
 438  	10.6742   	70.604797   
 439  	10.6986   	70.173645   
 440  	10.7230   	70.245422   
 441  	10.7474   	70.101746   
 442  	10.7719   	69.670471   
 443  	10.7963   	69.886047   
 444  	10.8207   	69.095520   
 445  	10.8451   	69.167297   
 446  	10.8696   	69.814270   
 447  	10.8940   	70.101746   
 448  	10.9184   	70.173645   
 449  	10.9428   	69.814270   
 450  	10.9673   	68.879822   
 451  	10.9917   	69.526672   
 452  	11.0161   	69.742371   
 453  	11.0405   	69.526672   
 454  	11.0650   	70.173645   
 455  	11.0894   	70.101746   
 456  	11.1138   	70.389221   
 457  	11.1383   	70.964172   
 458  	11.1627   	69.814270   
 459  	11.1871   	69.957947   
 460  	11.2115   	70.101746   
 461  	11.2360   	70.461121   
 462  	11.2604   	70.245422   
 463  	11.2848   	70.101746   
 464  	11.3092   	69.670471   
 465  	11.3337   	69.526672   
 466  	11.3581   	69.454895   
 467  	11.3825   	69.095520   
 468  	11.4069   	69.957947   
 469  	11.4314   	69.454895   
 470  	11.4558   	70.317322   
 471  	11.4802   	70.389221   
 472  	11.5046   	70.676697   
 473  	11.5291   	70.892395   
 474  	11.5535   	70.748596   
 475  	11.5779   	70.029846   
 476  	11.6023   	69.239197   
 477  	11.6268   	68.879822   
 478  	11.6512   	70.317322   
 479  	11.6756   	70.820496   
 480  	11.7000   	69.886047   
 481  	11.7245   	69.382996   
 482  	11.7489   	69.239197   
 483  	11.7733   	69.598572   
 484  	11.7978   	70.173645   
 485  	11.8222   	68.592346   
 486  	11.8466   	68.951721   
 487  	11.8710   	69.239197   
 488  	11.8955   	68.879822   
 489  	11.9199   	69.454895   
 490  	11.9443   	69.382996   
 491  	11.9687   	68.448547   
 492  	11.9932   	69.454895   
 493  	12.0176   	69.311096   
 494  	12.0420   	68.664246   
 495  	12.0664   	68.664246   
 496  	12.0909   	68.520447   
 497  	12.1153   	69.239197   
 498  	12.1397   	68.304871   
 499  	12.1641   	67.729797   
 500  	12.1886   	67.586121   
 501  	12.2130   	67.514221   
 502  	12.2374   	66.939270   
 503  	12.2618   	66.579895   
 504  	12.2863   	66.795471   
 505  	12.3107   	68.376770   
 506  	12.3351   	68.376770   
 507  	12.3596   	67.082947   
 508  	12.3840   	67.658020   
 509  	12.4084   	67.370422   
 510  	12.4328   	67.298645   
 511  	12.4573   	68.089172   
 512  	12.4817   	68.161072   
 513  	12.5061   	67.298645   
 514  	12.5305   	66.795471   
 515  	12.5550   	66.723572   
 516  	12.5794   	66.579895   
 517  	12.6038   	66.867371   
 518  	12.6282   	66.651672   
 519  	12.6527   	66.436096   
 520  	12.6771   	67.226746   
 521  	12.7015   	67.442322   
 522  	12.7259   	66.867371   
 523  	12.7504   	68.017395   
 524  	12.7748   	67.442322   
 525  	12.7992   	66.795471   
 526  	12.8236   	66.939270   
 527  	12.8481   	66.723572   
 528  	12.8725   	66.651672   
 529  	12.8969   	65.717346   
 530  	12.9213   	66.364197   
 531  	12.9458   	66.723572   
 532  	12.9702   	66.004822   
 533  	12.9946   	65.501770   
 534  	13.0191   	65.501770   
 535  	13.0435   	66.292297   
 536  	13.0679   	66.220520   
 537  	13.0923   	65.142395   
 538  	13.1168   	65.717346   
 539  	13.1412   	64.854797   
 540  	13.1656   	66.436096   
 541  	13.1900   	65.717346   
 542  	13.2145   	66.795471   
 543  	13.2389   	66.292297   
 544  	13.2633   	66.579895   
 545  	13.2877   	65.645447   
 546  	13.3122   	65.357971   
 547  	13.3366   	64.926697   
 548  	13.3610   	65.214172   
 549  	13.3854   	65.142395   
 550  	13.4099   	66.507996   
 551  	13.4343   	65.070496   
 552  	13.4587   	65.142395   
 553  	13.4831   	65.789246   
 554  	13.5076   	65.717346   
 555  	13.5320   	65.573547   
 556  	13.5564   	65.142395   
 557  	13.5808   	66.076721   
 558  	13.6053   	66.148621   
 559  	13.6297   	66.148621   
 560  	13.6541   	66.651672   
 561  	13.6786   	66.220520   
 562  	13.7030   	65.501770   
 563  	13.7274   	66.148621   
 564  	13.7518   	65.861145   
 565  	13.7763   	65.142395   
 566  	13.8007   	64.926697   
 567  	13.8251   	66.148621   
 568  	13.8495   	65.645447   
 569  	13.8740   	66.795471   
 570  	13.8984   	66.723572   
 571  	13.9228   	66.148621   
 572  	13.9472   	65.286072   
 573  	13.9717   	65.357971   
 574  	13.9961   	66.076721   
 575  	14.0205   	65.357971   
 576  	14.0449   	65.501770   
 577  	14.0694   	64.998596   
 578  	14.0938   	66.076721   
 579  	14.1182   	64.926697   
 580  	14.1426   	65.214172   
 581  	14.1671   	64.207947   
 582  	14.1915   	64.279846   
 583  	14.2159   	64.279846   
 584  	14.2404   	64.279846   
 585  	14.2648   	65.573547   
 586  	14.2892   	65.214172   
 587  	14.3136   	65.070496   
 588  	14.3381   	65.142395   
 589  	14.3625   	66.148621   
 590  	14.3869   	66.004822   
 591  	14.4113   	64.783020   
 592  	14.4358   	64.854797   
 593  	14.4602   	64.926697   
 594  	14.4846   	64.567322   
 595  	14.5090   	63.561096   
 596  	14.5335   	64.423645   
 597  	14.5579   	64.926697   
 598  	14.5823   	65.501770   
 599  	14.6067   	65.645447   
 600  	14.6312   	65.789246   
 601  	14.6556   	65.861145   
 602  	14.6800   	66.148621   
 603  	14.7044   	66.867371   
 604  	14.7289   	67.011047   
 605  	14.7533   	66.148621   
 606  	14.7777   	66.651672   
 607  	14.8021   	66.004822   
 608  	14.8266   	66.292297   
 609  	14.8510   	67.658020   
 610  	14.8754   	67.442322   
 611  	14.8999   	66.723572   
 612  	14.9243   	66.436096   
 613  	14.9487   	66.076721   
 614  	14.9731   	66.148621   
 615  	14.9976   	66.292297   
 616  	15.0220   	65.429871   
 617  	15.0464   	65.429871   
 618  	15.0708   	66.364197   
 619  	15.0953   	65.861145   
 620  	15.1197   	65.789246   
 621  	15.1441   	65.357971   
 622  	15.1685   	66.148621   
 623  	15.1930   	66.004822   
 624  	15.2174   	66.651672   
 625  	15.2418   	66.148621   
 626  	15.2662   	65.789246   
 627  	15.2907   	65.717346   
 628  	15.3151   	65.789246   
 629  	15.3395   	65.357971   
 630  	15.3639   	64.783020   
 631  	15.3884   	65.645447   
 632  	15.4128   	66.436096   
 633  	15.4372   	65.357971   
 634  	15.4617   	65.214172   
 635  	15.4861   	65.861145   
 636  	15.5105   	65.573547   
 637  	15.5349   	66.220520   
 638  	15.5594   	66.004822   
 639  	15.5838   	65.142395   
 640  	15.6082   	65.717346   
 641  	15.6326   	66.148621   
 642  	15.6571   	66.004822   
 643  	15.6815   	65.142395   
 644  	15.7059   	65.214172   
 645  	15.7303   	65.214172   
 646  	15.7548   	65.429871   
 647  	15.7792   	65.357971   
 648  	15.8036   	65.357971   
 649  	15.8280   	64.854797   
 650  	15.8525   	65.142395   
 651  	15.8769   	65.286072   
 652  	15.9013   	64.351746   
 653  	15.9257   	63.489193   
 654  	15.9502   	63.273621   
 655  	15.9746   	62.626770   
 656  	15.9990   	63.704891   
 657  	16.0234   	63.776672   
 658  	16.0479   	63.920471   
 659  	16.0723   	63.345516   
 660  	16.0967   	63.345516   
 661  	16.1212   	64.136047   
 662  	16.1456   	61.908016   
 663  	16.1700   	62.411072   
 664  	16.1944   	62.482971   
 665  	16.2189   	62.267395   
 666  	16.2433   	60.398621   
 667  	16.2677   	60.254818   
 668  	16.2921   	60.254818   
 669  	16.3166   	59.104797   
 670  	16.3410   	59.679871   
 671  	16.3654   	58.673641   
 672  	16.3898   	58.745422   
 673  	16.4143   	57.451721   
 674  	16.4387   	57.307922   
 675  	16.4631   	56.373596   
 676  	16.4875   	56.445492   
 677  	16.5120   	56.014221   
 678  	16.5364   	56.229794   
 679  	16.5608   	56.301697   
 680  	16.5852   	55.223572   
 681  	16.6097   	54.792294   
 682  	16.6341   	54.648617   
 683  	16.6585   	54.217346   
 684  	16.6830   	54.145443   
 685  	16.7074   	53.714172   
 686  	16.7318   	52.204895   
 687  	16.7562   	51.989197   
 688  	16.7807   	51.414246   
 689  	16.8051   	51.342346   
 690  	16.8295   	51.270443   
 691  	16.8539   	50.623592   
 692  	16.8784   	49.976742   
 693  	16.9028   	49.976742   
 694  	16.9272   	48.826721   
 695  	16.9516   	47.604797   
 696  	16.9761   	48.107971   
 697  	17.0005   	48.107971   
 698  	17.0249   	48.107971   
 699  	17.0493   	47.964172   
 700  	17.0738   	48.611145   
 701  	17.0982   	48.179871   
 702  	17.1226   	46.742371   
 703  	17.1470   	46.023621   
 704  	17.1715   	46.023621   
 705  	17.1959   	45.736145   
 706  	17.2203   	45.089172   
 707  	17.2447   	44.801693   
 708  	17.2692   	44.226746   
 709  	17.2936   	43.507996   
 710  	17.3180   	42.789246   
 711  	17.3425   	41.926697   
 712  	17.3669   	41.639221   
 713  	17.3913   	41.639221   
 714  	17.4157   	40.273621   
 715  	17.4402   	40.129822   
 716  	17.4646   	38.979797   
 717  	17.4890   	38.620422   
 718  	17.5134   	38.404846   
 719  	17.5379   	37.757996   
 720  	17.5623   	37.470520   
 721  	17.5867   	36.967346   
 722  	17.6111   	36.320496   
 723  	17.6356   	35.529846   
 724  	17.6600   	33.804871   
 725  	17.6844   	33.158020   
 726  	17.7088   	33.158020   
 727  	17.7333   	33.301697   
 728  	17.7577   	32.942322   
 729  	17.7821   	33.517395   
 730  	17.8065   	32.726746   
 731  	17.8310   	31.648621   
 732  	17.8554   	31.720520   
 733  	17.8798   	29.995422   
 734  	17.9042   	28.845520   
 735  	17.9287   	29.132996   
 736  	17.9531   	29.492371   
 737  	17.9775   	28.629822   
 738  	18.0020   	28.557922   
 739  	18.0264   	27.982969   
 740  	18.0508   	27.408020   
 741  	18.0752   	26.401672   
 742  	18.0997   	25.682922   
 743  	18.1241   	24.820496   
 744  	18.1485   	23.526670   
 745  	18.1729   	23.454895   
 746  	18.1974   	22.448547   
 747  	18.2218   	22.161072   
 748  	18.2462   	20.867371   
 749  	18.2706   	19.789246   
 750  	18.2951   	20.004822   
 751  	18.3195   	20.507996   
 752  	18.3439   	20.220520   
 753  	18.3683   	20.076721   
 754  	18.3928   	18.783020   
 755  	18.4172   	18.423645   
 756  	18.4416   	18.854797   
 757  	18.4660   	18.207947   
 758  	18.4905   	16.482971   
 759  	18.5149   	16.770447   
 760  	18.5393   	15.692322   
 761  	18.5638   	14.542296   
 762  	18.5882   	13.895447   
 763  	18.6126   	13.464172   
 764  	18.6370   	12.314270   
 765  	18.6615   	11.451721   
 766  	18.6859   	10.948547   
 767  	18.7103   	10.229797   
 768  	18.7347   	9.582947    
 769  	18.7592   	8.432922    
 770  	18.7836   	7.139221    
 771  	18.8080   	5.917297    
 772  	18.8324   	5.342346    
 773  	18.8569   	5.126770    
 774  	18.8813   	3.904846    
 775  	18.9057   	3.186096    
 776  	18.9301   	2.395447    
 777  	18.9546   	1.964172    
 778  	18.9790   	0.886047    
 779  	19.0034   	-0.407654   
 780  	19.0278   	-1.413879   
 781  	19.0523   	-2.635803   
 782  	19.0767   	-3.570129   
 783  	19.1011   	-3.498230   
 784  	19.1255   	-4.935730   
 785  	19.1500   	-6.301453   
 786  	19.1744   	-6.157654   
 787  	19.1988   	-7.307678   
 788  	19.2233   	-7.810730   
 789  	19.2477   	-9.104553   
 790  	19.2721   	-10.757629  
 791  	19.2965   	-11.332641  
 792  	19.3210   	-12.267028  
 793  	19.3454   	-13.488892  
 794  	19.3698   	-13.920165  
 795  	19.3942   	-15.070128  
 796  	19.4187   	-15.860779  
 797  	19.4431   	-17.298279  
 798  	19.4675   	-17.585754  
 799  	19.4919   	-18.304504  
 800  	19.5164   	-18.807678  
 801  	19.5408   	-19.454529  
 802  	19.5652   	-19.885803  
 803  	19.5896   	-19.813904  
 804  	19.6141   	-19.885803  
 805  	19.6385   	-21.035767  
 806  	19.6629   	-22.329529  
 807  	19.6873   	-22.185791  
 808  	19.7118   	-23.551392  
 809  	19.7362   	-24.557678  
 810  	19.7606   	-25.276428  
 811  	19.7851   	-26.354553  
 812  	19.8095   	-27.073301  
 813  	19.8339   	-27.360779  
 814  	19.8583   	-28.582640  
 815  	19.8828   	-27.863892  
 816  	19.9072   	-28.726377  
 817  	19.9316   	-28.510801  
 818  	19.9560   	-29.588928  
 819  	19.9805   	-29.517029  
 820  	20.0049   	-30.451416  
 821  	20.0293   	-31.960752  
 822  	20.0537   	-33.398254  
 823  	20.0782   	-33.182678  
 824  	20.1026   	-32.463928  
 825  	20.1270   	-33.542053  
 826  	20.1514   	-33.973267  
 827  	20.1759   	-34.763916  
 828  	20.2003   	-34.979553  
 829  	20.2247   	-35.338928  
 830  	20.2491   	-35.482666  
 831  	20.2736   	-36.057678  
 832  	20.2980   	-36.776428  
 833  	20.3224   	-37.135803  
 834  	20.3468   	-37.351379  
 835  	20.3713   	-37.351379  
 836  	20.3957   	-37.782654  
 837  	20.4201   	-38.717041  
 838  	20.4446   	-37.926392  
 839  	20.4690   	-39.292053  
 840  	20.4934   	-39.148254  
 841  	20.5178   	-40.370178  
 842  	20.5423   	-41.017029  
 843  	20.5667   	-40.729553  
 844  	20.5911   	-41.735779  
 845  	20.6155   	-42.670166  
 846  	20.6400   	-43.317013  
 847  	20.6644   	-43.245178  
 848  	20.6888   	-43.963928  
 849  	20.7132   	-44.538879  
 850  	20.7377   	-44.754517  
 851  	20.7621   	-45.473267  
 852  	20.7865   	-46.048279  
 853  	20.8109   	-45.904541  
 854  	20.8354   	-46.335754  
 855  	20.8598   	-47.988892  
 856  	20.8842   	-48.060791  
 857  	20.9086   	-48.851379  
 858  	20.9331   	-48.779541  
 859  	20.9575   	-50.288879  
 860  	20.9819   	-49.282650  
 861  	21.0064   	-50.073303  
 862  	21.0308   	-50.217041  
 863  	21.0552   	-51.007629  
 864  	21.0796   	-51.367001  
 865  	21.1041   	-52.876404  
 866  	21.1285   	-53.882629  
 867  	21.1529   	-54.529537  
 868  	21.1773   	-54.673279  
 869  	21.2018   	-55.463928  
 870  	21.2262   	-55.967037  
 871  	21.2506   	-56.326412  
 872  	21.2750   	-57.045166  
 873  	21.2995   	-56.685791  
 874  	21.3239   	-56.901428  
 875  	21.3483   	-56.542049  
 876  	21.3727   	-57.045166  
 877  	21.3972   	-56.901428  
 878  	21.4216   	-56.973267  
 879  	21.4460   	-58.123291  
 880  	21.4704   	-58.267029  
 881  	21.4949   	-58.985779  
 882  	21.5193   	-60.279541  
 883  	21.5437   	-59.129517  
 884  	21.5681   	-60.279541  
 885  	21.5926   	-60.279541  
 886  	21.6170   	-60.495178  
 887  	21.6414   	-59.345154  
 888  	21.6659   	-60.495178  
 889  	21.6903   	-60.351379  
 890  	21.7147   	-59.992004  
 891  	21.7391   	-61.429504  
 892  	21.7636   	-60.710751  
 893  	21.7880   	-61.142029  
 894  	21.8124   	-60.710751  
 895  	21.8368   	-60.207642  
 896  	21.8613   	-60.495178  
 897  	21.8857   	-60.710751  
 898  	21.9101   	-60.207642  
 899  	21.9345   	-61.213924  
 900  	21.9590   	-62.076412  
 901  	21.9834   	-61.573303  
 902  	22.0078   	-61.788879  
 903  	22.0322   	-62.004517  
 904  	22.0567   	-61.717041  
 905  	22.0811   	-61.429504  
 906  	22.1055   	-62.004517  
 907  	22.1299   	-62.507626  
 908  	22.1544   	-62.795166  
 909  	22.1788   	-63.585754  
 910  	22.2032   	-64.232666  
 911  	22.2277   	-63.729553  
 912  	22.2521   	-64.160767  
 913  	22.2765   	-65.167053  
 914  	22.3009   	-64.592041  
 915  	22.3254   	-65.957642  
 916  	22.3498   	-65.454529  
 917  	22.3742   	-66.245178  
 918  	22.3986   	-67.035767  
 919  	22.4231   	-66.101379  
 920  	22.4475   	-66.101379  
 921  	22.4719   	-66.317017  
 922  	22.4963   	-66.460754  
 923  	22.5208   	-66.173279  
 924  	22.5452   	-65.598267  
 925  	22.5696   	-66.029541  
 926  	22.5940   	-66.532654  
 927  	22.6185   	-66.460754  
 928  	22.6429   	-67.179504  
 929  	22.6673   	-66.245178  
 930  	22.6917   	-67.179504  
 931  	22.7162   	-67.754517  
 932  	22.7406   	-67.754517  
 933  	22.7650   	-67.395142  
 934  	22.7894   	-66.388916  
 935  	22.8139   	-66.676392  
 936  	22.8383   	-67.323303  
 937  	22.8627   	-67.467041  
 938  	22.8872   	-68.113892  
 939  	22.9116   	-68.257629  
 940  	22.9360   	-68.329529  
 941  	22.9604   	-67.826416  
 942  	22.9849   	-68.185791  
 943  	23.0093   	-68.545166  
 944  	23.0337   	-68.688904  
 945  	23.0581   	-68.832642  
 946  	23.0826   	-68.113892  
 947  	23.1070   	-68.113892  
 948  	23.1314   	-68.257629  
 949  	23.1558   	-68.257629  
 950  	23.1803   	-68.329529  
 951  	23.2047   	-67.682678  
 952  	23.2291   	-68.329529  
 953  	23.2535   	-68.401428  
 954  	23.2780   	-67.898254  
 955  	23.3024   	-68.113892  
 956  	23.3268   	-67.754517  
 957  	23.3512   	-67.251404  
 958  	23.3757   	-66.892029  
 959  	23.4001   	-67.107666  
 960  	23.4245   	-66.892029  
 961  	23.4489   	-67.826416  
 962  	23.4734   	-67.610779  
 963  	23.4978   	-68.401428  
 964  	23.5222   	-68.904541  
 965  	23.5467   	-68.760803  
 966  	23.5711   	-68.688904  
 967  	23.5955   	-69.551392  
 968  	23.6199   	-69.551392  
 969  	23.6444   	-68.401428  
 970  	23.6688   	-68.832642  
 971  	23.6932   	-68.473267  
 972  	23.7176   	-68.904541  
 973  	23.7421   	-69.048279  
 974  	23.7665   	-68.904541  
 975  	23.7909   	-68.185791  
 976  	23.8153   	-68.617004  
 977  	23.8398   	-68.545166  
 978  	23.8642   	-68.185791  
 979  	23.8886   	-68.760803  
 980  	23.9130   	-68.760803  
 981  	23.9375   	-68.617004  
 982  	23.9619   	-69.120178  
 983  	23.9863   	-69.192017  
 984  	24.0107   	-68.760803  
 985  	24.0352   	-69.048279  
 986  	24.0596   	-68.617004  
 987  	24.0840   	-68.688904  
 988  	24.1085   	-68.832642  
 989  	24.1329   	-68.904541  
 990  	24.1573   	-68.904541  
 991  	24.1817   	-69.192017  
 992  	24.2062   	-69.263916  
 993  	24.2306   	-69.263916  
 994  	24.2550   	-69.120178  
 995  	24.2794   	-69.407654  
 996  	24.3039   	-68.976379  
 997  	24.3283   	-69.048279  
 998  	24.3527   	-69.263916  
 999  	24.3771   	-69.551392  
 1000 	24.4016   	-68.688904  
 1001 	24.4260   	-69.623291  
 1002 	24.4504   	-68.976379  
 1003 	24.4748   	-68.545166  
 1004 	24.4993   	-68.401428  
 1005 	24.5237   	-68.976379  
 1006 	24.5481   	-69.335754  
 1007 	24.5725   	-69.263916  
 1008 	24.5970   	-69.263916  
 1009 	24.6214   	-69.623291  
 1010 	24.6458   	-69.982666  
 1011 	24.6702   	-70.198303  
 1012 	24.6947   	-70.845154  
 1013 	24.7191   	-70.270142  
 1014 	24.7435   	-69.910767  
 1015 	24.7680   	-69.407654  
 1016 	24.7924   	-69.623291  
 1017 	24.8168   	-69.695129  
 1018 	24.8412   	-69.910767  
 1019 	24.8657   	-70.126404  
 1020 	24.8901   	-70.629517  
 1021 	24.9145   	-70.198303  
 1022 	24.9389   	-70.629517  
 1023 	24.9634   	-70.198303  
 1024 	24.9878   	-70.988892  
 1025 	25.0122   	-70.126404  
 1026 	25.0366   	-70.270142  
 1027 	25.0611   	-69.982666  
 1028 	25.0855   	-68.976379  
 1029 	25.1099   	-69.623291  
 1030 	25.1343   	-68.976379  
 1031 	25.1588   	-69.479553  
 1032 	25.1832   	-69.192017  
 1033 	25.2076   	-70.270142  
 1034 	25.2320   	-69.192017  
 1035 	25.2565   	-69.767029  
 1036 	25.2809   	-68.760803  
 1037 	25.3053   	-69.695129  
 1038 	25.3298   	-70.413879  
 1039 	25.3542   	-70.413879  
 1040 	25.3786   	-71.060791  
 1041 	25.4030   	-71.204529  
 1042 	25.4275   	-70.845154  
 1043 	25.4519   	-70.342041  
 1044 	25.4763   	-70.773254  
 1045 	25.5007   	-70.054504  
 1046 	25.5252   	-69.838928  
 1047 	25.5496   	-69.479553  
 1048 	25.5740   	-70.198303  
 1049 	25.5984   	-70.270142  
 1050 	25.6229   	-70.773254  
 1051 	25.6473   	-69.695129  
 1052 	25.6717   	-70.054504  
 1053 	25.6961   	-69.982666  
 1054 	25.7206   	-70.054504  
 1055 	25.7450   	-69.551392  
 1056 	25.7694   	-69.695129  
 1057 	25.7938   	-69.623291  
 1058 	25.8183   	-69.048279  
 1059 	25.8427   	-68.760803  
 1060 	25.8671   	-68.832642  
 1061 	25.8915   	-68.976379  
 1062 	25.9160   	-69.192017  
 1063 	25.9404   	-69.479553  
 1064 	25.9648   	-69.120178  
 1065 	25.9893   	-67.826416  
 1066 	26.0137   	-68.185791  
 1067 	26.0381   	-67.898254  
 1068 	26.0625   	-68.113892  
 1069 	26.0870   	-67.826416  
 1070 	26.1114   	-67.826416  
 1071 	26.1358   	-67.179504  
 1072 	26.1602   	-65.957642  
 1073 	26.1847   	-65.382629  
 1074 	26.2091   	-64.088928  
 1075 	26.2335   	-64.879517  
 1076 	26.2579   	-64.376404  
 1077 	26.2824   	-64.951416  
 1078 	26.3068   	-63.657654  
 1079 	26.3312   	-64.160767  
 1080 	26.3556   	-63.442017  
 1081 	26.3801   	-63.082642  
 1082 	26.4045   	-60.495178  
 1083 	26.4289   	-52.373291  
 1084 	26.4533   	-41.232666  
 1085 	26.4778   	-33.038879  
 1086 	26.5022   	-29.301390  
 1087 	26.5266   	-27.288877  
 1088 	26.5511   	-27.720154  
 1089 	26.5755   	-28.438904  
 1090 	26.5999   	-29.517029  
 1091 	26.6243   	-32.463928  
 1092 	26.6488   	-34.045166  
 1093 	26.6732   	-36.273254  
 1094 	26.6976   	-38.213928  
 1095 	26.7220   	-40.298279  
 1096 	26.7465   	-43.245178  
 1097 	26.7709   	-45.042053  
 1098 	26.7953   	-45.760799  
 1099 	26.8197   	-48.204529  
 1100 	26.8442   	-49.138916  
 1101 	26.8686   	-51.726379  
 1102 	26.8930   	-53.020142  
 1103 	26.9174   	-52.732666  
 1104 	26.9419   	-52.948303  
 1105 	26.9663   	-54.601376  
 1106 	26.9907   	-55.320129  
 1107 	27.0151   	-56.829529  
 1108 	27.0396   	-57.188900  
 1109 	27.0640   	-57.763912  
 1110 	27.0884   	-58.410767  
 1111 	27.1128   	-58.410767  
 1112 	27.1373   	-58.554504  
 1113 	27.1617   	-60.063900  
 1114 	27.1861   	-60.998291  
 1115 	27.2106   	-60.926392  
 1116 	27.2350   	-61.070129  
 1117 	27.2594   	-62.220154  
 1118 	27.2838   	-62.363892  
 1119 	27.3083   	-62.795166  
 1120 	27.3327   	-63.226379  
 1121 	27.3571   	-63.801392  
 1122 	27.3815   	-64.088928  
 1123 	27.4060   	-63.513916  
 1124 	27.4304   	-63.873287  
 1125 	27.4548   	-64.448303  
 1126 	27.4792   	-64.376404  
 1127 	27.5037   	-65.382629  
 1128 	27.5281   	-64.663879  
 1129 	27.5525   	-65.454529  
 1130 	27.5769   	-64.663879  
 1131 	27.6014   	-65.238892  
 1132 	27.6258   	-65.167053  
 1133 	27.6502   	-65.310791  
 1134 	27.6746   	-65.670166  
 1135 	27.6991   	-65.526428  
 1136 	27.7235   	-64.879517  
 1137 	27.7479   	-65.382629  
 1138 	27.7723   	-65.742004  
 1139 	27.7968   	-66.101379  
 1140 	27.8212   	-65.670166  
 1141 	27.8456   	-66.173279  
 1142 	27.8701   	-66.460754  
 1143 	27.8945   	-67.754517  
 1144 	27.9189   	-67.467041  
 1145 	27.9433   	-67.107666  
 1146 	27.9678   	-67.179504  
 1147 	27.9922   	-67.107666  
 1148 	28.0166   	-67.754517  
 1149 	28.0410   	-67.970154  
 1150 	28.0655   	-67.898254  
 1151 	28.0899   	-67.826416  
 1152 	28.1143   	-68.042053  
 1153 	28.1387   	-68.545166  
 1154 	28.1632   	-67.395142  
 1155 	28.1876   	-66.963928  
 1156 	28.2120   	-66.820129  
 1157 	28.2364   	-66.748291  
 1158 	28.2609   	-67.682678  
 1159 	28.2853   	-67.395142  
 1160 	28.3097   	-67.682678  
 1161 	28.3341   	-67.467041  
 1162 	28.3586   	-67.970154  
 1163 	28.3830   	-67.970154  
 1164 	28.4074   	-67.251404  
 1165 	28.4319   	-67.179504  
 1166 	28.4563   	-67.467041  
 1167 	28.4807   	-67.754517  
 1168 	28.5051   	-67.826416  
 1169 	28.5296   	-67.323303  
 1170 	28.5540   	-68.042053  
 1171 	28.5784   	-67.826416  
 1172 	28.6028   	-67.538879  
 1173 	28.6273   	-68.401428  
 1174 	28.6517   	-68.042053  
 1175 	28.6761   	-68.401428  
 1176 	28.7005   	-67.467041  
 1177 	28.7250   	-68.832642  
 1178 	28.7494   	-68.976379  
 1179 	28.7738   	-68.904541  
 1180 	28.7982   	-68.473267  
 1181 	28.8227   	-68.401428  
 1182 	28.8471   	-68.688904  
 1183 	28.8715   	-68.904541  
 1184 	28.8959   	-68.113892  
 1185 	28.9204   	-68.545166  
 1186 	28.9448   	-67.898254  
 1187 	28.9692   	-68.329529  
 1188 	28.9936   	-69.479553  
 1189 	29.0181   	-68.832642  
 1190 	29.0425   	-69.479553  
 1191 	29.0669   	-68.904541  
 1192 	29.0914   	-69.623291  
 1193 	29.1158   	-70.126404  
 1194 	29.1402   	-68.904541  
 1195 	29.1646   	-69.192017  
 1196 	29.1891   	-69.695129  
 1197 	29.2135   	-68.688904  
 1198 	29.2379   	-69.335754  
 1199 	29.2623   	-69.192017  
 1200 	29.2868   	-69.910767  
 1201 	29.3112   	-69.838928  
 1202 	29.3356   	-70.126404  
 1203 	29.3600   	-69.910767  
 1204 	29.3845   	-69.263916  
 1205 	29.4089   	-69.192017  
 1206 	29.4333   	-68.688904  
 1207 	29.4577   	-68.329529  
 1208 	29.4822   	-68.042053  
 1209 	29.5066   	-68.832642  
 1210 	29.5310   	-68.832642  
 1211 	29.5554   	-69.263916  
 1212 	29.5799   	-69.048279  
 1213 	29.6043   	-68.401428  
 1214 	29.6287   	-68.976379  
 1215 	29.6532   	-69.838928  
 1216 	29.6776   	-69.263916  
 1217 	29.7020   	-69.695129  
 1218 	29.7264   	-69.695129  
 1219 	29.7509   	-69.263916  
 1220 	29.7753   	-70.054504  
 1221 	29.7997   	-69.623291  
 1222 	29.8241   	-70.557678  
 1223 	29.8486   	-70.198303  
 1224 	29.8730   	-70.054504  
 1225 	29.8974   	-70.126404  
 1226 	29.9218   	-69.551392  
 1227 	29.9463   	-69.407654  
 1228 	29.9707   	-69.910767  
 1229 	29.9951   	-70.126404  
 1230 	30.0195   	-70.342041  
 1231 	30.0440   	-70.126404  
 1232 	30.0684   	-69.263916  
 1233 	30.0928   	-69.838928  
 1234 	30.1172   	-71.204529  
 1235 	30.1417   	-71.204529  
 1236 	30.1661   	-70.917053  
 1237 	30.1905   	-70.198303  
 1238 	30.2149   	-69.263916  
 1239 	30.2394   	-69.623291  
 1240 	30.2638   	-68.976379  
 1241 	30.2882   	-69.335754  
 1242 	30.3127   	-69.767029  
 1243 	30.3371   	-69.048279  
 1244 	30.3615   	-69.838928  
 1245 	30.3859   	-70.342041  
 1246 	30.4104   	-70.198303  
 1247 	30.4348   	-69.910767  
 1248 	30.4592   	-70.270142  
 1249 	30.4836   	-70.342041  
 1250 	30.5081   	-70.054504  
 1251 	30.5325   	-69.767029  
 1252 	30.5569   	-69.479553  
 1253 	30.5813   	-70.270142  
 1254 	30.6058   	-70.054504  
 1255 	30.6302   	-70.198303  
 1256 	30.6546   	-70.917053  
 1257 	30.6790   	-70.629517  
 1258 	30.7035   	-69.407654  
 1259 	30.7279   	-69.407654  
 1260 	30.7523   	-69.551392  
 1261 	30.7767   	-69.982666  
 1262 	30.8012   	-70.917053  
 1263 	30.8256   	-70.701416  
 1264 	30.8500   	-69.695129  
 1265 	30.8745   	-70.126404  
 1266 	30.8989   	-70.917053  
 1267 	30.9233   	-70.701416  
 1268 	30.9477   	-70.485779  
 1269 	30.9722   	-71.635803  
 1270 	30.9966   	-71.492004  
 1271 	31.0210   	-70.413879  
 1272 	31.0454   	-70.413879  
 1273 	31.0699   	-70.845154  
 1274 	31.0943   	-70.557678  
 1275 	31.1187   	-69.910767  
 1276 	31.1431   	-70.629517  
 1277 	31.1676   	-69.767029  
 1278 	31.1920   	-69.910767  
 1279 	31.2164   	-70.270142  
 1280 	31.2408   	-69.767029  
 1281 	31.2653   	-69.695129  
 1282 	31.2897   	-69.192017  
 1283 	31.3141   	-69.551392  
 1284 	31.3385   	-69.192017  
 1285 	31.3630   	-69.838928  
 1286 	31.3874   	-69.048279  
 1287 	31.4118   	-70.198303  
 1288 	31.4362   	-69.263916  
 1289 	31.4607   	-69.838928  
 1290 	31.4851   	-68.832642  
 1291 	31.5095   	-69.120178  
 1292 	31.5340   	-69.838928  
 1293 	31.5584   	-69.623291  
 1294 	31.5828   	-68.545166  
 1295 	31.6072   	-69.838928  
 1296 	31.6317   	-70.198303  
 1297 	31.6561   	-69.910767  
 1298 	31.6805   	-69.120178  
 1299 	31.7049   	-69.623291  
 1300 	31.7294   	-69.910767  
 1301 	31.7538   	-70.054504  
 1302 	31.7782   	-69.335754  
 1303 	31.8026   	-69.838928  
 1304 	31.8271   	-69.623291  
 1305 	31.8515   	-69.479553  
 1306 	31.8759   	-69.407654  
 1307 	31.9003   	-68.976379  
 1308 	31.9248   	-70.413879  
 1309 	31.9492   	-69.982666  
 1310 	31.9736   	-69.982666  
 1311 	31.9980   	-69.623291  
 1312 	32.0225   	-70.270142  
 1313 	32.0469   	-70.701416  
 1314 	32.0713   	-70.342041  
 1315 	32.0957   	-70.701416  
 1316 	32.1202   	-70.342041  
 1317 	32.1446   	-70.845154  
 1318 	32.1690   	-70.054504  
 1319 	32.1935   	-69.192017  
 1320 	32.2179   	-69.767029  
 1321 	32.2423   	-69.335754  
 1322 	32.2667   	-69.982666  
 1323 	32.2912   	-69.623291  
 1324 	32.3156   	-69.551392  
 1325 	32.3400   	-69.767029  
 1326 	32.3644   	-70.701416  
 1327 	32.3889   	-70.557678  
 1328 	32.4133   	-70.413879  
 1329 	32.4377   	-69.407654  
 1330 	32.4621   	-68.688904  
 1331 	32.4866   	-69.120178  
 1332 	32.5110   	-68.329529  
 1333 	32.5354   	-69.838928  
 1334 	32.5598   	-70.270142  
 1335 	32.5843   	-69.838928  
 1336 	32.6087   	-69.407654  
 1337 	32.6331   	-69.623291  
 1338 	32.6575   	-70.126404  
 1339 	32.6820   	-70.845154  
 1340 	32.7064   	-70.917053  
 1341 	32.7308   	-69.910767  
 1342 	32.7553   	-70.342041  
 1343 	32.7797   	-70.557678  
 1344 	32.8041   	-69.407654  
 1345 	32.8285   	-69.335754  
 1346 	32.8530   	-69.263916  
 1347 	32.8774   	-69.192017  
 1348 	32.9018   	-69.335754  
 1349 	32.9262   	-69.335754  
 1350 	32.9507   	-69.910767  
 1351 	32.9751   	-69.120178  
 1352 	32.9995   	-69.982666  
 1353 	33.0239   	-70.054504  
 1354 	33.0484   	-70.701416  
 1355 	33.0728   	-70.557678  
 1356 	33.0972   	-70.054504  
 1357 	33.1216   	-70.557678  
 1358 	33.1461   	-70.557678  
 1359 	33.1705   	-70.270142  
 1360 	33.1949   	-70.126404  
 1361 	33.2193   	-69.192017  
 1362 	33.2438   	-70.342041  
 1363 	33.2682   	-69.623291  
 1364 	33.2926   	-69.120178  
 1365 	33.3170   	-69.695129  
 1366 	33.3415   	-69.551392  
 1367 	33.3659   	-69.551392  
 1368 	33.3903   	-69.479553  
 1369 	33.4148   	-69.695129  
 1370 	33.4392   	-69.551392  
 1371 	33.4636   	-69.695129  
 1372 	33.4880   	-70.413879  
 1373 	33.5125   	-70.413879  
 1374 	33.5369   	-71.132629  
 1375 	33.5613   	-71.060791  
 1376 	33.5857   	-71.276428  
 1377 	33.6102   	-70.845154  
 1378 	33.6346   	-69.982666  
 1379 	33.6590   	-70.270142  
 1380 	33.6834   	-70.342041  
 1381 	33.7079   	-70.126404  
 1382 	33.7323   	-69.192017  
 1383 	33.7567   	-70.126404  
 1384 	33.7811   	-69.263916  
 1385 	33.8056   	-69.695129  
 1386 	33.8300   	-69.695129  
 1387 	33.8544   	-69.623291  
 1388 	33.8788   	-70.054504  
 1389 	33.9033   	-70.845154  
 1390 	33.9277   	-70.557678  
 1391 	33.9521   	-69.623291  
 1392 	33.9766   	-70.270142  
 1393 	34.0010   	-70.342041  
 1394 	34.0254   	-70.198303  
 1395 	34.0498   	-70.054504  
 1396 	34.0743   	-70.198303  
 1397 	34.0987   	-70.413879  
 1398 	34.1231   	-70.557678  
 1399 	34.1475   	-70.198303  
 1400 	34.1720   	-70.485779  
 1401 	34.1964   	-69.982666  
 1402 	34.2208   	-69.335754  
 1403 	34.2452   	-69.767029  
 1404 	34.2697   	-69.192017  
 1405 	34.2941   	-70.342041  
 1406 	34.3185   	-70.198303  
 1407 	34.3429   	-69.192017  
 1408 	34.3674   	-70.198303  
 1409 	34.3918   	-69.910767  
 1410 	34.4162   	-70.270142  
 1411 	34.4406   	-70.342041  
 1412 	34.4651   	-70.845154  
 1413 	34.4895   	-70.917053  
 1414 	34.5139   	-71.420166  
 1415 	34.5383   	-70.845154  
 1416 	34.5628   	-70.917053  
 1417 	34.5872   	-70.773254  
 1418 	34.6116   	-70.701416  
 1419 	34.6361   	-72.210754  
 1420 	34.6605   	-71.276428  
 1421 	34.6849   	-71.635803  
 1422 	34.7093   	-71.563904  
 1423 	34.7338   	-70.773254  
 1424 	34.7582   	-71.060791  
 1425 	34.7826   	-70.342041  
 1426 	34.8070   	-70.773254  
 1427 	34.8315   	-70.413879  
 1428 	34.8559   	-70.845154  
 1429 	34.8803   	-70.198303  
 1430 	34.9047   	-70.270142  
 1431 	34.9292   	-70.342041  
 1432 	34.9536   	-70.413879  
 1433 	34.9780   	-70.701416  
 1434 	35.0024   	-70.126404  
 1435 	35.0269   	-70.629517  
 1436 	35.0513   	-69.982666  
 1437 	35.0757   	-70.629517  
 1438 	35.1001   	-71.132629  
 1439 	35.1246   	-71.204529  
 1440 	35.1490   	-70.485779  
 1441 	35.1734   	-71.060791  
 1442 	35.1979   	-70.557678  
 1443 	35.2223   	-70.773254  
 1444 	35.2467   	-70.557678  
 1445 	35.2711   	-70.629517  
 1446 	35.2956   	-70.342041  
 1447 	35.3200   	-69.982666  
 1448 	35.3444   	-69.335754  
 1449 	35.3688   	-70.126404  
 1450 	35.3933   	-68.688904  
 1451 	35.4177   	-69.623291  
 1452 	35.4421   	-69.695129  
 1453 	35.4665   	-70.054504  
 1454 	35.4910   	-70.485779  
 1455 	35.5154   	-70.054504  
 1456 	35.5398   	-70.485779  
 1457 	35.5642   	-70.342041  
 1458 	35.5887   	-69.263916  
 1459 	35.6131   	-69.263916  
 1460 	35.6375   	-69.767029  
 1461 	35.6619   	-70.342041  
 1462 	35.6864   	-70.557678  
 1463 	35.7108   	-70.126404  
 1464 	35.7352   	-70.413879  
 1465 	35.7596   	-70.413879  
 1466 	35.7841   	-69.623291  
 1467 	35.8085   	-69.767029  
 1468 	35.8329   	-68.976379  
 1469 	35.8574   	-69.407654  
 1470 	35.8818   	-69.767029  
 1471 	35.9062   	-70.773254  
 1472 	35.9306   	-70.557678  
 1473 	35.9551   	-70.054504  
 1474 	35.9795   	-70.485779  
 1475 	36.0039   	-70.485779  
 1476 	36.0283   	-71.492004  
 1477 	36.0528   	-70.773254  
 1478 	36.0772   	-70.557678  
 1479 	36.1016   	-70.054504  
 1480 	36.1260   	-70.054504  
 1481 	36.1505   	-70.629517  
 1482 	36.1749   	-70.198303  
 1483 	36.1993   	-69.838928  
 1484 	36.2237   	-70.629517  
 1485 	36.2482   	-69.982666  
 1486 	36.2726   	-69.910767  
 1487 	36.2970   	-69.623291  
 1488 	36.3214   	-69.982666  
 1489 	36.3459   	-70.054504  
 1490 	36.3703   	-70.270142  
 1491 	36.3947   	-70.629517  
 1492 	36.4191   	-70.845154  
 1493 	36.4436   	-70.917053  
 1494 	36.4680   	-70.629517  
 1495 	36.4924   	-70.701416  
 1496 	36.5169   	-70.629517  
 1497 	36.5413   	-70.773254  
 1498 	36.5657   	-70.629517  
 1499 	36.5901   	-69.048279  
 1500 	36.6146   	-69.910767  
 1501 	36.6390   	-70.917053  
 1502 	36.6634   	-70.629517  
 1503 	36.6878   	-69.695129  
 1504 	36.7123   	-70.485779  
 1505 	36.7367   	-70.917053  
 1506 	36.7611   	-70.701416  
 1507 	36.7855   	-70.629517  
 1508 	36.8100   	-70.198303  
 1509 	36.8344   	-69.838928  
 1510 	36.8588   	-69.623291  
 1511 	36.8832   	-69.623291  
 1512 	36.9077   	-69.479553  
 1513 	36.9321   	-68.257629  
 1514 	36.9565   	-69.982666  
 1515 	36.9809   	-69.982666  
 1516 	37.0054   	-70.270142  
 1517 	37.0298   	-70.270142  
 1518 	37.0542   	-69.982666  
 1519 	37.0787   	-70.773254  
 1520 	37.1031   	-70.557678  
 1521 	37.1275   	-70.126404  
 1522 	37.1519   	-70.629517  
 1523 	37.1764   	-70.629517  
 1524 	37.2008   	-70.917053  
 1525 	37.2252   	-70.270142  
 1526 	37.2496   	-71.348267  
 1527 	37.2741   	-71.851379  
 1528 	37.2985   	-71.276428  
 1529 	37.3229   	-71.204529  
 1530 	37.3473   	-70.845154  
 1531 	37.3718   	-70.629517  
 1532 	37.3962   	-69.838928  
 1533 	37.4206   	-70.629517  
 1534 	37.4450   	-70.126404  
 1535 	37.4695   	-70.054504  
 1536 	37.4939   	-70.054504  
 1537 	37.5183   	-70.126404  
 1538 	37.5427   	-70.557678  
 1539 	37.5672   	-70.270142  
 1540 	37.5916   	-70.270142  
 1541 	37.6160   	-70.270142  
 1542 	37.6404   	-68.976379  
 1543 	37.6649   	-70.054504  
 1544 	37.6893   	-69.910767  
 1545 	37.7137   	-69.479553  
 1546 	37.7382   	-68.688904  
 1547 	37.7626   	-69.623291  
 1548 	37.7870   	-70.342041  
 1549 	37.8114   	-70.485779  
 1550 	37.8359   	-70.629517  
 1551 	37.8603   	-70.773254  
 1552 	37.8847   	-70.413879  
 1553 	37.9091   	-71.204529  
 1554 	37.9336   	-70.629517  
 1555 	37.9580   	-71.060791  
 1556 	37.9824   	-70.701416  
 1557 	38.0068   	-70.485779  
 1558 	38.0313   	-69.910767  
 1559 	38.0557   	-69.695129  
 1560 	38.0801   	-69.767029  
 1561 	38.1045   	-70.126404  
 1562 	38.1290   	-69.838928  
 1563 	38.1534   	-70.270142  
 1564 	38.1778   	-69.479553  
 1565 	38.2022   	-69.335754  
 1566 	38.2267   	-70.342041  
 1567 	38.2511   	-69.335754  
 1568 	38.2755   	-69.551392  
 1569 	38.3000   	-69.407654  
 1570 	38.3244   	-68.976379  
 1571 	38.3488   	-70.485779  
 1572 	38.3732   	-70.198303  
 1573 	38.3977   	-69.767029  
 1574 	38.4221   	-69.551392  
 1575 	38.4465   	-69.263916  
 1576 	38.4709   	-69.767029  
 1577 	38.4954   	-69.407654  
 1578 	38.5198   	-69.695129  
 1579 	38.5442   	-70.126404  
 1580 	38.5686   	-70.054504  
 1581 	38.5931   	-70.413879  
 1582 	38.6175   	-69.479553  
 1583 	38.6419   	-69.479553  
 1584 	38.6663   	-69.263916  
 1585 	38.6908   	-70.126404  
 1586 	38.7152   	-69.263916  
 1587 	38.7396   	-69.695129  
 1588 	38.7640   	-69.335754  
 1589 	38.7885   	-70.198303  
 1590 	38.8129   	-69.192017  
 1591 	38.8373   	-69.695129  
 1592 	38.8617   	-68.545166  
 1593 	38.8862   	-69.838928  
 1594 	38.9106   	-68.832642  
 1595 	38.9350   	-69.982666  
 1596 	38.9595   	-69.838928  
 1597 	38.9839   	-69.695129  
 1598 	39.0083   	-69.551392  
 1599 	39.0327   	-69.263916  
 1600 	39.0572   	-69.263916  
 1601 	39.0816   	-69.048279  
 1602 	39.1060   	-69.623291  
 1603 	39.1304   	-69.192017  
 1604 	39.1549   	-70.054504  
 1605 	39.1793   	-69.192017  
 1606 	39.2037   	-69.623291  
 1607 	39.2281   	-69.407654  
 1608 	39.2526   	-68.904541  
 1609 	39.2770   	-69.048279  
 1610 	39.3014   	-69.120178  
 1611 	39.3258   	-70.054504  
 1612 	39.3503   	-70.629517  
 1613 	39.3747   	-70.342041  
 1614 	39.3991   	-70.198303  
 1615 	39.4235   	-69.838928  
 1616 	39.4480   	-70.054504  
 1617 	39.4724   	-69.335754  
 1618 	39.4968   	-69.407654  
 1619 	39.5213   	-68.832642  
 1620 	39.5457   	-69.910767  
 1621 	39.5701   	-69.623291  
 1622 	39.5945   	-70.054504  
 1623 	39.6190   	-70.557678  
 1624 	39.6434   	-69.910767  
 1625 	39.6678   	-70.342041  
 1626 	39.6922   	-70.701416  
 1627 	39.7167   	-70.054504  
 1628 	39.7411   	-69.407654  
 1629 	39.7655   	-69.838928  
 1630 	39.7899   	-70.557678  
 1631 	39.8144   	-70.485779  
 1632 	39.8388   	-70.413879  
 1633 	39.8632   	-69.192017  
 1634 	39.8876   	-69.335754  
 1635 	39.9121   	-69.767029  
 1636 	39.9365   	-70.198303  
 1637 	39.9609   	-70.557678  
 1638 	39.9853   	-69.767029  
 1639 	40.0098   	-69.767029  
 1640 	40.0342   	-68.832642  
 1641 	40.0586   	-68.832642  
 1642 	40.0830   	-68.329529  
 1643 	40.1075   	-68.904541  
 1644 	40.1319   	-69.263916  
 1645 	40.1563   	-68.904541  
 1646 	40.1808   	-68.976379  
 1647 	40.2052   	-68.976379  
 1648 	40.2296   	-67.970154  
 1649 	40.2540   	-67.610779  
 1650 	40.2785   	-67.682678  
 1651 	40.3029   	-68.688904  
 1652 	40.3273   	-68.904541  
 1653 	40.3517   	-68.617004  
 1654 	40.3762   	-69.335754  
 1655 	40.4006   	-69.838928  
 1656 	40.4250   	-69.695129  
 1657 	40.4494   	-68.257629  
 1658 	40.4739   	-68.904541  
 1659 	40.4983   	-69.120178  
 1660 	40.5227   	-69.120178  
 1661 	40.5471   	-69.407654  
 1662 	40.5716   	-69.263916  
 1663 	40.5960   	-70.270142  
 1664 	40.6204   	-70.413879  
 1665 	40.6448   	-69.335754  
 1666 	40.6693   	-70.198303  
 1667 	40.6937   	-70.054504  
 1668 	40.7181   	-69.623291  
 1669 	40.7425   	-68.976379  
 1670 	40.7670   	-69.551392  
 1671 	40.7914   	-69.838928  
 1672 	40.8158   	-70.413879  
 1673 	40.8403   	-70.270142  
 1674 	40.8647   	-69.695129  
 1675 	40.8891   	-67.754517  
 1676 	40.9135   	-68.257629  
 1677 	40.9380   	-68.904541  
 1678 	40.9624   	-69.335754  
 1679 	40.9868   	-69.192017  
 1680 	41.0112   	-68.545166  
 1681 	41.0357   	-68.760803  
 1682 	41.0601   	-69.192017  
 1683 	41.0845   	-68.976379  
 1684 	41.1089   	-68.473267  
 1685 	41.1334   	-67.898254  
 1686 	41.1578   	-68.904541  
 1687 	41.1822   	-68.760803  
 1688 	41.2066   	-69.048279  
 1689 	41.2311   	-67.538879  
 1690 	41.2555   	-68.617004  
 1691 	41.2799   	-68.688904  
 1692 	41.3043   	-68.329529  
 1693 	41.3288   	-68.329529  
 1694 	41.3532   	-68.329529  
 1695 	41.3776   	-67.754517  
 1696 	41.4021   	-68.617004  
 1697 	41.4265   	-69.048279  
 1698 	41.4509   	-68.760803  
 1699 	41.4753   	-68.760803  
 1700 	41.4998   	-69.982666  
 1701 	41.5242   	-69.767029  
 1702 	41.5486   	-69.479553  
 1703 	41.5730   	-69.263916  
 1704 	41.5975   	-68.832642  
 1705 	41.6219   	-68.545166  
 1706 	41.6463   	-68.904541  
 1707 	41.6707   	-69.695129  
 1708 	41.6952   	-68.688904  
 1709 	41.7196   	-69.551392  
 1710 	41.7440   	-69.838928  
 1711 	41.7684   	-69.407654  
 1712 	41.7929   	-69.263916  
 1713 	41.8173   	-70.198303  
 1714 	41.8417   	-68.688904  
 1715 	41.8661   	-69.263916  
 1716 	41.8906   	-69.407654  
 1717 	41.9150   	-68.688904  
 1718 	41.9394   	-69.048279  
 1719 	41.9638   	-69.623291  
 1720 	41.9883   	-69.192017  
 1721 	42.0127   	-69.263916  
 1722 	42.0371   	-69.192017  
 1723 	42.0616   	-69.407654  
 1724 	42.0860   	-69.048279  
 1725 	42.1104   	-69.263916  
 1726 	42.1348   	-69.048279  
 1727 	42.1593   	-69.048279  
 1728 	42.1837   	-69.407654  
 1729 	42.2081   	-69.695129  
 1730 	42.2325   	-70.126404  
 1731 	42.2570   	-70.413879  
 1732 	42.2814   	-69.120178  
 1733 	42.3058   	-68.832642  
 1734 	42.3302   	-68.545166  
 1735 	42.3547   	-68.401428  
 1736 	42.3791   	-68.545166  
 1737 	42.4035   	-68.401428  
 1738 	42.4279   	-68.185791  
 1739 	42.4524   	-69.551392  
 1740 	42.4768   	-69.192017  
 1741 	42.5012   	-70.126404  
 1742 	42.5256   	-69.695129  
 1743 	42.5501   	-69.479553  
 1744 	42.5745   	-69.551392  
 1745 	42.5989   	-70.126404  
 1746 	42.6234   	-70.198303  
 1747 	42.6478   	-69.407654  
 1748 	42.6722   	-69.120178  
 1749 	42.6966   	-69.982666  
 1750 	42.7211   	-69.120178  
 1751 	42.7455   	-69.192017  
 1752 	42.7699   	-69.479553  
 1753 	42.7943   	-69.263916  
 1754 	42.8188   	-70.629517  
 1755 	42.8432   	-70.342041  
 1756 	42.8676   	-70.342041  
 1757 	42.8920   	-70.054504  
 1758 	42.9165   	-69.910767  
 1759 	42.9409   	-69.982666  
 1760 	42.9653   	-69.479553  
 1761 	42.9897   	-69.910767  
 1762 	43.0142   	-70.557678  
 1763 	43.0386   	-69.695129  
 1764 	43.0630   	-70.342041  
 1765 	43.0874   	-70.054504  
 1766 	43.1119   	-69.838928  
 1767 	43.1363   	-69.407654  
 1768 	43.1607   	-69.551392  
 1769 	43.1851   	-68.473267  
 1770 	43.2096   	-69.407654  
 1771 	43.2340   	-68.545166  
 1772 	43.2584   	-69.479553  
 1773 	43.2829   	-69.479553  
 1774 	43.3073   	-68.904541  
 1775 	43.3317   	-69.623291  
 1776 	43.3561   	-69.407654  
 1777 	43.3806   	-69.838928  
 1778 	43.4050   	-70.054504  
 1779 	43.4294   	-69.767029  
 1780 	43.4538   	-69.551392  
 1781 	43.4783   	-69.910767  
 1782 	43.5027   	-69.407654  
 1783 	43.5271   	-67.970154  
 1784 	43.5515   	-68.545166  
 1785 	43.5760   	-68.976379  
 1786 	43.6004   	-69.623291  
 1787 	43.6248   	-69.838928  
 1788 	43.6492   	-70.270142  
 1789 	43.6737   	-70.270142  
 1790 	43.6981   	-70.413879  
 1791 	43.7225   	-69.623291  
 1792 	43.7469   	-69.695129  
 1793 	43.7714   	-70.270142  
 1794 	43.7958   	-69.838928  
 1795 	43.8202   	-69.982666  
 1796 	43.8447   	-69.263916  
 1797 	43.8691   	-70.054504  
 1798 	43.8935   	-70.054504  
 1799 	43.9179   	-69.767029  
 1800 	43.9424   	-69.767029  
 1801 	43.9668   	-69.120178  
 1802 	43.9912   	-68.760803  
 1803 	44.0156   	-68.976379  
 1804 	44.0401   	-69.048279  
 1805 	44.0645   	-69.551392  
 1806 	44.0889   	-69.407654  
 1807 	44.1133   	-69.335754  
 1808 	44.1378   	-69.551392  
 1809 	44.1622   	-68.976379  
 1810 	44.1866   	-69.767029  
 1811 	44.2110   	-69.551392  
 1812 	44.2355   	-69.767029  
 1813 	44.2599   	-69.263916  
 1814 	44.2843   	-69.767029  
 1815 	44.3087   	-68.617004  
 1816 	44.3332   	-69.551392  
 1817 	44.3576   	-69.407654  
 1818 	44.3820   	-69.335754  
 1819 	44.4064   	-69.479553  
 1820 	44.4309   	-69.120178  
 1821 	44.4553   	-69.982666  
 1822 	44.4797   	-69.479553  
 1823 	44.5042   	-69.695129  
 1824 	44.5286   	-69.838928  
 1825 	44.5530   	-69.982666  
 1826 	44.5774   	-70.342041  
 1827 	44.6019   	-70.270142  
 1828 	44.6263   	-70.198303  
 1829 	44.6507   	-70.054504  
 1830 	44.6751   	-69.335754  
 1831 	44.6996   	-69.623291  
 1832 	44.7240   	-69.838928  
 1833 	44.7484   	-69.407654  
 1834 	44.7728   	-68.401428  
 1835 	44.7973   	-69.551392  
 1836 	44.8217   	-69.048279  
 1837 	44.8461   	-69.407654  
 1838 	44.8705   	-68.832642  
 1839 	44.8950   	-69.192017  
 1840 	44.9194   	-70.557678  
 1841 	44.9438   	-70.126404  
 1842 	44.9682   	-71.060791  
 1843 	44.9927   	-69.838928  
 1844 	45.0171   	-69.192017  
 1845 	45.0415   	-70.198303  
 1846 	45.0659   	-70.701416  
 1847 	45.0904   	-70.917053  
 1848 	45.1148   	-71.492004  
 1849 	45.1392   	-71.060791  
 1850 	45.1637   	-70.845154  
 1851 	45.1881   	-69.910767  
 1852 	45.2125   	-69.838928  
 1853 	45.2369   	-69.551392  
 1854 	45.2614   	-69.479553  
 1855 	45.2858   	-70.413879  
 1856 	45.3102   	-70.270142  
 1857 	45.3346   	-70.126404  
 1858 	45.3591   	-70.054504  
 1859 	45.3835   	-70.557678  
 1860 	45.4079   	-70.917053  
 1861 	45.4323   	-70.485779  
 1862 	45.4568   	-70.054504  
 1863 	45.4812   	-70.270142  
 1864 	45.5056   	-70.054504  
 1865 	45.5300   	-69.695129  
 1866 	45.5545   	-69.192017  
 1867 	45.5789   	-69.695129  
 1868 	45.6033   	-69.695129  
 1869 	45.6277   	-70.557678  
 1870 	45.6522   	-70.845154  
 1871 	45.6766   	-71.276428  
 1872 	45.7010   	-70.988892  
 1873 	45.7255   	-70.773254  
 1874 	45.7499   	-70.773254  
 1875 	45.7743   	-71.204529  
 1876 	45.7987   	-71.420166  
 1877 	45.8232   	-71.492004  
 1878 	45.8476   	-71.348267  
 1879 	45.8720   	-71.348267  
 1880 	45.8964   	-70.773254  
 1881 	45.9209   	-70.413879  
 1882 	45.9453   	-70.342041  
 1883 	45.9697   	-70.773254  
 1884 	45.9941   	-70.773254  
 1885 	46.0186   	-70.988892  
 1886 	46.0430   	-70.629517  
 1887 	46.0674   	-70.629517  
 1888 	46.0918   	-70.917053  
 1889 	46.1163   	-71.276428  
 1890 	46.1407   	-71.635803  
 1891 	46.1651   	-70.845154  
 1892 	46.1895   	-70.198303  
 1893 	46.2140   	-70.126404  
 1894 	46.2384   	-69.551392  
 1895 	46.2628   	-69.695129  
 1896 	46.2872   	-69.695129  
 1897 	46.3117   	-69.623291  
 1898 	46.3361   	-69.695129  
 1899 	46.3605   	-70.917053  
 1900 	46.3850   	-70.845154  
 1901 	46.4094   	-71.204529  
 1902 	46.4338   	-71.923279  
 1903 	46.4582   	-71.851379  
 1904 	46.4827   	-71.348267  
 1905 	46.5071   	-71.348267  
 1906 	46.5315   	-70.629517  
 1907 	46.5559   	-70.126404  
 1908 	46.5804   	-69.479553  
 1909 	46.6048   	-69.838928  
 1910 	46.6292   	-70.198303  
 1911 	46.6536   	-69.982666  
 1912 	46.6781   	-69.838928  
 1913 	46.7025   	-70.917053  
 1914 	46.7269   	-71.132629  
 1915 	46.7513   	-69.982666  
 1916 	46.7758   	-69.407654  
 1917 	46.8002   	-69.982666  
 1918 	46.8246   	-69.623291  
 1919 	46.8490   	-69.551392  
 1920 	46.8735   	-69.120178  
 1921 	46.8979   	-69.407654  
 1922 	46.9223   	-69.551392  
 1923 	46.9468   	-70.198303  
 1924 	46.9712   	-69.623291  
 1925 	46.9956   	-69.910767  
 1926 	47.0200   	-69.120178  
 1927 	47.0445   	-69.120178  
 1928 	47.0689   	-68.473267  
 1929 	47.0933   	-68.401428  
 1930 	47.1177   	-68.545166  
 1931 	47.1422   	-67.610779  
 1932 	47.1666   	-66.748291  
 1933 	47.1910   	-67.395142  
 1934 	47.2154   	-67.970154  
 1935 	47.2399   	-68.185791  
 1936 	47.2643   	-69.048279  
 1937 	47.2887   	-68.832642  
 1938 	47.3131   	-67.898254  
 1939 	47.3376   	-68.329529  
 1940 	47.3620   	-68.832642  
 1941 	47.3864   	-68.976379  
 1942 	47.4108   	-67.970154  
 1943 	47.4353   	-68.617004  
 1944 	47.4597   	-68.760803  
 1945 	47.4841   	-69.120178  
 1946 	47.5085   	-70.126404  
 1947 	47.5330   	-69.623291  
 1948 	47.5574   	-69.192017  
 1949 	47.5818   	-69.192017  
 1950 	47.6063   	-68.832642  
 1951 	47.6307   	-68.545166  
 1952 	47.6551   	-68.257629  
 1953 	47.6795   	-67.467041  
 1954 	47.7040   	-68.329529  
 1955 	47.7284   	-68.976379  
 1956 	47.7528   	-68.760803  
 1957 	47.7772   	-69.335754  
 1958 	47.8017   	-69.982666  
 1959 	47.8261   	-69.335754  
 1960 	47.8505   	-69.767029  
 1961 	47.8749   	-69.623291  
 1962 	47.8994   	-69.335754  
 1963 	47.9238   	-69.767029  
 1964 	47.9482   	-69.910767  
 1965 	47.9726   	-69.838928  
 1966 	47.9971   	-69.910767  
 1967 	48.0215   	-69.335754  
 1968 	48.0459   	-69.335754  
 1969 	48.0703   	-68.760803  
 1970 	48.0948   	-69.263916  
 1971 	48.1192   	-69.551392  
 1972 	48.1436   	-69.551392  
 1973 	48.1681   	-70.342041  
 1974 	48.1925   	-70.773254  
 1975 	48.2169   	-70.773254  
 1976 	48.2413   	-70.270142  
 1977 	48.2658   	-70.773254  
 1978 	48.2902   	-70.413879  
 1979 	48.3146   	-69.982666  
 1980 	48.3390   	-69.623291  
 1981 	48.3635   	-69.623291  
 1982 	48.3879   	-69.048279  
 1983 	48.4123   	-69.982666  
 1984 	48.4367   	-69.407654  
 1985 	48.4612   	-69.623291  
 1986 	48.4856   	-69.192017  
 1987 	48.5100   	-68.545166  
 1988 	48.5344   	-68.185791  
 1989 	48.5589   	-69.048279  
 1990 	48.5833   	-68.976379  
 1991 	48.6077   	-68.545166  
 1992 	48.6321   	-68.185791  
 1993 	48.6566   	-68.832642  
 1994 	48.6810   	-68.976379  
 1995 	48.7054   	-69.695129  
 1996 	48.7298   	-68.904541  
 1997 	48.7543   	-68.760803  
 1998 	48.7787   	-69.623291  
 1999 	48.8031   	-69.551392  
 2000 	48.8276   	-68.832642  
 2001 	48.8520   	-69.551392  
 2002 	48.8764   	-69.767029  
 2003 	48.9008   	-69.910767  
 2004 	48.9253   	-69.695129  
 2005 	48.9497   	-69.767029  
 2006 	48.9741   	-69.335754  
 2007 	48.9985   	-69.838928  
 2008 	49.0230   	-69.192017  
 2009 	49.0474   	-68.976379  
 2010 	49.0718   	-69.335754  
 2011 	49.0962   	-69.192017  
 2012 	49.1207   	-70.845154  
 2013 	49.1451   	-70.126404  
 2014 	49.1695   	-69.982666  
 2015 	49.1939   	-68.760803  
 2016 	49.2184   	-69.767029  
 2017 	49.2428   	-69.767029  
 2018 	49.2672   	-69.335754  
 2019 	49.2916   	-70.773254  
 2020 	49.3161   	-70.629517  
 2021 	49.3405   	-70.557678  
 2022 	49.3649   	-69.910767  
 2023 	49.3893   	-70.917053  
 2024 	49.4138   	-71.132629  
 2025 	49.4382   	-71.420166  
 2026 	49.4626   	-71.779541  
 2027 	49.4871   	-69.767029  
 2028 	49.5115   	-69.982666  
 2029 	49.5359   	-70.054504  
 2030 	49.5603   	-69.623291  
 2031 	49.5848   	-70.054504  
 2032 	49.6092   	-69.982666  
 2033 	49.6336   	-69.048279  
 2034 	49.6580   	-68.904541  
 2035 	49.6825   	-69.048279  
 2036 	49.7069   	-69.910767  
 2037 	49.7313   	-69.192017  
 2038 	49.7557   	-69.407654  
 2039 	49.7802   	-69.263916  
 2040 	49.8046   	-69.695129  
 2041 	49.8290   	-68.329529  
 2042 	49.8534   	-68.185791  
 2043 	49.8779   	-68.329529  
 2044 	49.9023   	-68.617004  
 2045 	49.9267   	-68.904541  
 2046 	49.9511   	-68.832642  
 2047 	49.9756   	-68.329529  
 2048 	50.0000   	-68.832642  

