
 1    	0.0000    	-44.630985  
 2    	0.0244    	-45.134155  
 3    	0.0489    	-45.565372  
 4    	0.0733    	-45.205997  
 5    	0.0977    	-45.277897  
 6    	0.1221    	-44.774784  
 7    	0.1466    	-44.918522  
 8    	0.1710    	-45.852909  
 9    	0.1954    	-45.493530  
 10   	0.2198    	-45.924744  
 11   	0.2443    	-46.715397  
 12   	0.2687    	-46.356018  
 13   	0.2931    	-46.499760  
 14   	0.3175    	-46.068485  
 15   	0.3420    	-47.218510  
 16   	0.3664    	-47.362244  
 17   	0.3908    	-47.721619  
 18   	0.4152    	-47.505985  
 19   	0.4397    	-47.362244  
 20   	0.4641    	-46.715397  
 21   	0.4885    	-46.356018  
 22   	0.5129    	-47.146610  
 23   	0.5374    	-46.212284  
 24   	0.5618    	-46.499760  
 25   	0.5862    	-46.427856  
 26   	0.6106    	-46.499760  
 27   	0.6351    	-45.852909  
 28   	0.6595    	-46.787231  
 29   	0.6839    	-46.787231  
 30   	0.7084    	-45.852909  
 31   	0.7328    	-45.852909  
 32   	0.7572    	-46.499760  
 33   	0.7816    	-45.781010  
 34   	0.8061    	-45.781010  
 35   	0.8305    	-45.924744  
 36   	0.8549    	-46.284119  
 37   	0.8793    	-45.134155  
 38   	0.9038    	-44.918522  
 39   	0.9282    	-45.996643  
 40   	0.9526    	-45.205997  
 41   	0.9770    	-45.565372  
 42   	1.0015    	-46.499760  
 43   	1.0259    	-45.565372  
 44   	1.0503    	-46.571659  
 45   	1.0747    	-45.565372  
 46   	1.0992    	-45.924744  
 47   	1.1236    	-46.212284  
 48   	1.1480    	-45.852909  
 49   	1.1724    	-46.571659  
 50   	1.1969    	-45.852909  
 51   	1.2213    	-46.571659  
 52   	1.2457    	-46.140385  
 53   	1.2702    	-45.924744  
 54   	1.2946    	-46.284119  
 55   	1.3190    	-46.931030  
 56   	1.3434    	-47.218510  
 57   	1.3679    	-47.146610  
 58   	1.3923    	-46.859131  
 59   	1.4167    	-47.218510  
 60   	1.4411    	-47.218510  
 61   	1.4656    	-46.212284  
 62   	1.4900    	-45.709110  
 63   	1.5144    	-45.565372  
 64   	1.5388    	-46.499760  
 65   	1.5633    	-45.924744  
 66   	1.5877    	-46.140385  
 67   	1.6121    	-45.349731  
 68   	1.6365    	-45.852909  
 69   	1.6610    	-45.996643  
 70   	1.6854    	-45.134155  
 71   	1.7098    	-45.637272  
 72   	1.7342    	-46.427856  
 73   	1.7587    	-45.996643  
 74   	1.7831    	-46.212284  
 75   	1.8075    	-47.218510  
 76   	1.8319    	-47.146610  
 77   	1.8564    	-46.715397  
 78   	1.8808    	-46.859131  
 79   	1.9052    	-47.074772  
 80   	1.9297    	-47.074772  
 81   	1.9541    	-47.577885  
 82   	1.9785    	-46.787231  
 83   	2.0029    	-47.434143  
 84   	2.0274    	-46.715397  
 85   	2.0518    	-46.068485  
 86   	2.0762    	-47.074772  
 87   	2.1006    	-47.865360  
 88   	2.1251    	-47.290405  
 89   	2.1495    	-48.224731  
 90   	2.1739    	-48.080997  
 91   	2.1983    	-48.584110  
 92   	2.2228    	-47.146610  
 93   	2.2472    	-46.643497  
 94   	2.2716    	-46.715397  
 95   	2.2960    	-46.356018  
 96   	2.3205    	-46.212284  
 97   	2.3449    	-46.356018  
 98   	2.3693    	-47.362244  
 99   	2.3937    	-46.643497  
 100  	2.4182    	-46.284119  
 101  	2.4426    	-45.277897  
 102  	2.4670    	-44.846622  
 103  	2.4915    	-45.134155  
 104  	2.5159    	-46.715397  
 105  	2.5403    	-46.571659  
 106  	2.5647    	-46.284119  
 107  	2.5892    	-46.715397  
 108  	2.6136    	-46.068485  
 109  	2.6380    	-46.571659  
 110  	2.6624    	-47.362244  
 111  	2.6869    	-46.859131  
 112  	2.7113    	-46.715397  
 113  	2.7357    	-47.002872  
 114  	2.7601    	-46.140385  
 115  	2.7846    	-46.499760  
 116  	2.8090    	-46.859131  
 117  	2.8334    	-47.146610  
 118  	2.8578    	-46.931030  
 119  	2.8823    	-47.002872  
 120  	2.9067    	-46.931030  
 121  	2.9311    	-46.787231  
 122  	2.9555    	-46.715397  
 123  	2.9800    	-46.715397  
 124  	3.0044    	-46.356018  
 125  	3.0288    	-46.140385  
 126  	3.0532    	-45.924744  
 127  	3.0777    	-45.565372  
 128  	3.1021    	-46.140385  
 129  	3.1265    	-45.781010  
 130  	3.1510    	-45.996643  
 131  	3.1754    	-45.637272  
 132  	3.1998    	-44.990356  
 133  	3.2242    	-45.349731  
 134  	3.2487    	-45.637272  
 135  	3.2731    	-45.421631  
 136  	3.2975    	-45.852909  
 137  	3.3219    	-45.996643  
 138  	3.3464    	-45.205997  
 139  	3.3708    	-45.637272  
 140  	3.3952    	-45.565372  
 141  	3.4196    	-45.349731  
 142  	3.4441    	-45.062256  
 143  	3.4685    	-44.990356  
 144  	3.4929    	-45.349731  
 145  	3.5173    	-45.134155  
 146  	3.5418    	-44.990356  
 147  	3.5662    	-44.990356  
 148  	3.5906    	-45.637272  
 149  	3.6150    	-45.565372  
 150  	3.6395    	-45.852909  
 151  	3.6639    	-45.996643  
 152  	3.6883    	-45.421631  
 153  	3.7128    	-44.990356  
 154  	3.7372    	-44.846622  
 155  	3.7616    	-44.056030  
 156  	3.7860    	-44.271610  
 157  	3.8105    	-43.193485  
 158  	3.8349    	-43.624756  
 159  	3.8593    	-44.271610  
 160  	3.8837    	-44.199772  
 161  	3.9082    	-44.559143  
 162  	3.9326    	-45.062256  
 163  	3.9570    	-45.134155  
 164  	3.9814    	-44.630985  
 165  	4.0059    	-44.630985  
 166  	4.0303    	-45.205997  
 167  	4.0547    	-45.205997  
 168  	4.0791    	-45.852909  
 169  	4.1036    	-45.565372  
 170  	4.1280    	-44.702885  
 171  	4.1524    	-45.062256  
 172  	4.1768    	-45.565372  
 173  	4.2013    	-45.781010  
 174  	4.2257    	-45.709110  
 175  	4.2501    	-44.846622  
 176  	4.2745    	-45.277897  
 177  	4.2990    	-45.421631  
 178  	4.3234    	-45.709110  
 179  	4.3478    	-45.421631  
 180  	4.3723    	-45.205997  
 181  	4.3967    	-44.559143  
 182  	4.4211    	-45.421631  
 183  	4.4455    	-44.559143  
 184  	4.4700    	-44.990356  
 185  	4.4944    	-44.415409  
 186  	4.5188    	-44.415409  
 187  	4.5432    	-45.709110  
 188  	4.5677    	-45.493530  
 189  	4.5921    	-45.709110  
 190  	4.6165    	-46.284119  
 191  	4.6409    	-46.571659  
 192  	4.6654    	-46.284119  
 193  	4.6898    	-46.931030  
 194  	4.7142    	-46.356018  
 195  	4.7386    	-46.068485  
 196  	4.7631    	-45.062256  
 197  	4.7875    	-44.702885  
 198  	4.8119    	-44.056030  
 199  	4.8363    	-45.062256  
 200  	4.8608    	-44.774784  
 201  	4.8852    	-44.630985  
 202  	4.9096    	-45.134155  
 203  	4.9340    	-44.630985  
 204  	4.9585    	-44.271610  
 205  	4.9829    	-43.912235  
 206  	5.0073    	-43.624756  
 207  	5.0318    	-40.965397  
 208  	5.0562    	-40.677856  
 209  	5.0806    	-40.246647  
 210  	5.1050    	-40.390381  
 211  	5.1295    	-38.809147  
 212  	5.1539    	-38.306034  
 213  	5.1783    	-37.299747  
 214  	5.2027    	-34.209106  
 215  	5.2272    	-34.568485  
 216  	5.2516    	-33.849731  
 217  	5.2760    	-34.352905  
 218  	5.3004    	-34.424747  
 219  	5.3249    	-33.634159  
 220  	5.3493    	-33.849731  
 221  	5.3737    	-33.130985  
 222  	5.3981    	-33.059147  
 223  	5.4226    	-32.412231  
 224  	5.4470    	-32.052856  
 225  	5.4714    	-28.890383  
 226  	5.4958    	-22.277895  
 227  	5.5203    	-5.674744   
 228  	5.5447    	15.600221   
 229  	5.5691    	32.994022   
 230  	5.5936    	45.284672   
 231  	5.6180    	55.994022   
 232  	5.6424    	62.678349   
 233  	5.6668    	69.290894   
 234  	5.6913    	72.668945   
 235  	5.7157    	74.394051   
 236  	5.7401    	76.047127   
 237  	5.7645    	78.059570   
 238  	5.7890    	79.712776   
 239  	5.8134    	79.928352   
 240  	5.8378    	80.072144   
 241  	5.8622    	80.934570   
 242  	5.8867    	81.222168   
 243  	5.9111    	81.797127   
 244  	5.9355    	82.372078   
 245  	5.9599    	82.587776   
 246  	5.9844    	82.156494   
 247  	6.0088    	82.587776   
 248  	6.0332    	82.875244   
 249  	6.0576    	83.162720   
 250  	6.0821    	84.312752   
 251  	6.1065    	84.528328   
 252  	6.1309    	85.031494   
 253  	6.1553    	84.959595   
 254  	6.1798    	85.390877   
 255  	6.2042    	85.175293   
 256  	6.2286    	85.965828   
 257  	6.2531    	84.815918   
 258  	6.2775    	85.175293   
 259  	6.3019    	85.031494   
 260  	6.3263    	85.678345   
 261  	6.3508    	86.684570   
 262  	6.3752    	86.684570   
 263  	6.3996    	86.325203   
 264  	6.4240    	86.037727   
 265  	6.4485    	86.109627   
 266  	6.4729    	86.612801   
 267  	6.4973    	87.547119   
 268  	6.5217    	86.900269   
 269  	6.5462    	86.540901   
 270  	6.5706    	86.900269   
 271  	6.5950    	87.475220   
 272  	6.6194    	86.469002   
 273  	6.6439    	86.828369   
 274  	6.6683    	87.906502   
 275  	6.6927    	88.481445   
 276  	6.7171    	87.690918   
 277  	6.7416    	87.331551   
 278  	6.7660    	87.187752   
 279  	6.7904    	88.193977   
 280  	6.8149    	87.834595   
 281  	6.8393    	87.978401   
 282  	6.8637    	89.200203   
 283  	6.8881    	90.134651   
 284  	6.9126    	90.062752   
 285  	6.9370    	89.990852   
 286  	6.9614    	89.487793   
 287  	6.9858    	89.128426   
 288  	7.0103    	90.350220   
 289  	7.0347    	90.781502   
 290  	7.0591    	90.206551   
 291  	7.0835    	89.990852   
 292  	7.1080    	89.990852   
 293  	7.1324    	90.422119   
 294  	7.1568    	90.781502   
 295  	7.1812    	89.272102   
 296  	7.2057    	90.206551   
 297  	7.2301    	89.056526   
 298  	7.2545    	89.056526   
 299  	7.2789    	90.206551   
 300  	7.3034    	90.350220   
 301  	7.3278    	91.572144   
 302  	7.3522    	92.147095   
 303  	7.3766    	90.781502   
 304  	7.4011    	91.212776   
 305  	7.4255    	91.644043   
 306  	7.4499    	91.140877   
 307  	7.4744    	90.709602   
 308  	7.4988    	91.572144   
 309  	7.5232    	91.428345   
 310  	7.5476    	91.572144   
 311  	7.5721    	91.715828   
 312  	7.5965    	91.068977   
 313  	7.6209    	90.350220   
 314  	7.6453    	90.853401   
 315  	7.6698    	90.206551   
 316  	7.6942    	90.565918   
 317  	7.7186    	90.565918   
 318  	7.7430    	90.350220   
 319  	7.7675    	90.350220   
 320  	7.7919    	89.775269   
 321  	7.8163    	90.925301   
 322  	7.8407    	90.925301   
 323  	7.8652    	91.500244   
 324  	7.8896    	91.644043   
 325  	7.9140    	92.290894   
 326  	7.9384    	92.290894   
 327  	7.9629    	91.859627   
 328  	7.9873    	92.434578   
 329  	8.0117    	92.865852   
 330  	8.0362    	91.715828   
 331  	8.0606    	91.859627   
 332  	8.0850    	91.859627   
 333  	8.1094    	91.859627   
 334  	8.1339    	92.003426   
 335  	8.1583    	91.068977   
 336  	8.1827    	92.506477   
 337  	8.2071    	92.290894   
 338  	8.2316    	92.290894   
 339  	8.2560    	92.218994   
 340  	8.2804    	91.787727   
 341  	8.3048    	91.140877   
 342  	8.3293    	90.997078   
 343  	8.3537    	91.644043   
 344  	8.3781    	91.212776   
 345  	8.4025    	91.428345   
 346  	8.4270    	91.428345   
 347  	8.4514    	91.356445   
 348  	8.4758    	91.140877   
 349  	8.5002    	91.212776   
 350  	8.5247    	91.500244   
 351  	8.5491    	90.637703   
 352  	8.5735    	90.494019   
 353  	8.5979    	90.494019   
 354  	8.6224    	91.140877   
 355  	8.6468    	91.644043   
 356  	8.6712    	91.500244   
 357  	8.6957    	92.075195   
 358  	8.7201    	91.140877   
 359  	8.7445    	91.572144   
 360  	8.7689    	91.715828   
 361  	8.7934    	90.925301   
 362  	8.8178    	91.140877   
 363  	8.8422    	92.147095   
 364  	8.8666    	93.153320   
 365  	8.8911    	92.218994   
 366  	8.9155    	92.362793   
 367  	8.9399    	93.440918   
 368  	8.9643    	92.578377   
 369  	8.9888    	91.572144   
 370  	9.0132    	92.362793   
 371  	9.0376    	92.362793   
 372  	9.0620    	92.147095   
 373  	9.0865    	93.584602   
 374  	9.1109    	93.153320   
 375  	9.1353    	92.722176   
 376  	9.1597    	91.644043   
 377  	9.1842    	91.140877   
 378  	9.2086    	90.853401   
 379  	9.2330    	90.781502   
 380  	9.2574    	91.572144   
 381  	9.2819    	91.284676   
 382  	9.3063    	92.937752   
 383  	9.3307    	92.650276   
 384  	9.3552    	93.656502   
 385  	9.3796    	94.231445   
 386  	9.4040    	93.584602   
 387  	9.4284    	93.153320   
 388  	9.4529    	92.434578   
 389  	9.4773    	92.003426   
 390  	9.5017    	92.362793   
 391  	9.5261    	92.506477   
 392  	9.5506    	92.937752   
 393  	9.5750    	93.297119   
 394  	9.5994    	92.218994   
 395  	9.6238    	92.003426   
 396  	9.6483    	92.147095   
 397  	9.6727    	92.865852   
 398  	9.6971    	93.081551   
 399  	9.7215    	92.937752   
 400  	9.7460    	93.153320   
 401  	9.7704    	93.728401   
 402  	9.7948    	92.865852   
 403  	9.8192    	92.218994   
 404  	9.8437    	93.369019   
 405  	9.8681    	92.578377   
 406  	9.8925    	92.650276   
 407  	9.9170    	92.434578   
 408  	9.9414    	92.075195   
 409  	9.9658    	91.572144   
 410  	9.9902    	92.434578   
 411  	10.0147   	91.931526   
 412  	10.0391   	91.284676   
 413  	10.0635   	91.931526   
 414  	10.0879   	92.650276   
 415  	10.1124   	92.075195   
 416  	10.1368   	92.578377   
 417  	10.1612   	92.075195   
 418  	10.1856   	92.147095   
 419  	10.2101   	91.715828   
 420  	10.2345   	92.578377   
 421  	10.2589   	93.153320   
 422  	10.2833   	92.434578   
 423  	10.3078   	91.284676   
 424  	10.3322   	91.572144   
 425  	10.3566   	91.284676   
 426  	10.3810   	90.997078   
 427  	10.4055   	91.500244   
 428  	10.4299   	91.140877   
 429  	10.4543   	90.853401   
 430  	10.4787   	90.853401   
 431  	10.5032   	91.500244   
 432  	10.5276   	92.147095   
 433  	10.5520   	92.578377   
 434  	10.5765   	91.715828   
 435  	10.6009   	91.284676   
 436  	10.6253   	92.650276   
 437  	10.6497   	92.865852   
 438  	10.6742   	92.722176   
 439  	10.6986   	92.578377   
 440  	10.7230   	92.650276   
 441  	10.7474   	92.937752   
 442  	10.7719   	91.356445   
 443  	10.7963   	91.787727   
 444  	10.8207   	91.356445   
 445  	10.8451   	91.715828   
 446  	10.8696   	91.068977   
 447  	10.8940   	93.369019   
 448  	10.9184   	92.506477   
 449  	10.9428   	92.722176   
 450  	10.9673   	94.159668   
 451  	10.9917   	93.584602   
 452  	11.0161   	92.147095   
 453  	11.0405   	92.290894   
 454  	11.0650   	91.284676   
 455  	11.0894   	91.859627   
 456  	11.1138   	90.709602   
 457  	11.1383   	90.350220   
 458  	11.1627   	90.781502   
 459  	11.1871   	91.356445   
 460  	11.2115   	90.709602   
 461  	11.2360   	91.140877   
 462  	11.2604   	92.003426   
 463  	11.2848   	91.715828   
 464  	11.3092   	91.140877   
 465  	11.3337   	92.290894   
 466  	11.3581   	92.650276   
 467  	11.3825   	92.434578   
 468  	11.4069   	92.865852   
 469  	11.4314   	91.572144   
 470  	11.4558   	92.578377   
 471  	11.4802   	92.290894   
 472  	11.5046   	91.068977   
 473  	11.5291   	91.715828   
 474  	11.5535   	90.925301   
 475  	11.5779   	90.997078   
 476  	11.6023   	91.500244   
 477  	11.6268   	92.793953   
 478  	11.6512   	91.859627   
 479  	11.6756   	92.003426   
 480  	11.7000   	91.500244   
 481  	11.7245   	92.865852   
 482  	11.7489   	92.218994   
 483  	11.7733   	91.500244   
 484  	11.7978   	91.500244   
 485  	11.8222   	91.212776   
 486  	11.8466   	90.709602   
 487  	11.8710   	90.637703   
 488  	11.8955   	90.997078   
 489  	11.9199   	90.997078   
 490  	11.9443   	91.284676   
 491  	11.9687   	91.500244   
 492  	11.9932   	90.925301   
 493  	12.0176   	90.637703   
 494  	12.0420   	90.494019   
 495  	12.0664   	90.062752   
 496  	12.0909   	90.134651   
 497  	12.1153   	90.062752   
 498  	12.1397   	89.990852   
 499  	12.1641   	89.990852   
 500  	12.1886   	90.278320   
 501  	12.2130   	90.422119   
 502  	12.2374   	90.781502   
 503  	12.2618   	90.997078   
 504  	12.2863   	91.356445   
 505  	12.3107   	90.997078   
 506  	12.3351   	90.565918   
 507  	12.3596   	89.775269   
 508  	12.3840   	90.925301   
 509  	12.4084   	89.703369   
 510  	12.4328   	90.350220   
 511  	12.4573   	90.278320   
 512  	12.4817   	89.631470   
 513  	12.5061   	89.559570   
 514  	12.5305   	89.272102   
 515  	12.5550   	89.847176   
 516  	12.5794   	89.056526   
 517  	12.6038   	89.631470   
 518  	12.6282   	88.840828   
 519  	12.6527   	88.337776   
 520  	12.6771   	88.337776   
 521  	12.7015   	88.337776   
 522  	12.7259   	87.762695   
 523  	12.7504   	88.625244   
 524  	12.7748   	88.697144   
 525  	12.7992   	89.056526   
 526  	12.8236   	88.840828   
 527  	12.8481   	89.056526   
 528  	12.8725   	87.978401   
 529  	12.8969   	87.834595   
 530  	12.9213   	86.828369   
 531  	12.9458   	87.043953   
 532  	12.9702   	87.547119   
 533  	12.9946   	88.625244   
 534  	13.0191   	88.769043   
 535  	13.0435   	87.259651   
 536  	13.0679   	88.337776   
 537  	13.0923   	87.834595   
 538  	13.1168   	87.187752   
 539  	13.1412   	86.540901   
 540  	13.1656   	86.828369   
 541  	13.1900   	86.900269   
 542  	13.2145   	86.756470   
 543  	13.2389   	87.906502   
 544  	13.2633   	87.187752   
 545  	13.2877   	87.331551   
 546  	13.3122   	87.690918   
 547  	13.3366   	87.043953   
 548  	13.3610   	87.187752   
 549  	13.3854   	86.612801   
 550  	13.4099   	87.403320   
 551  	13.4343   	88.193977   
 552  	13.4587   	88.481445   
 553  	13.4831   	88.265877   
 554  	13.5076   	87.690918   
 555  	13.5320   	88.122078   
 556  	13.5564   	87.115852   
 557  	13.5808   	87.115852   
 558  	13.6053   	88.265877   
 559  	13.6297   	88.050301   
 560  	13.6541   	88.337776   
 561  	13.6786   	88.265877   
 562  	13.7030   	88.409676   
 563  	13.7274   	87.978401   
 564  	13.7518   	88.337776   
 565  	13.7763   	88.265877   
 566  	13.8007   	87.978401   
 567  	13.8251   	87.475220   
 568  	13.8495   	88.193977   
 569  	13.8740   	87.403320   
 570  	13.8984   	88.337776   
 571  	13.9228   	87.331551   
 572  	13.9472   	87.906502   
 573  	13.9717   	87.978401   
 574  	13.9961   	88.481445   
 575  	14.0205   	87.906502   
 576  	14.0449   	87.403320   
 577  	14.0694   	87.762695   
 578  	14.0938   	87.475220   
 579  	14.1182   	87.187752   
 580  	14.1426   	87.403320   
 581  	14.1671   	88.553345   
 582  	14.1915   	88.625244   
 583  	14.2159   	87.906502   
 584  	14.2404   	88.912727   
 585  	14.2648   	88.409676   
 586  	14.2892   	88.050301   
 587  	14.3136   	88.122078   
 588  	14.3381   	87.475220   
 589  	14.3625   	87.547119   
 590  	14.3869   	88.050301   
 591  	14.4113   	87.403320   
 592  	14.4358   	86.756470   
 593  	14.4602   	86.828369   
 594  	14.4846   	86.756470   
 595  	14.5090   	87.115852   
 596  	14.5335   	87.115852   
 597  	14.5579   	88.409676   
 598  	14.5823   	89.631470   
 599  	14.6067   	89.344002   
 600  	14.6312   	89.487793   
 601  	14.6556   	89.775269   
 602  	14.6800   	89.056526   
 603  	14.7044   	88.840828   
 604  	14.7289   	89.272102   
 605  	14.7533   	88.984627   
 606  	14.7777   	88.481445   
 607  	14.8021   	88.481445   
 608  	14.8266   	87.690918   
 609  	14.8510   	88.481445   
 610  	14.8754   	88.265877   
 611  	14.8999   	88.481445   
 612  	14.9243   	88.481445   
 613  	14.9487   	88.193977   
 614  	14.9731   	88.337776   
 615  	14.9976   	87.978401   
 616  	15.0220   	86.828369   
 617  	15.0464   	87.331551   
 618  	15.0708   	87.690918   
 619  	15.0953   	86.828369   
 620  	15.1197   	86.612801   
 621  	15.1441   	87.619019   
 622  	15.1685   	88.193977   
 623  	15.1930   	88.265877   
 624  	15.2174   	87.906502   
 625  	15.2418   	87.906502   
 626  	15.2662   	87.978401   
 627  	15.2907   	87.331551   
 628  	15.3151   	87.762695   
 629  	15.3395   	87.547119   
 630  	15.3639   	88.625244   
 631  	15.3884   	87.403320   
 632  	15.4128   	88.050301   
 633  	15.4372   	88.553345   
 634  	15.4617   	88.337776   
 635  	15.4861   	88.193977   
 636  	15.5105   	87.547119   
 637  	15.5349   	87.906502   
 638  	15.5594   	87.115852   
 639  	15.5838   	87.115852   
 640  	15.6082   	86.972168   
 641  	15.6326   	87.547119   
 642  	15.6571   	87.690918   
 643  	15.6815   	88.122078   
 644  	15.7059   	88.193977   
 645  	15.7303   	87.475220   
 646  	15.7548   	86.469002   
 647  	15.7792   	86.253426   
 648  	15.8036   	86.900269   
 649  	15.8280   	86.325203   
 650  	15.8525   	86.612801   
 651  	15.8769   	87.043953   
 652  	15.9013   	87.403320   
 653  	15.9257   	87.187752   
 654  	15.9502   	86.972168   
 655  	15.9746   	87.690918   
 656  	15.9990   	87.906502   
 657  	16.0234   	87.043953   
 658  	16.0479   	86.540901   
 659  	16.0723   	85.678345   
 660  	16.0967   	85.318977   
 661  	16.1212   	84.456551   
 662  	16.1456   	83.737801   
 663  	16.1700   	82.947144   
 664  	16.1944   	82.947144   
 665  	16.2189   	82.156494   
 666  	16.2433   	83.378426   
 667  	16.2677   	82.947144   
 668  	16.2921   	81.940926   
 669  	16.3166   	81.653328   
 670  	16.3410   	81.078369   
 671  	16.3654   	80.790901   
 672  	16.3898   	81.006470   
 673  	16.4143   	79.640877   
 674  	16.4387   	78.634644   
 675  	16.4631   	77.484619   
 676  	16.4875   	77.628418   
 677  	16.5120   	77.412720   
 678  	16.5364   	77.556519   
 679  	16.5608   	77.484619   
 680  	16.5852   	76.765877   
 681  	16.6097   	77.772102   
 682  	16.6341   	76.693970   
 683  	16.6585   	75.687744   
 684  	16.6830   	75.328377   
 685  	16.7074   	75.256477   
 686  	16.7318   	74.609619   
 687  	16.7562   	73.675293   
 688  	16.7807   	72.597176   
 689  	16.8051   	73.100227   
 690  	16.8295   	72.884644   
 691  	16.8539   	72.309578   
 692  	16.8784   	71.734619   
 693  	16.9028   	70.800293   
 694  	16.9272   	70.440926   
 695  	16.9516   	70.728394   
 696  	16.9761   	71.159668   
 697  	17.0005   	70.584602   
 698  	17.0249   	70.440926   
 699  	17.0493   	69.937744   
 700  	17.0738   	69.578377   
 701  	17.0982   	69.290894   
 702  	17.1226   	68.500252   
 703  	17.1470   	68.356453   
 704  	17.1715   	67.637703   
 705  	17.1959   	67.781502   
 706  	17.2203   	67.709602   
 707  	17.2447   	67.709602   
 708  	17.2692   	67.853401   
 709  	17.2936   	66.343994   
 710  	17.3180   	65.697151   
 711  	17.3425   	65.840828   
 712  	17.3669   	64.978401   
 713  	17.3913   	64.906502   
 714  	17.4157   	64.403320   
 715  	17.4402   	64.619019   
 716  	17.4646   	63.756474   
 717  	17.4890   	62.750248   
 718  	17.5134   	61.815922   
 719  	17.5379   	61.384651   
 720  	17.5623   	60.665894   
 721  	17.5867   	60.162724   
 722  	17.6111   	59.875248   
 723  	17.6356   	58.365849   
 724  	17.6600   	57.647099   
 725  	17.6844   	57.575199   
 726  	17.7088   	57.431519   
 727  	17.7333   	56.568974   
 728  	17.7577   	56.065918   
 729  	17.7821   	56.209599   
 730  	17.8065   	55.347172   
 731  	17.8310   	53.981449   
 732  	17.8554   	54.053345   
 733  	17.8798   	53.478397   
 734  	17.9042   	52.472172   
 735  	17.9287   	51.968998   
 736  	17.9531   	51.394047   
 737  	17.9775   	50.531498   
 738  	18.0020   	49.812748   
 739  	18.0264   	49.237797   
 740  	18.0508   	48.159668   
 741  	18.0752   	47.728394   
 742  	18.0997   	47.584595   
 743  	18.1241   	46.506474   
 744  	18.1485   	46.578373   
 745  	18.1729   	45.500248   
 746  	18.1974   	44.997074   
 747  	18.2218   	45.140873   
 748  	18.2462   	44.278320   
 749  	18.2706   	43.990849   
 750  	18.2951   	43.343998   
 751  	18.3195   	42.840820   
 752  	18.3439   	42.481445   
 753  	18.3683   	41.906498   
 754  	18.3928   	40.325199   
 755  	18.4172   	39.965824   
 756  	18.4416   	38.959599   
 757  	18.4660   	38.959599   
 758  	18.4905   	38.744019   
 759  	18.5149   	36.947144   
 760  	18.5393   	37.522099   
 761  	18.5638   	36.372070   
 762  	18.5882   	36.012695   
 763  	18.6126   	34.647095   
 764  	18.6370   	34.431522   
 765  	18.6615   	33.137695   
 766  	18.6859   	32.418949   
 767  	18.7103   	31.053347   
 768  	18.7347   	31.340822   
 769  	18.7592   	29.975222   
 770  	18.7836   	28.465820   
 771  	18.8080   	27.315920   
 772  	18.8324   	26.093996   
 773  	18.8569   	25.159668   
 774  	18.8813   	24.081545   
 775  	18.9057   	23.147095   
 776  	18.9301   	23.075195   
 777  	18.9546   	21.278320   
 778  	18.9790   	21.206543   
 779  	19.0034   	19.984619   
 780  	19.0278   	18.906496   
 781  	19.0523   	18.475220   
 782  	19.0767   	17.540895   
 783  	19.1011   	16.031494   
 784  	19.1255   	16.247072   
 785  	19.1500   	15.528321   
 786  	19.1744   	14.378419   
 787  	19.1988   	12.725221   
 788  	19.2233   	11.862794   
 789  	19.2477   	11.287720   
 790  	19.2721   	10.568970   
 791  	19.2965   	9.203370    
 792  	19.3210   	8.269043    
 793  	19.3454   	7.909668    
 794  	19.3698   	7.334595    
 795  	19.3942   	6.831543    
 796  	19.4187   	6.184631    
 797  	19.4431   	5.106507    
 798  	19.4675   	4.028381    
 799  	19.4919   	3.381470    
 800  	19.5164   	2.015869    
 801  	19.5408   	1.225220    
 802  	19.5652   	0.650269    
 803  	19.5896   	-0.571655   
 804  	19.6141   	-1.002869   
 805  	19.6385   	-1.721619   
 806  	19.6629   	-1.505981   
 807  	19.6873   	-2.656006   
 808  	19.7118   	-2.799744   
 809  	19.7362   	-2.871643   
 810  	19.7606   	-4.380981   
 811  	19.7851   	-5.243530   
 812  	19.8095   	-4.524781   
 813  	19.8339   	-5.674744   
 814  	19.8583   	-5.531006   
 815  	19.8828   	-5.890381   
 816  	19.9072   	-6.537231   
 817  	19.9316   	-7.615357   
 818  	19.9560   	-8.190369   
 819  	19.9805   	-9.196655   
 820  	20.0049   	-8.837280   
 821  	20.0293   	-8.837280   
 822  	20.0537   	-9.771607   
 823  	20.0782   	-10.274780  
 824  	20.1026   	-10.634156  
 825  	20.1270   	-12.071656  
 826  	20.1514   	-12.143494  
 827  	20.1759   	-13.365357  
 828  	20.2003   	-13.509155  
 829  	20.2247   	-13.509155  
 830  	20.2491   	-13.580995  
 831  	20.2736   	-14.227906  
 832  	20.2980   	-14.515381  
 833  	20.3224   	-15.162231  
 834  	20.3468   	-15.809144  
 835  	20.3713   	-16.024782  
 836  	20.3957   	-15.090394  
 837  	20.4201   	-16.168518  
 838  	20.4446   	-16.527895  
 839  	20.4690   	-16.312256  
 840  	20.4934   	-17.893496  
 841  	20.5178   	-19.546633  
 842  	20.5423   	-19.187256  
 843  	20.5667   	-19.834106  
 844  	20.5911   	-21.127871  
 845  	20.6155   	-20.696657  
 846  	20.6400   	-20.984131  
 847  	20.6644   	-21.343508  
 848  	20.6888   	-21.271608  
 849  	20.7132   	-21.702881  
 850  	20.7377   	-22.565371  
 851  	20.7621   	-23.284119  
 852  	20.7865   	-23.427858  
 853  	20.8109   	-24.793518  
 854  	20.8354   	-25.512270  
 855  	20.8598   	-26.087282  
 856  	20.8842   	-27.093506  
 857  	20.9086   	-27.596621  
 858  	20.9331   	-28.099733  
 859  	20.9575   	-29.249758  
 860  	20.9819   	-29.681030  
 861  	21.0064   	-30.471619  
 862  	21.0308   	-30.471619  
 863  	21.0552   	-31.981018  
 864  	21.0796   	-32.627872  
 865  	21.1041   	-32.556030  
 866  	21.1285   	-33.059147  
 867  	21.1529   	-32.699772  
 868  	21.1773   	-32.771606  
 869  	21.2018   	-34.065372  
 870  	21.2262   	-34.927860  
 871  	21.2506   	-34.927860  
 872  	21.2750   	-34.712280  
 873  	21.2995   	-35.359135  
 874  	21.3239   	-35.215393  
 875  	21.3483   	-35.215393  
 876  	21.3727   	-35.359135  
 877  	21.3972   	-36.005981  
 878  	21.4216   	-36.437260  
 879  	21.4460   	-37.227905  
 880  	21.4704   	-37.012268  
 881  	21.4949   	-37.587280  
 882  	21.5193   	-37.874760  
 883  	21.5437   	-38.018494  
 884  	21.5681   	-38.737247  
 885  	21.5926   	-38.521606  
 886  	21.6170   	-38.234135  
 887  	21.6414   	-38.521606  
 888  	21.6659   	-38.162235  
 889  	21.6903   	-37.587280  
 890  	21.7147   	-37.659122  
 891  	21.7391   	-37.731022  
 892  	21.7636   	-39.240360  
 893  	21.7880   	-38.665409  
 894  	21.8124   	-38.162235  
 895  	21.8368   	-37.731022  
 896  	21.8613   	-38.593506  
 897  	21.8857   	-38.880981  
 898  	21.9101   	-39.024780  
 899  	21.9345   	-38.521606  
 900  	21.9590   	-39.024780  
 901  	21.9834   	-39.168522  
 902  	22.0078   	-39.312256  
 903  	22.0322   	-39.815369  
 904  	22.0567   	-40.174747  
 905  	22.0811   	-40.031010  
 906  	22.1055   	-40.318481  
 907  	22.1299   	-41.037235  
 908  	22.1544   	-41.252869  
 909  	22.1788   	-41.396610  
 910  	22.2032   	-42.474735  
 911  	22.2277   	-43.265385  
 912  	22.2521   	-43.121643  
 913  	22.2765   	-43.481022  
 914  	22.3009   	-43.984131  
 915  	22.3254   	-43.624756  
 916  	22.3498   	-42.977909  
 917  	22.3742   	-42.474735  
 918  	22.3986   	-42.977909  
 919  	22.4231   	-42.977909  
 920  	22.4475   	-43.409122  
 921  	22.4719   	-44.127869  
 922  	22.4963   	-43.337284  
 923  	22.5208   	-43.696655  
 924  	22.5452   	-43.768497  
 925  	22.5696   	-44.990356  
 926  	22.5940   	-45.134155  
 927  	22.6185   	-45.134155  
 928  	22.6429   	-45.996643  
 929  	22.6673   	-45.277897  
 930  	22.6917   	-46.068485  
 931  	22.7162   	-45.349731  
 932  	22.7406   	-45.565372  
 933  	22.7650   	-45.709110  
 934  	22.7894   	-46.068485  
 935  	22.8139   	-46.859131  
 936  	22.8383   	-46.284119  
 937  	22.8627   	-46.643497  
 938  	22.8872   	-46.068485  
 939  	22.9116   	-46.571659  
 940  	22.9360   	-46.499760  
 941  	22.9604   	-47.002872  
 942  	22.9849   	-46.284119  
 943  	23.0093   	-46.643497  
 944  	23.0337   	-46.787231  
 945  	23.0581   	-47.002872  
 946  	23.0826   	-47.434143  
 947  	23.1070   	-47.505985  
 948  	23.1314   	-47.577885  
 949  	23.1558   	-47.434143  
 950  	23.1803   	-47.865360  
 951  	23.2047   	-48.080997  
 952  	23.2291   	-49.231018  
 953  	23.2535   	-49.446659  
 954  	23.2780   	-49.877872  
 955  	23.3024   	-50.884159  
 956  	23.3268   	-50.309147  
 957  	23.3512   	-50.524784  
 958  	23.3757   	-50.165405  
 959  	23.4001   	-50.237247  
 960  	23.4245   	-49.159119  
 961  	23.4489   	-50.237247  
 962  	23.4734   	-50.021606  
 963  	23.4978   	-50.380985  
 964  	23.5222   	-51.027893  
 965  	23.5467   	-51.027893  
 966  	23.5711   	-51.890385  
 967  	23.5955   	-52.968506  
 968  	23.6199   	-55.196659  
 969  	23.6444   	-58.718510  
 970  	23.6688   	-63.174747  
 971  	23.6932   	-68.421638  
 972  	23.7176   	-71.584106  
 973  	23.7421   	-75.249756  
 974  	23.7665   	-77.549744  
 975  	23.7909   	-79.346619  
 976  	23.8153   	-81.431038  
 977  	23.8398   	-82.221619  
 978  	23.8642   	-83.371643  
 979  	23.8886   	-84.306038  
 980  	23.9130   	-85.168518  
 981  	23.9375   	-85.599731  
 982  	23.9619   	-84.809151  
 983  	23.9863   	-85.887268  
 984  	24.0107   	-85.815369  
 985  	24.0352   	-85.815369  
 986  	24.0596   	-87.109138  
 987  	24.0840   	-87.252876  
 988  	24.1085   	-85.671631  
 989  	24.1329   	-86.965393  
 990  	24.1573   	-87.396606  
 991  	24.1817   	-88.043518  
 992  	24.2062   	-88.546638  
 993  	24.2306   	-88.834114  
 994  	24.2550   	-89.049751  
 995  	24.2794   	-89.552864  
 996  	24.3039   	-88.762268  
 997  	24.3283   	-88.690369  
 998  	24.3527   	-89.624763  
 999  	24.3771   	-89.912239  
 1000 	24.4016   	-89.121651  
 1001 	24.4260   	-89.552864  
 1002 	24.4504   	-89.409126  
 1003 	24.4748   	-88.762268  
 1004 	24.4993   	-89.193481  
 1005 	24.5237   	-89.265381  
 1006 	24.5481   	-88.906013  
 1007 	24.5725   	-89.409126  
 1008 	24.5970   	-90.127876  
 1009 	24.6214   	-90.127876  
 1010 	24.6458   	-91.134155  
 1011 	24.6702   	-90.056030  
 1012 	24.6947   	-90.415413  
 1013 	24.7191   	-89.984131  
 1014 	24.7435   	-91.134155  
 1015 	24.7680   	-91.277901  
 1016 	24.7924   	-91.637268  
 1017 	24.8168   	-91.565369  
 1018 	24.8412   	-91.349739  
 1019 	24.8657   	-90.702888  
 1020 	24.8901   	-90.415413  
 1021 	24.9145   	-90.343506  
 1022 	24.9389   	-90.846626  
 1023 	24.9634   	-91.565369  
 1024 	24.9878   	-92.140381  
 1025 	25.0122   	-90.990356  
 1026 	25.0366   	-91.852913  
 1027 	25.0611   	-91.349739  
 1028 	25.0855   	-91.565369  
 1029 	25.1099   	-91.277901  
 1030 	25.1343   	-91.996651  
 1031 	25.1588   	-92.068481  
 1032 	25.1832   	-92.212280  
 1033 	25.2076   	-92.643494  
 1034 	25.2320   	-92.859131  
 1035 	25.2565   	-92.212280  
 1036 	25.2809   	-91.565369  
 1037 	25.3053   	-91.852913  
 1038 	25.3298   	-92.643494  
 1039 	25.3542   	-91.924751  
 1040 	25.3786   	-92.643494  
 1041 	25.4030   	-91.709114  
 1042 	25.4275   	-91.996651  
 1043 	25.4519   	-91.062256  
 1044 	25.4763   	-92.427864  
 1045 	25.5007   	-91.924751  
 1046 	25.5252   	-91.637268  
 1047 	25.5496   	-92.284119  
 1048 	25.5740   	-92.859131  
 1049 	25.5984   	-92.499763  
 1050 	25.6229   	-92.284119  
 1051 	25.6473   	-93.218513  
 1052 	25.6717   	-92.931030  
 1053 	25.6961   	-93.505989  
 1054 	25.7206   	-93.649788  
 1055 	25.7450   	-92.068481  
 1056 	25.7694   	-91.565369  
 1057 	25.7938   	-92.068481  
 1058 	25.8183   	-92.571663  
 1059 	25.8427   	-92.571663  
 1060 	25.8671   	-93.218513  
 1061 	25.8915   	-93.649788  
 1062 	25.9160   	-93.793526  
 1063 	25.9404   	-92.499763  
 1064 	25.9648   	-92.427864  
 1065 	25.9893   	-92.284119  
 1066 	26.0137   	-91.637268  
 1067 	26.0381   	-90.918526  
 1068 	26.0625   	-90.487244  
 1069 	26.0870   	-90.343506  
 1070 	26.1114   	-90.199776  
 1071 	26.1358   	-89.121651  
 1072 	26.1602   	-89.624763  
 1073 	26.1847   	-90.199776  
 1074 	26.2091   	-88.977913  
 1075 	26.2335   	-89.265381  
 1076 	26.2579   	-89.049751  
 1077 	26.2824   	-87.396606  
 1078 	26.3068   	-87.468506  
 1079 	26.3312   	-86.031013  
 1080 	26.3556   	-85.599731  
 1081 	26.3801   	-83.443481  
 1082 	26.4045   	-80.281013  
 1083 	26.4289   	-69.859131  
 1084 	26.4533   	-60.874760  
 1085 	26.4778   	-53.974735  
 1086 	26.5022   	-50.668518  
 1087 	26.5266   	-49.877872  
 1088 	26.5511   	-50.596619  
 1089 	26.5755   	-52.106022  
 1090 	26.5999   	-53.902893  
 1091 	26.6243   	-55.484135  
 1092 	26.6488   	-58.143497  
 1093 	26.6732   	-60.515385  
 1094 	26.6976   	-63.031006  
 1095 	26.7220   	-64.684143  
 1096 	26.7465   	-66.481018  
 1097 	26.7709   	-68.493538  
 1098 	26.7953   	-69.499756  
 1099 	26.8197   	-71.296631  
 1100 	26.8442   	-72.590401  
 1101 	26.8686   	-74.746643  
 1102 	26.8930   	-75.609138  
 1103 	26.9174   	-77.190376  
 1104 	26.9419   	-77.621643  
 1105 	26.9663   	-78.124756  
 1106 	26.9907   	-79.346619  
 1107 	27.0151   	-79.777901  
 1108 	27.0396   	-80.065376  
 1109 	27.0640   	-80.568489  
 1110 	27.0884   	-81.502869  
 1111 	27.1128   	-83.443481  
 1112 	27.1373   	-83.874763  
 1113 	27.1617   	-84.090393  
 1114 	27.1861   	-83.587280  
 1115 	27.2106   	-83.443481  
 1116 	27.2350   	-83.515381  
 1117 	27.2594   	-85.024788  
 1118 	27.2838   	-85.671631  
 1119 	27.3083   	-86.102913  
 1120 	27.3327   	-87.037239  
 1121 	27.3571   	-87.468506  
 1122 	27.3815   	-86.031013  
 1123 	27.4060   	-86.390381  
 1124 	27.4304   	-86.318481  
 1125 	27.4548   	-87.037239  
 1126 	27.4792   	-87.181038  
 1127 	27.5037   	-87.324776  
 1128 	27.5281   	-87.971619  
 1129 	27.5525   	-87.827888  
 1130 	27.5769   	-88.259155  
 1131 	27.6014   	-88.690369  
 1132 	27.6258   	-88.546638  
 1133 	27.6502   	-87.971619  
 1134 	27.6746   	-88.618538  
 1135 	27.6991   	-88.834114  
 1136 	27.7235   	-88.834114  
 1137 	27.7479   	-89.049751  
 1138 	27.7723   	-90.127876  
 1139 	27.7968   	-90.056030  
 1140 	27.8212   	-90.487244  
 1141 	27.8456   	-90.199776  
 1142 	27.8701   	-90.630989  
 1143 	27.8945   	-91.134155  
 1144 	27.9189   	-92.068481  
 1145 	27.9433   	-91.709114  
 1146 	27.9678   	-90.199776  
 1147 	27.9922   	-90.774788  
 1148 	28.0166   	-91.134155  
 1149 	28.0410   	-90.990356  
 1150 	28.0655   	-90.990356  
 1151 	28.0899   	-90.559143  
 1152 	28.1143   	-90.702888  
 1153 	28.1387   	-90.702888  
 1154 	28.1632   	-91.134155  
 1155 	28.1876   	-91.277901  
 1156 	28.2120   	-91.349739  
 1157 	28.2364   	-90.774788  
 1158 	28.2609   	-90.918526  
 1159 	28.2853   	-89.696663  
 1160 	28.3097   	-89.552864  
 1161 	28.3341   	-89.624763  
 1162 	28.3586   	-89.481026  
 1163 	28.3830   	-90.343506  
 1164 	28.4074   	-89.840393  
 1165 	28.4319   	-89.481026  
 1166 	28.4563   	-89.840393  
 1167 	28.4807   	-89.984131  
 1168 	28.5051   	-90.271606  
 1169 	28.5296   	-90.846626  
 1170 	28.5540   	-91.565369  
 1171 	28.5784   	-92.068481  
 1172 	28.6028   	-92.068481  
 1173 	28.6273   	-91.277901  
 1174 	28.6517   	-91.277901  
 1175 	28.6761   	-90.702888  
 1176 	28.7005   	-89.840393  
 1177 	28.7250   	-89.696663  
 1178 	28.7494   	-90.702888  
 1179 	28.7738   	-90.702888  
 1180 	28.7982   	-90.630989  
 1181 	28.8227   	-91.852913  
 1182 	28.8471   	-91.852913  
 1183 	28.8715   	-91.852913  
 1184 	28.8959   	-91.349739  
 1185 	28.9204   	-90.271606  
 1186 	28.9448   	-90.630989  
 1187 	28.9692   	-91.421638  
 1188 	28.9936   	-91.781013  
 1189 	29.0181   	-91.637268  
 1190 	29.0425   	-91.709114  
 1191 	29.0669   	-91.781013  
 1192 	29.0914   	-91.924751  
 1193 	29.1158   	-91.637268  
 1194 	29.1402   	-92.427864  
 1195 	29.1646   	-91.637268  
 1196 	29.1891   	-92.068481  
 1197 	29.2135   	-91.781013  
 1198 	29.2379   	-92.212280  
 1199 	29.2623   	-91.781013  
 1200 	29.2868   	-91.277901  
 1201 	29.3112   	-90.918526  
 1202 	29.3356   	-92.068481  
 1203 	29.3600   	-92.284119  
 1204 	29.3845   	-92.140381  
 1205 	29.4089   	-91.062256  
 1206 	29.4333   	-92.068481  
 1207 	29.4577   	-91.781013  
 1208 	29.4822   	-92.212280  
 1209 	29.5066   	-91.206001  
 1210 	29.5310   	-91.206001  
 1211 	29.5554   	-91.206001  
 1212 	29.5799   	-91.709114  
 1213 	29.6043   	-91.996651  
 1214 	29.6287   	-91.637268  
 1215 	29.6532   	-92.499763  
 1216 	29.6776   	-92.787231  
 1217 	29.7020   	-92.427864  
 1218 	29.7264   	-91.565369  
 1219 	29.7509   	-91.349739  
 1220 	29.7753   	-91.852913  
 1221 	29.7997   	-91.996651  
 1222 	29.8241   	-91.493538  
 1223 	29.8486   	-91.062256  
 1224 	29.8730   	-91.709114  
 1225 	29.8974   	-91.062256  
 1226 	29.9218   	-90.487244  
 1227 	29.9463   	-91.637268  
 1228 	29.9707   	-92.068481  
 1229 	29.9951   	-92.499763  
 1230 	30.0195   	-92.140381  
 1231 	30.0440   	-91.565369  
 1232 	30.0684   	-91.134155  
 1233 	30.0928   	-91.996651  
 1234 	30.1172   	-92.356018  
 1235 	30.1417   	-92.140381  
 1236 	30.1661   	-91.493538  
 1237 	30.1905   	-91.996651  
 1238 	30.2149   	-91.852913  
 1239 	30.2394   	-90.918526  
 1240 	30.2638   	-89.984131  
 1241 	30.2882   	-90.774788  
 1242 	30.3127   	-90.559143  
 1243 	30.3371   	-90.630989  
 1244 	30.3615   	-90.846626  
 1245 	30.3859   	-91.637268  
 1246 	30.4104   	-91.565369  
 1247 	30.4348   	-91.637268  
 1248 	30.4592   	-90.846626  
 1249 	30.4836   	-91.637268  
 1250 	30.5081   	-91.565369  
 1251 	30.5325   	-91.206001  
 1252 	30.5569   	-91.134155  
 1253 	30.5813   	-91.709114  
 1254 	30.6058   	-91.277901  
 1255 	30.6302   	-91.924751  
 1256 	30.6546   	-91.852913  
 1257 	30.6790   	-91.421638  
 1258 	30.7035   	-91.062256  
 1259 	30.7279   	-91.565369  
 1260 	30.7523   	-91.277901  
 1261 	30.7767   	-91.062256  
 1262 	30.8012   	-90.774788  
 1263 	30.8256   	-91.062256  
 1264 	30.8500   	-90.271606  
 1265 	30.8745   	-90.127876  
 1266 	30.8989   	-90.271606  
 1267 	30.9233   	-91.134155  
 1268 	30.9477   	-91.493538  
 1269 	30.9722   	-91.709114  
 1270 	30.9966   	-92.140381  
 1271 	31.0210   	-92.499763  
 1272 	31.0454   	-91.924751  
 1273 	31.0699   	-91.781013  
 1274 	31.0943   	-92.427864  
 1275 	31.1187   	-91.421638  
 1276 	31.1431   	-91.493538  
 1277 	31.1676   	-91.062256  
 1278 	31.1920   	-92.068481  
 1279 	31.2164   	-91.996651  
 1280 	31.2408   	-91.134155  
 1281 	31.2653   	-90.056030  
 1282 	31.2897   	-89.768494  
 1283 	31.3141   	-90.199776  
 1284 	31.3385   	-90.774788  
 1285 	31.3630   	-91.062256  
 1286 	31.3874   	-90.559143  
 1287 	31.4118   	-89.912239  
 1288 	31.4362   	-90.630989  
 1289 	31.4607   	-91.565369  
 1290 	31.4851   	-91.493538  
 1291 	31.5095   	-91.852913  
 1292 	31.5340   	-91.349739  
 1293 	31.5584   	-90.559143  
 1294 	31.5828   	-90.415413  
 1295 	31.6072   	-90.559143  
 1296 	31.6317   	-90.774788  
 1297 	31.6561   	-90.343506  
 1298 	31.6805   	-90.415413  
 1299 	31.7049   	-89.624763  
 1300 	31.7294   	-90.487244  
 1301 	31.7538   	-90.630989  
 1302 	31.7782   	-91.781013  
 1303 	31.8026   	-91.349739  
 1304 	31.8271   	-91.206001  
 1305 	31.8515   	-91.206001  
 1306 	31.8759   	-91.852913  
 1307 	31.9003   	-92.284119  
 1308 	31.9248   	-92.427864  
 1309 	31.9492   	-91.277901  
 1310 	31.9736   	-91.206001  
 1311 	31.9980   	-91.781013  
 1312 	32.0225   	-91.637268  
 1313 	32.0469   	-90.990356  
 1314 	32.0713   	-91.493538  
 1315 	32.0957   	-91.781013  
 1316 	32.1202   	-91.349739  
 1317 	32.1446   	-90.990356  
 1318 	32.1690   	-91.565369  
 1319 	32.1935   	-90.918526  
 1320 	32.2179   	-90.487244  
 1321 	32.2423   	-91.134155  
 1322 	32.2667   	-92.212280  
 1323 	32.2912   	-91.709114  
 1324 	32.3156   	-91.924751  
 1325 	32.3400   	-91.709114  
 1326 	32.3644   	-91.781013  
 1327 	32.3889   	-91.781013  
 1328 	32.4133   	-91.637268  
 1329 	32.4377   	-90.774788  
 1330 	32.4621   	-91.062256  
 1331 	32.4866   	-91.493538  
 1332 	32.5110   	-91.206001  
 1333 	32.5354   	-92.356018  
 1334 	32.5598   	-92.643494  
 1335 	32.5843   	-92.499763  
 1336 	32.6087   	-91.924751  
 1337 	32.6331   	-90.630989  
 1338 	32.6575   	-91.637268  
 1339 	32.6820   	-91.493538  
 1340 	32.7064   	-91.924751  
 1341 	32.7308   	-91.277901  
 1342 	32.7553   	-92.284119  
 1343 	32.7797   	-92.212280  
 1344 	32.8041   	-92.068481  
 1345 	32.8285   	-91.852913  
 1346 	32.8530   	-91.852913  
 1347 	32.8774   	-93.002876  
 1348 	32.9018   	-92.068481  
 1349 	32.9262   	-91.637268  
 1350 	32.9507   	-91.637268  
 1351 	32.9751   	-91.637268  
 1352 	32.9995   	-91.924751  
 1353 	33.0239   	-91.349739  
 1354 	33.0484   	-92.212280  
 1355 	33.0728   	-92.787231  
 1356 	33.0972   	-92.571663  
 1357 	33.1216   	-92.715401  
 1358 	33.1461   	-92.715401  
 1359 	33.1705   	-91.781013  
 1360 	33.1949   	-92.068481  
 1361 	33.2193   	-92.068481  
 1362 	33.2438   	-91.493538  
 1363 	33.2682   	-91.421638  
 1364 	33.2926   	-90.990356  
 1365 	33.3170   	-90.990356  
 1366 	33.3415   	-91.206001  
 1367 	33.3659   	-91.637268  
 1368 	33.3903   	-90.918526  
 1369 	33.4148   	-91.637268  
 1370 	33.4392   	-91.349739  
 1371 	33.4636   	-91.996651  
 1372 	33.4880   	-91.637268  
 1373 	33.5125   	-91.996651  
 1374 	33.5369   	-91.996651  
 1375 	33.5613   	-91.996651  
 1376 	33.5857   	-91.349739  
 1377 	33.6102   	-90.487244  
 1378 	33.6346   	-91.349739  
 1379 	33.6590   	-90.702888  
 1380 	33.6834   	-91.637268  
 1381 	33.7079   	-91.637268  
 1382 	33.7323   	-91.062256  
 1383 	33.7567   	-90.343506  
 1384 	33.7811   	-90.559143  
 1385 	33.8056   	-91.206001  
 1386 	33.8300   	-91.206001  
 1387 	33.8544   	-92.140381  
 1388 	33.8788   	-90.774788  
 1389 	33.9033   	-90.846626  
 1390 	33.9277   	-91.493538  
 1391 	33.9521   	-91.493538  
 1392 	33.9766   	-91.781013  
 1393 	34.0010   	-91.709114  
 1394 	34.0254   	-90.774788  
 1395 	34.0498   	-90.702888  
 1396 	34.0743   	-91.134155  
 1397 	34.0987   	-91.421638  
 1398 	34.1231   	-92.068481  
 1399 	34.1475   	-92.140381  
 1400 	34.1720   	-92.499763  
 1401 	34.1964   	-91.565369  
 1402 	34.2208   	-92.499763  
 1403 	34.2452   	-90.990356  
 1404 	34.2697   	-91.206001  
 1405 	34.2941   	-91.062256  
 1406 	34.3185   	-90.630989  
 1407 	34.3429   	-89.768494  
 1408 	34.3674   	-89.984131  
 1409 	34.3918   	-89.624763  
 1410 	34.4162   	-90.271606  
 1411 	34.4406   	-89.840393  
 1412 	34.4651   	-90.271606  
 1413 	34.4895   	-89.624763  
 1414 	34.5139   	-90.056030  
 1415 	34.5383   	-89.193481  
 1416 	34.5628   	-89.265381  
 1417 	34.5872   	-88.906013  
 1418 	34.6116   	-88.834114  
 1419 	34.6361   	-89.265381  
 1420 	34.6605   	-88.618538  
 1421 	34.6849   	-88.906013  
 1422 	34.7093   	-88.259155  
 1423 	34.7338   	-88.977913  
 1424 	34.7582   	-88.546638  
 1425 	34.7826   	-88.331001  
 1426 	34.8070   	-88.115356  
 1427 	34.8315   	-87.684143  
 1428 	34.8559   	-88.331001  
 1429 	34.8803   	-86.965393  
 1430 	34.9047   	-87.037239  
 1431 	34.9292   	-87.684143  
 1432 	34.9536   	-86.965393  
 1433 	34.9780   	-86.821663  
 1434 	35.0024   	-87.324776  
 1435 	35.0269   	-87.468506  
 1436 	35.0513   	-86.965393  
 1437 	35.0757   	-86.462280  
 1438 	35.1001   	-86.534126  
 1439 	35.1246   	-86.534126  
 1440 	35.1490   	-86.390381  
 1441 	35.1734   	-85.384155  
 1442 	35.1979   	-86.462280  
 1443 	35.2223   	-85.527901  
 1444 	35.2467   	-85.168518  
 1445 	35.2711   	-85.527901  
 1446 	35.2956   	-84.952888  
 1447 	35.3200   	-85.384155  
 1448 	35.3444   	-84.737251  
 1449 	35.3688   	-84.449776  
 1450 	35.3933   	-84.018494  
 1451 	35.4177   	-84.306038  
 1452 	35.4421   	-84.018494  
 1453 	35.4665   	-84.593506  
 1454 	35.4910   	-85.024788  
 1455 	35.5154   	-84.665405  
 1456 	35.5398   	-84.306038  
 1457 	35.5642   	-84.018494  
 1458 	35.5887   	-83.874763  
 1459 	35.6131   	-83.515381  
 1460 	35.6375   	-83.587280  
 1461 	35.6619   	-82.868530  
 1462 	35.6864   	-83.371643  
 1463 	35.7108   	-83.299744  
 1464 	35.7352   	-83.227913  
 1465 	35.7596   	-83.084114  
 1466 	35.7841   	-83.443481  
 1467 	35.8085   	-83.299744  
 1468 	35.8329   	-81.862251  
 1469 	35.8574   	-82.077888  
 1470 	35.8818   	-82.365364  
 1471 	35.9062   	-82.005989  
 1472 	35.9306   	-82.077888  
 1473 	35.9551   	-81.502869  
 1474 	35.9795   	-81.215393  
 1475 	36.0039   	-82.005989  
 1476 	36.0283   	-80.999756  
 1477 	36.0528   	-80.281013  
 1478 	36.0772   	-79.274788  
 1479 	36.1016   	-78.843506  
 1480 	36.1260   	-79.346619  
 1481 	36.1505   	-78.627869  
 1482 	36.1749   	-79.274788  
 1483 	36.1993   	-79.490364  
 1484 	36.2237   	-79.921631  
 1485 	36.2482   	-79.346619  
 1486 	36.2726   	-79.059151  
 1487 	36.2970   	-78.484138  
 1488 	36.3214   	-78.484138  
 1489 	36.3459   	-77.837288  
 1490 	36.3703   	-77.621643  
 1491 	36.3947   	-77.549744  
 1492 	36.4191   	-77.118530  
 1493 	36.4436   	-77.549744  
 1494 	36.4680   	-76.687263  
 1495 	36.4924   	-76.543518  
 1496 	36.5169   	-77.118530  
 1497 	36.5413   	-76.759163  
 1498 	36.5657   	-75.681038  
 1499 	36.5901   	-76.040405  
 1500 	36.6146   	-75.896614  
 1501 	36.6390   	-75.465401  
 1502 	36.6634   	-75.249756  
 1503 	36.6878   	-75.034126  
 1504 	36.7123   	-74.818489  
 1505 	36.7367   	-74.459106  
 1506 	36.7611   	-74.962288  
 1507 	36.7855   	-74.602905  
 1508 	36.8100   	-73.740364  
 1509 	36.8344   	-72.590401  
 1510 	36.8588   	-71.943489  
 1511 	36.8832   	-72.015388  
 1512 	36.9077   	-71.512276  
 1513 	36.9321   	-71.727905  
 1514 	36.9565   	-71.512276  
 1515 	36.9809   	-72.087288  
 1516 	37.0054   	-72.015388  
 1517 	37.0298   	-71.224739  
 1518 	37.0542   	-71.799744  
 1519 	37.0787   	-70.434151  
 1520 	37.1031   	-71.152893  
 1521 	37.1275   	-70.146614  
 1522 	37.1519   	-70.721626  
 1523 	37.1764   	-69.787231  
 1524 	37.2008   	-69.715401  
 1525 	37.2252   	-70.002869  
 1526 	37.2496   	-68.924751  
 1527 	37.2741   	-68.781006  
 1528 	37.2985   	-68.134163  
 1529 	37.3229   	-68.996643  
 1530 	37.3473   	-68.709106  
 1531 	37.3718   	-68.062256  
 1532 	37.3962   	-67.127869  
 1533 	37.4206   	-66.049751  
 1534 	37.4450   	-66.624756  
 1535 	37.4695   	-66.193489  
 1536 	37.4939   	-65.977905  
 1537 	37.5183   	-65.043526  
 1538 	37.5427   	-64.827881  
 1539 	37.5672   	-64.540413  
 1540 	37.5916   	-64.396614  
 1541 	37.6160   	-65.259155  
 1542 	37.6404   	-64.755981  
 1543 	37.6649   	-64.468513  
 1544 	37.6893   	-63.318485  
 1545 	37.7137   	-63.246647  
 1546 	37.7382   	-63.534119  
 1547 	37.7626   	-62.815372  
 1548 	37.7870   	-62.959106  
 1549 	37.8114   	-62.959106  
 1550 	37.8359   	-61.737244  
 1551 	37.8603   	-62.024780  
 1552 	37.8847   	-63.031006  
 1553 	37.9091   	-62.599735  
 1554 	37.9336   	-61.952881  
 1555 	37.9580   	-62.384159  
 1556 	37.9824   	-62.384159  
 1557 	38.0068   	-62.024780  
 1558 	38.0313   	-61.449776  
 1559 	38.0557   	-61.306030  
 1560 	38.0801   	-60.946659  
 1561 	38.1045   	-60.515385  
 1562 	38.1290   	-60.084106  
 1563 	38.1534   	-60.659119  
 1564 	38.1778   	-60.946659  
 1565 	38.2022   	-60.227905  
 1566 	38.2267   	-60.227905  
 1567 	38.2511   	-60.371647  
 1568 	38.2755   	-60.946659  
 1569 	38.3000   	-60.659119  
 1570 	38.3244   	-60.012272  
 1571 	38.3488   	-59.652893  
 1572 	38.3732   	-59.149784  
 1573 	38.3977   	-58.862247  
 1574 	38.4221   	-58.646610  
 1575 	38.4465   	-58.215397  
 1576 	38.4709   	-58.502869  
 1577 	38.4954   	-58.646610  
 1578 	38.5198   	-58.287235  
 1579 	38.5442   	-58.790409  
 1580 	38.5686   	-57.568481  
 1581 	38.5931   	-57.568481  
 1582 	38.6175   	-56.634155  
 1583 	38.6419   	-57.065369  
 1584 	38.6663   	-57.640385  
 1585 	38.6908   	-58.287235  
 1586 	38.7152   	-57.568481  
 1587 	38.7396   	-57.568481  
 1588 	38.7640   	-57.568481  
 1589 	38.7885   	-55.627869  
 1590 	38.8129   	-55.412235  
 1591 	38.8373   	-55.556034  
 1592 	38.8617   	-55.124760  
 1593 	38.8862   	-54.693481  
 1594 	38.9106   	-53.974735  
 1595 	38.9350   	-54.406010  
 1596 	38.9595   	-54.406010  
 1597 	38.9839   	-53.759159  
 1598 	39.0083   	-54.046635  
 1599 	39.0327   	-54.909122  
 1600 	39.0572   	-55.627869  
 1601 	39.0816   	-54.837280  
 1602 	39.1060   	-54.837280  
 1603 	39.1304   	-54.334110  
 1604 	39.1549   	-54.334110  
 1605 	39.1793   	-54.190372  
 1606 	39.2037   	-53.687260  
 1607 	39.2281   	-53.255985  
 1608 	39.2526   	-52.681034  
 1609 	39.2770   	-52.249760  
 1610 	39.3014   	-52.824772  
 1611 	39.3258   	-52.752872  
 1612 	39.3503   	-53.112247  
 1613 	39.3747   	-52.249760  
 1614 	39.3991   	-51.890385  
 1615 	39.4235   	-51.962280  
 1616 	39.4480   	-52.249760  
 1617 	39.4724   	-51.746647  
 1618 	39.4968   	-51.171635  
 1619 	39.5213   	-50.596619  
 1620 	39.5457   	-51.459106  
 1621 	39.5701   	-52.393494  
 1622 	39.5945   	-52.106022  
 1623 	39.6190   	-51.746647  
 1624 	39.6434   	-50.668518  
 1625 	39.6678   	-51.387272  
 1626 	39.6922   	-51.027893  
 1627 	39.7167   	-50.884159  
 1628 	39.7411   	-51.099735  
 1629 	39.7655   	-51.531006  
 1630 	39.7899   	-51.531006  
 1631 	39.8144   	-51.962280  
 1632 	39.8388   	-51.602905  
 1633 	39.8632   	-51.027893  
 1634 	39.8876   	-51.962280  
 1635 	39.9121   	-51.674747  
 1636 	39.9365   	-50.740360  
 1637 	39.9609   	-50.884159  
 1638 	39.9853   	-50.093506  
 1639 	40.0098   	-49.949772  
 1640 	40.0342   	-49.734131  
 1641 	40.0586   	-50.021606  
 1642 	40.0830   	-50.452885  
 1643 	40.1075   	-50.668518  
 1644 	40.1319   	-50.812260  
 1645 	40.1563   	-49.446659  
 1646 	40.1808   	-50.309147  
 1647 	40.2052   	-50.740360  
 1648 	40.2296   	-49.662231  
 1649 	40.2540   	-49.949772  
 1650 	40.2785   	-49.374760  
 1651 	40.3029   	-49.949772  
 1652 	40.3273   	-48.799747  
 1653 	40.3517   	-48.943485  
 1654 	40.3762   	-49.015385  
 1655 	40.4006   	-49.159119  
 1656 	40.4250   	-49.949772  
 1657 	40.4494   	-49.734131  
 1658 	40.4739   	-49.806034  
 1659 	40.4983   	-49.806034  
 1660 	40.5227   	-49.806034  
 1661 	40.5471   	-48.871647  
 1662 	40.5716   	-48.584110  
 1663 	40.5960   	-48.727905  
 1664 	40.6204   	-48.727905  
 1665 	40.6448   	-48.512272  
 1666 	40.6693   	-48.871647  
 1667 	40.6937   	-48.512272  
 1668 	40.7181   	-48.368530  
 1669 	40.7425   	-48.871647  
 1670 	40.7670   	-48.727905  
 1671 	40.7914   	-48.512272  
 1672 	40.8158   	-49.446659  
 1673 	40.8403   	-49.590397  
 1674 	40.8647   	-48.512272  
 1675 	40.8891   	-48.656006  
 1676 	40.9135   	-48.152897  
 1677 	40.9380   	-48.152897  
 1678 	40.9624   	-48.727905  
 1679 	40.9868   	-48.009159  
 1680 	41.0112   	-48.656006  
 1681 	41.0357   	-48.368530  
 1682 	41.0601   	-48.943485  
 1683 	41.0845   	-48.440372  
 1684 	41.1089   	-48.224731  
 1685 	41.1334   	-47.505985  
 1686 	41.1578   	-48.009159  
 1687 	41.1822   	-47.793518  
 1688 	41.2066   	-47.577885  
 1689 	41.2311   	-47.937260  
 1690 	41.2555   	-47.721619  
 1691 	41.2799   	-48.799747  
 1692 	41.3043   	-48.080997  
 1693 	41.3288   	-48.152897  
 1694 	41.3532   	-47.218510  
 1695 	41.3776   	-47.218510  
 1696 	41.4021   	-47.577885  
 1697 	41.4265   	-46.571659  
 1698 	41.4509   	-47.218510  
 1699 	41.4753   	-48.296631  
 1700 	41.4998   	-47.290405  
 1701 	41.5242   	-48.224731  
 1702 	41.5486   	-48.080997  
 1703 	41.5730   	-47.865360  
 1704 	41.5975   	-47.865360  
 1705 	41.6219   	-48.727905  
 1706 	41.6463   	-48.727905  
 1707 	41.6707   	-48.799747  
 1708 	41.6952   	-48.584110  
 1709 	41.7196   	-48.296631  
 1710 	41.7440   	-47.793518  
 1711 	41.7684   	-47.937260  
 1712 	41.7929   	-48.296631  
 1713 	41.8173   	-47.865360  
 1714 	41.8417   	-47.290405  
 1715 	41.8661   	-47.074772  
 1716 	41.8906   	-46.356018  
 1717 	41.9150   	-47.434143  
 1718 	41.9394   	-47.218510  
 1719 	41.9638   	-47.577885  
 1720 	41.9883   	-48.296631  
 1721 	42.0127   	-48.152897  
 1722 	42.0371   	-46.643497  
 1723 	42.0616   	-47.074772  
 1724 	42.0860   	-47.002872  
 1725 	42.1104   	-46.643497  
 1726 	42.1348   	-47.434143  
 1727 	42.1593   	-47.434143  
 1728 	42.1837   	-46.787231  
 1729 	42.2081   	-46.931030  
 1730 	42.2325   	-46.859131  
 1731 	42.2570   	-46.787231  
 1732 	42.2814   	-47.721619  
 1733 	42.3058   	-46.499760  
 1734 	42.3302   	-47.505985  
 1735 	42.3547   	-47.721619  
 1736 	42.3791   	-47.865360  
 1737 	42.4035   	-47.937260  
 1738 	42.4279   	-47.577885  
 1739 	42.4524   	-47.290405  
 1740 	42.4768   	-47.290405  
 1741 	42.5012   	-46.499760  
 1742 	42.5256   	-46.643497  
 1743 	42.5501   	-46.715397  
 1744 	42.5745   	-47.793518  
 1745 	42.5989   	-47.505985  
 1746 	42.6234   	-47.146610  
 1747 	42.6478   	-46.643497  
 1748 	42.6722   	-47.362244  
 1749 	42.6966   	-47.649784  
 1750 	42.7211   	-46.931030  
 1751 	42.7455   	-47.074772  
 1752 	42.7699   	-47.146610  
 1753 	42.7943   	-47.577885  
 1754 	42.8188   	-46.571659  
 1755 	42.8432   	-47.505985  
 1756 	42.8676   	-47.290405  
 1757 	42.8920   	-47.505985  
 1758 	42.9165   	-47.937260  
 1759 	42.9409   	-47.649784  
 1760 	42.9653   	-46.427856  
 1761 	42.9897   	-46.859131  
 1762 	43.0142   	-47.577885  
 1763 	43.0386   	-46.931030  
 1764 	43.0630   	-47.577885  
 1765 	43.0874   	-47.146610  
 1766 	43.1119   	-47.074772  
 1767 	43.1363   	-47.290405  
 1768 	43.1607   	-48.080997  
 1769 	43.1851   	-47.577885  
 1770 	43.2096   	-47.721619  
 1771 	43.2340   	-47.721619  
 1772 	43.2584   	-46.787231  
 1773 	43.2829   	-47.002872  
 1774 	43.3073   	-47.002872  
 1775 	43.3317   	-46.571659  
 1776 	43.3561   	-47.290405  
 1777 	43.3806   	-47.577885  
 1778 	43.4050   	-47.434143  
 1779 	43.4294   	-47.937260  
 1780 	43.4538   	-46.643497  
 1781 	43.4783   	-46.859131  
 1782 	43.5027   	-46.571659  
 1783 	43.5271   	-46.643497  
 1784 	43.5515   	-46.931030  
 1785 	43.5760   	-46.859131  
 1786 	43.6004   	-47.146610  
 1787 	43.6248   	-47.290405  
 1788 	43.6492   	-46.284119  
 1789 	43.6737   	-46.284119  
 1790 	43.6981   	-46.068485  
 1791 	43.7225   	-45.924744  
 1792 	43.7469   	-46.427856  
 1793 	43.7714   	-47.218510  
 1794 	43.7958   	-49.087284  
 1795 	43.8202   	-48.871647  
 1796 	43.8447   	-48.009159  
 1797 	43.8691   	-48.440372  
 1798 	43.8935   	-48.009159  
 1799 	43.9179   	-48.224731  
 1800 	43.9424   	-48.080997  
 1801 	43.9668   	-49.446659  
 1802 	43.9912   	-48.368530  
 1803 	44.0156   	-48.296631  
 1804 	44.0401   	-47.577885  
 1805 	44.0645   	-47.362244  
 1806 	44.0889   	-48.656006  
 1807 	44.1133   	-48.584110  
 1808 	44.1378   	-47.721619  
 1809 	44.1622   	-47.721619  
 1810 	44.1866   	-47.290405  
 1811 	44.2110   	-46.787231  
 1812 	44.2355   	-47.577885  
 1813 	44.2599   	-48.296631  
 1814 	44.2843   	-48.727905  
 1815 	44.3087   	-48.440372  
 1816 	44.3332   	-48.799747  
 1817 	44.3576   	-48.943485  
 1818 	44.3820   	-49.518497  
 1819 	44.4064   	-49.877872  
 1820 	44.4309   	-49.087284  
 1821 	44.4553   	-48.943485  
 1822 	44.4797   	-48.656006  
 1823 	44.5042   	-50.165405  
 1824 	44.5286   	-49.877872  
 1825 	44.5530   	-50.740360  
 1826 	44.5774   	-53.184147  
 1827 	44.6019   	-54.981022  
 1828 	44.6263   	-56.634155  
 1829 	44.6507   	-57.496647  
 1830 	44.6751   	-58.718510  
 1831 	44.6996   	-59.005985  
 1832 	44.7240   	-58.646610  
 1833 	44.7484   	-58.215397  
 1834 	44.7728   	-58.359135  
 1835 	44.7973   	-57.568481  
 1836 	44.8217   	-56.993534  
 1837 	44.8461   	-57.209110  
 1838 	44.8705   	-56.274780  
 1839 	44.8950   	-56.346622  
 1840 	44.9194   	-54.909122  
 1841 	44.9438   	-55.771610  
 1842 	44.9682   	-55.340397  
 1843 	44.9927   	-54.046635  
 1844 	45.0171   	-53.040409  
 1845 	45.0415   	-52.752872  
 1846 	45.0659   	-52.465393  
 1847 	45.0904   	-53.112247  
 1848 	45.1148   	-52.896606  
 1849 	45.1392   	-52.537235  
 1850 	45.1637   	-52.249760  
 1851 	45.1881   	-52.177860  
 1852 	45.2125   	-52.249760  
 1853 	45.2369   	-51.387272  
 1854 	45.2614   	-51.818485  
 1855 	45.2858   	-51.674747  
 1856 	45.3102   	-51.387272  
 1857 	45.3346   	-51.962280  
 1858 	45.3591   	-51.674747  
 1859 	45.3835   	-51.099735  
 1860 	45.4079   	-51.099735  
 1861 	45.4323   	-50.812260  
 1862 	45.4568   	-50.668518  
 1863 	45.4812   	-50.668518  
 1864 	45.5056   	-51.243534  
 1865 	45.5300   	-50.309147  
 1866 	45.5545   	-50.812260  
 1867 	45.5789   	-50.740360  
 1868 	45.6033   	-49.734131  
 1869 	45.6277   	-50.093506  
 1870 	45.6522   	-49.590397  
 1871 	45.6766   	-49.231018  
 1872 	45.7010   	-49.302860  
 1873 	45.7255   	-49.302860  
 1874 	45.7499   	-48.799747  
 1875 	45.7743   	-49.374760  
 1876 	45.7987   	-48.943485  
 1877 	45.8232   	-49.734131  
 1878 	45.8476   	-50.309147  
 1879 	45.8720   	-50.309147  
 1880 	45.8964   	-49.949772  
 1881 	45.9209   	-49.302860  
 1882 	45.9453   	-48.943485  
 1883 	45.9697   	-49.446659  
 1884 	45.9941   	-49.518497  
 1885 	46.0186   	-49.231018  
 1886 	46.0430   	-50.237247  
 1887 	46.0674   	-49.949772  
 1888 	46.0918   	-48.871647  
 1889 	46.1163   	-49.159119  
 1890 	46.1407   	-49.231018  
 1891 	46.1651   	-49.877872  
 1892 	46.1895   	-47.649784  
 1893 	46.2140   	-48.656006  
 1894 	46.2384   	-48.512272  
 1895 	46.2628   	-48.224731  
 1896 	46.2872   	-47.865360  
 1897 	46.3117   	-48.152897  
 1898 	46.3361   	-48.656006  
 1899 	46.3605   	-48.584110  
 1900 	46.3850   	-48.368530  
 1901 	46.4094   	-48.440372  
 1902 	46.4338   	-48.512272  
 1903 	46.4582   	-48.440372  
 1904 	46.4827   	-48.080997  
 1905 	46.5071   	-48.584110  
 1906 	46.5315   	-49.302860  
 1907 	46.5559   	-48.943485  
 1908 	46.5804   	-48.512272  
 1909 	46.6048   	-49.374760  
 1910 	46.6292   	-48.727905  
 1911 	46.6536   	-48.512272  
 1912 	46.6781   	-49.231018  
 1913 	46.7025   	-49.159119  
 1914 	46.7269   	-48.727905  
 1915 	46.7513   	-49.302860  
 1916 	46.7758   	-48.871647  
 1917 	46.8002   	-48.296631  
 1918 	46.8246   	-48.368530  
 1919 	46.8490   	-48.440372  
 1920 	46.8735   	-48.440372  
 1921 	46.8979   	-47.865360  
 1922 	46.9223   	-46.859131  
 1923 	46.9468   	-47.505985  
 1924 	46.9712   	-47.793518  
 1925 	46.9956   	-47.649784  
 1926 	47.0200   	-46.931030  
 1927 	47.0445   	-46.499760  
 1928 	47.0689   	-46.787231  
 1929 	47.0933   	-46.571659  
 1930 	47.1177   	-46.571659  
 1931 	47.1422   	-46.787231  
 1932 	47.1666   	-46.859131  
 1933 	47.1910   	-46.356018  
 1934 	47.2154   	-46.715397  
 1935 	47.2399   	-46.140385  
 1936 	47.2643   	-45.349731  
 1937 	47.2887   	-45.565372  
 1938 	47.3131   	-46.284119  
 1939 	47.3376   	-46.643497  
 1940 	47.3620   	-46.284119  
 1941 	47.3864   	-46.643497  
 1942 	47.4108   	-47.505985  
 1943 	47.4353   	-47.505985  
 1944 	47.4597   	-46.931030  
 1945 	47.4841   	-47.793518  
 1946 	47.5085   	-48.440372  
 1947 	47.5330   	-47.434143  
 1948 	47.5574   	-47.362244  
 1949 	47.5818   	-47.002872  
 1950 	47.6063   	-47.074772  
 1951 	47.6307   	-46.643497  
 1952 	47.6551   	-46.643497  
 1953 	47.6795   	-46.427856  
 1954 	47.7040   	-46.356018  
 1955 	47.7284   	-46.859131  
 1956 	47.7528   	-46.715397  
 1957 	47.7772   	-47.577885  
 1958 	47.8017   	-46.212284  
 1959 	47.8261   	-46.212284  
 1960 	47.8505   	-46.068485  
 1961 	47.8749   	-46.643497  
 1962 	47.8994   	-46.571659  
 1963 	47.9238   	-45.565372  
 1964 	47.9482   	-46.356018  
 1965 	47.9726   	-47.362244  
 1966 	47.9971   	-46.643497  
 1967 	48.0215   	-46.859131  
 1968 	48.0459   	-46.356018  
 1969 	48.0703   	-46.931030  
 1970 	48.0948   	-46.643497  
 1971 	48.1192   	-47.362244  
 1972 	48.1436   	-46.787231  
 1973 	48.1681   	-46.643497  
 1974 	48.1925   	-46.859131  
 1975 	48.2169   	-46.787231  
 1976 	48.2413   	-47.362244  
 1977 	48.2658   	-48.296631  
 1978 	48.2902   	-48.152897  
 1979 	48.3146   	-47.146610  
 1980 	48.3390   	-46.931030  
 1981 	48.3635   	-48.224731  
 1982 	48.3879   	-47.146610  
 1983 	48.4123   	-46.859131  
 1984 	48.4367   	-47.434143  
 1985 	48.4612   	-46.643497  
 1986 	48.4856   	-47.074772  
 1987 	48.5100   	-47.577885  
 1988 	48.5344   	-47.865360  
 1989 	48.5589   	-48.727905  
 1990 	48.5833   	-47.577885  
 1991 	48.6077   	-48.224731  
 1992 	48.6321   	-48.368530  
 1993 	48.6566   	-49.231018  
 1994 	48.6810   	-48.871647  
 1995 	48.7054   	-48.656006  
 1996 	48.7298   	-48.727905  
 1997 	48.7543   	-47.649784  
 1998 	48.7787   	-47.937260  
 1999 	48.8031   	-47.290405  
 2000 	48.8276   	-46.643497  
 2001 	48.8520   	-46.571659  
 2002 	48.8764   	-46.427856  
 2003 	48.9008   	-47.290405  
 2004 	48.9253   	-47.218510  
 2005 	48.9497   	-47.290405  
 2006 	48.9741   	-47.218510  
 2007 	48.9985   	-48.009159  
 2008 	49.0230   	-47.793518  
 2009 	49.0474   	-48.512272  
 2010 	49.0718   	-48.009159  
 2011 	49.0962   	-47.434143  
 2012 	49.1207   	-47.218510  
 2013 	49.1451   	-46.068485  
 2014 	49.1695   	-47.290405  
 2015 	49.1939   	-47.505985  
 2016 	49.2184   	-47.937260  
 2017 	49.2428   	-47.505985  
 2018 	49.2672   	-48.440372  
 2019 	49.2916   	-48.440372  
 2020 	49.3161   	-47.865360  
 2021 	49.3405   	-46.859131  
 2022 	49.3649   	-46.356018  
 2023 	49.3893   	-46.643497  
 2024 	49.4138   	-47.218510  
 2025 	49.4382   	-47.793518  
 2026 	49.4626   	-48.080997  
 2027 	49.4871   	-47.937260  
 2028 	49.5115   	-47.362244  
 2029 	49.5359   	-47.793518  
 2030 	49.5603   	-48.296631  
 2031 	49.5848   	-47.649784  
 2032 	49.6092   	-47.649784  
 2033 	49.6336   	-48.224731  
 2034 	49.6580   	-49.446659  
 2035 	49.6825   	-48.799747  
 2036 	49.7069   	-48.656006  
 2037 	49.7313   	-48.296631  
 2038 	49.7557   	-47.218510  
 2039 	49.7802   	-48.656006  
 2040 	49.8046   	-48.152897  
 2041 	49.8290   	-48.584110  
 2042 	49.8534   	-49.231018  
 2043 	49.8779   	-48.656006  
 2044 	49.9023   	-49.446659  
 2045 	49.9267   	-48.799747  
 2046 	49.9511   	-47.793518  
 2047 	49.9756   	-49.159119  
 2048 	50.0000   	-47.218510  

