
 1    	0.0000    	-2.296953   
 2    	0.0098    	-2.062578   
 3    	0.0195    	-2.046953   
 4    	0.0293    	-1.984453   
 5    	0.0391    	-2.078203   
 6    	0.0489    	-1.953203   
 7    	0.0586    	-2.343828   
 8    	0.0684    	-2.312578   
 9    	0.0782    	-1.953203   
 10   	0.0879    	-2.312578   
 11   	0.0977    	-2.000078   
 12   	0.1075    	-2.031328   
 13   	0.1172    	-2.046953   
 14   	0.1270    	-2.046953   
 15   	0.1368    	-1.843828   
 16   	0.1466    	-1.984453   
 17   	0.1563    	-1.953203   
 18   	0.1661    	-2.218828   
 19   	0.1759    	-2.187578   
 20   	0.1856    	-2.140703   
 21   	0.1954    	-2.046953   
 22   	0.2052    	-2.203203   
 23   	0.2149    	-2.281328   
 24   	0.2247    	-2.328203   
 25   	0.2345    	-2.328203   
 26   	0.2443    	-2.171953   
 27   	0.2540    	-2.140703   
 28   	0.2638    	-2.265703   
 29   	0.2736    	-2.046953   
 30   	0.2833    	-2.140703   
 31   	0.2931    	-2.140703   
 32   	0.3029    	-2.046953   
 33   	0.3127    	-2.312578   
 34   	0.3224    	-2.234453   
 35   	0.3322    	-2.093828   
 36   	0.3420    	-2.125078   
 37   	0.3517    	-2.281328   
 38   	0.3615    	-2.109453   
 39   	0.3713    	-2.187578   
 40   	0.3810    	-2.328203   
 41   	0.3908    	-2.125078   
 42   	0.4006    	-2.078203   
 43   	0.4104    	-2.062578   
 44   	0.4201    	-2.234453   
 45   	0.4299    	-2.500078   
 46   	0.4397    	-2.437578   
 47   	0.4494    	-2.468828   
 48   	0.4592    	-1.953203   
 49   	0.4690    	-2.140703   
 50   	0.4787    	-2.218828   
 51   	0.4885    	-2.343828   
 52   	0.4983    	-2.390703   
 53   	0.5081    	-2.250078   
 54   	0.5178    	-2.109453   
 55   	0.5276    	-2.218828   
 56   	0.5374    	-2.093828   
 57   	0.5471    	-2.078203   
 58   	0.5569    	-2.281328   
 59   	0.5667    	-2.390703   
 60   	0.5765    	-2.234453   
 61   	0.5862    	-2.000078   
 62   	0.5960    	-2.046953   
 63   	0.6058    	-2.234453   
 64   	0.6155    	-2.375078   
 65   	0.6253    	-2.593828   
 66   	0.6351    	-2.125078   
 67   	0.6448    	-2.328203   
 68   	0.6546    	-2.156328   
 69   	0.6644    	-2.078203   
 70   	0.6742    	-1.921953   
 71   	0.6839    	-2.125078   
 72   	0.6937    	-2.468828   
 73   	0.7035    	-2.359453   
 74   	0.7132    	-2.140703   
 75   	0.7230    	-2.562578   
 76   	0.7328    	-2.265703   
 77   	0.7426    	-2.171953   
 78   	0.7523    	-2.093828   
 79   	0.7621    	-2.406328   
 80   	0.7719    	-2.406328   
 81   	0.7816    	-2.390703   
 82   	0.7914    	-2.250078   
 83   	0.8012    	-2.140703   
 84   	0.8109    	-2.281328   
 85   	0.8207    	-2.328203   
 86   	0.8305    	-2.109453   
 87   	0.8403    	-2.203203   
 88   	0.8500    	-2.328203   
 89   	0.8598    	-2.281328   
 90   	0.8696    	-2.359453   
 91   	0.8793    	-2.125078   
 92   	0.8891    	-2.281328   
 93   	0.8989    	-2.203203   
 94   	0.9086    	-2.343828   
 95   	0.9184    	-2.171953   
 96   	0.9282    	-2.171953   
 97   	0.9380    	-2.343828   
 98   	0.9477    	-1.984453   
 99   	0.9575    	-2.250078   
 100  	0.9673    	-2.125078   
 101  	0.9770    	-2.359453   
 102  	0.9868    	-2.390703   
 103  	0.9966    	-2.171953   
 104  	1.0064    	-2.000078   
 105  	1.0161    	-2.296953   
 106  	1.0259    	-2.250078   
 107  	1.0357    	-2.234453   
 108  	1.0454    	-2.203203   
 109  	1.0552    	-2.203203   
 110  	1.0650    	-2.281328   
 111  	1.0747    	-2.218828   
 112  	1.0845    	-2.062578   
 113  	1.0943    	-2.265703   
 114  	1.1041    	-2.187578   
 115  	1.1138    	-2.234453   
 116  	1.1236    	-2.359453   
 117  	1.1334    	-2.171953   
 118  	1.1431    	-2.031328   
 119  	1.1529    	-2.187578   
 120  	1.1627    	-2.062578   
 121  	1.1724    	-2.171953   
 122  	1.1822    	-2.031328   
 123  	1.1920    	-2.296953   
 124  	1.2018    	-2.125078   
 125  	1.2115    	-2.406328   
 126  	1.2213    	-2.437578   
 127  	1.2311    	-2.171953   
 128  	1.2408    	-2.265703   
 129  	1.2506    	-2.171953   
 130  	1.2604    	-2.343828   
 131  	1.2702    	-2.203203   
 132  	1.2799    	-2.359453   
 133  	1.2897    	-2.156328   
 134  	1.2995    	-2.187578   
 135  	1.3092    	-1.921953   
 136  	1.3190    	-1.875078   
 137  	1.3288    	-2.218828   
 138  	1.3385    	-2.015703   
 139  	1.3483    	-1.937578   
 140  	1.3581    	-2.062578   
 141  	1.3679    	-2.093828   
 142  	1.3776    	-2.375078   
 143  	1.3874    	-2.312578   
 144  	1.3972    	-2.328203   
 145  	1.4069    	-2.250078   
 146  	1.4167    	-2.078203   
 147  	1.4265    	-2.046953   
 148  	1.4362    	-2.203203   
 149  	1.4460    	-2.140703   
 150  	1.4558    	-2.453203   
 151  	1.4656    	-2.515703   
 152  	1.4753    	-2.328203   
 153  	1.4851    	-2.343828   
 154  	1.4949    	-2.468828   
 155  	1.5046    	-2.406328   
 156  	1.5144    	-2.375078   
 157  	1.5242    	-2.093828   
 158  	1.5340    	-2.343828   
 159  	1.5437    	-2.406328   
 160  	1.5535    	-2.015703   
 161  	1.5633    	-2.140703   
 162  	1.5730    	-2.156328   
 163  	1.5828    	-2.078203   
 164  	1.5926    	-2.046953   
 165  	1.6023    	-2.093828   
 166  	1.6121    	-2.125078   
 167  	1.6219    	-2.234453   
 168  	1.6317    	-2.468828   
 169  	1.6414    	-2.265703   
 170  	1.6512    	-2.500078   
 171  	1.6610    	-2.484453   
 172  	1.6707    	-1.984453   
 173  	1.6805    	-2.046953   
 174  	1.6903    	-2.265703   
 175  	1.7000    	-2.062578   
 176  	1.7098    	-2.375078   
 177  	1.7196    	-2.156328   
 178  	1.7294    	-2.234453   
 179  	1.7391    	-2.390703   
 180  	1.7489    	-2.375078   
 181  	1.7587    	-2.265703   
 182  	1.7684    	-2.171953   
 183  	1.7782    	-2.296953   
 184  	1.7880    	-2.437578   
 185  	1.7978    	-2.250078   
 186  	1.8075    	-2.250078   
 187  	1.8173    	-2.453203   
 188  	1.8271    	-2.468828   
 189  	1.8368    	-2.125078   
 190  	1.8466    	-2.093828   
 191  	1.8564    	-2.250078   
 192  	1.8661    	-2.312578   
 193  	1.8759    	-2.234453   
 194  	1.8857    	-2.281328   
 195  	1.8955    	-2.109453   
 196  	1.9052    	-2.062578   
 197  	1.9150    	-2.125078   
 198  	1.9248    	-2.328203   
 199  	1.9345    	-2.359453   
 200  	1.9443    	-2.218828   
 201  	1.9541    	-2.375078   
 202  	1.9638    	-2.296953   
 203  	1.9736    	-2.078203   
 204  	1.9834    	-2.140703   
 205  	1.9932    	-2.281328   
 206  	2.0029    	-2.015703   
 207  	2.0127    	-2.156328   
 208  	2.0225    	-2.093828   
 209  	2.0322    	-2.265703   
 210  	2.0420    	-2.125078   
 211  	2.0518    	-2.125078   
 212  	2.0616    	-2.203203   
 213  	2.0713    	-2.140703   
 214  	2.0811    	-2.187578   
 215  	2.0909    	-2.296953   
 216  	2.1006    	-2.187578   
 217  	2.1104    	-2.359453   
 218  	2.1202    	-2.390703   
 219  	2.1299    	-2.140703   
 220  	2.1397    	-2.093828   
 221  	2.1495    	-2.312578   
 222  	2.1593    	-2.312578   
 223  	2.1690    	-1.953203   
 224  	2.1788    	-2.156328   
 225  	2.1886    	-2.312578   
 226  	2.1983    	-2.093828   
 227  	2.2081    	-2.171953   
 228  	2.2179    	-2.328203   
 229  	2.2277    	-2.437578   
 230  	2.2374    	-2.109453   
 231  	2.2472    	-2.421953   
 232  	2.2570    	-2.281328   
 233  	2.2667    	-2.359453   
 234  	2.2765    	-2.109453   
 235  	2.2863    	-2.359453   
 236  	2.2960    	-2.187578   
 237  	2.3058    	-2.265703   
 238  	2.3156    	-2.156328   
 239  	2.3254    	-1.968828   
 240  	2.3351    	-2.171953   
 241  	2.3449    	-2.171953   
 242  	2.3547    	-1.921953   
 243  	2.3644    	-2.109453   
 244  	2.3742    	-2.296953   
 245  	2.3840    	-2.265703   
 246  	2.3937    	-2.156328   
 247  	2.4035    	-2.093828   
 248  	2.4133    	-2.218828   
 249  	2.4231    	-2.296953   
 250  	2.4328    	-2.234453   
 251  	2.4426    	-2.296953   
 252  	2.4524    	-2.281328   
 253  	2.4621    	-2.187578   
 254  	2.4719    	-2.328203   
 255  	2.4817    	-2.265703   
 256  	2.4915    	-2.687578   
 257  	2.5012    	-2.250078   
 258  	2.5110    	-2.078203   
 259  	2.5208    	-2.140703   
 260  	2.5305    	-2.281328   
 261  	2.5403    	-2.343828   
 262  	2.5501    	-2.234453   
 263  	2.5598    	-2.156328   
 264  	2.5696    	-2.437578   
 265  	2.5794    	-2.171953   
 266  	2.5892    	-2.171953   
 267  	2.5989    	-1.906328   
 268  	2.6087    	-2.187578   
 269  	2.6185    	-2.171953   
 270  	2.6282    	-2.140703   
 271  	2.6380    	-1.953203   
 272  	2.6478    	-2.484453   
 273  	2.6575    	-2.218828   
 274  	2.6673    	-2.234453   
 275  	2.6771    	-2.078203   
 276  	2.6869    	-2.343828   
 277  	2.6966    	-2.343828   
 278  	2.7064    	-2.140703   
 279  	2.7162    	-2.015703   
 280  	2.7259    	-2.328203   
 281  	2.7357    	-2.156328   
 282  	2.7455    	-2.234453   
 283  	2.7553    	-2.328203   
 284  	2.7650    	-2.250078   
 285  	2.7748    	-1.984453   
 286  	2.7846    	-1.828203   
 287  	2.7943    	-2.031328   
 288  	2.8041    	-2.046953   
 289  	2.8139    	-2.109453   
 290  	2.8236    	-2.281328   
 291  	2.8334    	-2.093828   
 292  	2.8432    	-2.125078   
 293  	2.8530    	-2.406328   
 294  	2.8627    	-2.328203   
 295  	2.8725    	-2.031328   
 296  	2.8823    	-2.234453   
 297  	2.8920    	-2.203203   
 298  	2.9018    	-2.046953   
 299  	2.9116    	-1.953203   
 300  	2.9213    	-2.234453   
 301  	2.9311    	-2.390703   
 302  	2.9409    	-2.328203   
 303  	2.9507    	-2.531328   
 304  	2.9604    	-2.296953   
 305  	2.9702    	-2.265703   
 306  	2.9800    	-2.140703   
 307  	2.9897    	-2.156328   
 308  	2.9995    	-2.218828   
 309  	3.0093    	-2.390703   
 310  	3.0191    	-2.406328   
 311  	3.0288    	-2.406328   
 312  	3.0386    	-2.234453   
 313  	3.0484    	-2.156328   
 314  	3.0581    	-2.140703   
 315  	3.0679    	-2.218828   
 316  	3.0777    	-2.250078   
 317  	3.0874    	-2.250078   
 318  	3.0972    	-2.375078   
 319  	3.1070    	-2.296953   
 320  	3.1168    	-2.078203   
 321  	3.1265    	-2.218828   
 322  	3.1363    	-2.250078   
 323  	3.1461    	-2.156328   
 324  	3.1558    	-1.984453   
 325  	3.1656    	-2.078203   
 326  	3.1754    	-2.125078   
 327  	3.1851    	-2.109453   
 328  	3.1949    	-2.078203   
 329  	3.2047    	-2.062578   
 330  	3.2145    	-1.953203   
 331  	3.2242    	-2.250078   
 332  	3.2340    	-2.328203   
 333  	3.2438    	-2.234453   
 334  	3.2535    	-2.203203   
 335  	3.2633    	-2.046953   
 336  	3.2731    	-2.015703   
 337  	3.2829    	-2.062578   
 338  	3.2926    	-2.031328   
 339  	3.3024    	-2.171953   
 340  	3.3122    	-2.062578   
 341  	3.3219    	-2.109453   
 342  	3.3317    	-2.343828   
 343  	3.3415    	-2.296953   
 344  	3.3512    	-2.328203   
 345  	3.3610    	-2.218828   
 346  	3.3708    	-2.203203   
 347  	3.3806    	-2.281328   
 348  	3.3903    	-2.265703   
 349  	3.4001    	-2.171953   
 350  	3.4099    	-2.093828   
 351  	3.4196    	-2.046953   
 352  	3.4294    	-1.968828   
 353  	3.4392    	-2.187578   
 354  	3.4489    	-2.140703   
 355  	3.4587    	-2.250078   
 356  	3.4685    	-2.109453   
 357  	3.4783    	-2.218828   
 358  	3.4880    	-2.234453   
 359  	3.4978    	-2.218828   
 360  	3.5076    	-2.218828   
 361  	3.5173    	-2.406328   
 362  	3.5271    	-2.062578   
 363  	3.5369    	-2.156328   
 364  	3.5467    	-2.093828   
 365  	3.5564    	-2.031328   
 366  	3.5662    	-2.031328   
 367  	3.5760    	-2.234453   
 368  	3.5857    	-2.453203   
 369  	3.5955    	-2.468828   
 370  	3.6053    	-2.359453   
 371  	3.6150    	-2.265703   
 372  	3.6248    	-2.031328   
 373  	3.6346    	-1.937578   
 374  	3.6444    	-2.296953   
 375  	3.6541    	-2.125078   
 376  	3.6639    	-2.218828   
 377  	3.6737    	-2.359453   
 378  	3.6834    	-2.187578   
 379  	3.6932    	-2.125078   
 380  	3.7030    	-2.156328   
 381  	3.7128    	-2.296953   
 382  	3.7225    	-2.171953   
 383  	3.7323    	-2.265703   
 384  	3.7421    	-2.281328   
 385  	3.7518    	-2.000078   
 386  	3.7616    	-2.171953   
 387  	3.7714    	-2.250078   
 388  	3.7811    	-2.062578   
 389  	3.7909    	-2.468828   
 390  	3.8007    	-2.046953   
 391  	3.8105    	-1.796953   
 392  	3.8202    	-2.015703   
 393  	3.8300    	-1.968828   
 394  	3.8398    	-1.953203   
 395  	3.8495    	-1.984453   
 396  	3.8593    	-2.046953   
 397  	3.8691    	-2.078203   
 398  	3.8788    	-2.265703   
 399  	3.8886    	-2.140703   
 400  	3.8984    	-2.171953   
 401  	3.9082    	-2.078203   
 402  	3.9179    	-2.109453   
 403  	3.9277    	-2.343828   
 404  	3.9375    	-2.562578   
 405  	3.9472    	-2.156328   
 406  	3.9570    	-2.312578   
 407  	3.9668    	-2.296953   
 408  	3.9766    	-2.078203   
 409  	3.9863    	-1.921953   
 410  	3.9961    	-2.156328   
 411  	4.0059    	-2.171953   
 412  	4.0156    	-2.187578   
 413  	4.0254    	-2.203203   
 414  	4.0352    	-2.234453   
 415  	4.0449    	-2.328203   
 416  	4.0547    	-2.359453   
 417  	4.0645    	-2.281328   
 418  	4.0743    	-2.328203   
 419  	4.0840    	-2.406328   
 420  	4.0938    	-2.125078   
 421  	4.1036    	-2.078203   
 422  	4.1133    	-2.125078   
 423  	4.1231    	-2.234453   
 424  	4.1329    	-2.078203   
 425  	4.1426    	-2.234453   
 426  	4.1524    	-2.203203   
 427  	4.1622    	-2.171953   
 428  	4.1720    	-2.265703   
 429  	4.1817    	-2.187578   
 430  	4.1915    	-2.140703   
 431  	4.2013    	-1.968828   
 432  	4.2110    	-1.937578   
 433  	4.2208    	-1.937578   
 434  	4.2306    	-1.703203   
 435  	4.2404    	-2.359453   
 436  	4.2501    	-2.546953   
 437  	4.2599    	-2.265703   
 438  	4.2697    	-1.968828   
 439  	4.2794    	-2.343828   
 440  	4.2892    	-2.546953   
 441  	4.2990    	-1.921953   
 442  	4.3087    	-2.234453   
 443  	4.3185    	-2.140703   
 444  	4.3283    	-1.937578   
 445  	4.3381    	-2.031328   
 446  	4.3478    	-1.890703   
 447  	4.3576    	-1.984453   
 448  	4.3674    	-2.000078   
 449  	4.3771    	-2.250078   
 450  	4.3869    	-2.125078   
 451  	4.3967    	-2.281328   
 452  	4.4064    	-2.218828   
 453  	4.4162    	-2.031328   
 454  	4.4260    	-2.109453   
 455  	4.4358    	-2.265703   
 456  	4.4455    	-2.250078   
 457  	4.4553    	-2.156328   
 458  	4.4651    	-2.375078   
 459  	4.4748    	-2.468828   
 460  	4.4846    	-2.265703   
 461  	4.4944    	-2.390703   
 462  	4.5042    	-2.515703   
 463  	4.5139    	-2.250078   
 464  	4.5237    	-2.281328   
 465  	4.5335    	-2.265703   
 466  	4.5432    	-2.046953   
 467  	4.5530    	-2.109453   
 468  	4.5628    	-2.203203   
 469  	4.5725    	-2.234453   
 470  	4.5823    	-2.062578   
 471  	4.5921    	-2.203203   
 472  	4.6019    	-2.171953   
 473  	4.6116    	-2.406328   
 474  	4.6214    	-2.296953   
 475  	4.6312    	-2.187578   
 476  	4.6409    	-2.171953   
 477  	4.6507    	-2.015703   
 478  	4.6605    	-2.156328   
 479  	4.6702    	-2.187578   
 480  	4.6800    	-2.375078   
 481  	4.6898    	-2.296953   
 482  	4.6996    	-2.328203   
 483  	4.7093    	-2.531328   
 484  	4.7191    	-2.140703   
 485  	4.7289    	-2.390703   
 486  	4.7386    	-2.343828   
 487  	4.7484    	-2.312578   
 488  	4.7582    	-2.265703   
 489  	4.7680    	-2.140703   
 490  	4.7777    	-2.390703   
 491  	4.7875    	-2.281328   
 492  	4.7973    	-2.468828   
 493  	4.8070    	-2.515703   
 494  	4.8168    	-2.078203   
 495  	4.8266    	-2.296953   
 496  	4.8363    	-2.031328   
 497  	4.8461    	-2.312578   
 498  	4.8559    	-2.234453   
 499  	4.8657    	-2.359453   
 500  	4.8754    	-2.125078   
 501  	4.8852    	-2.265703   
 502  	4.8950    	-2.265703   
 503  	4.9047    	-2.281328   
 504  	4.9145    	-2.000078   
 505  	4.9243    	-2.093828   
 506  	4.9341    	-2.171953   
 507  	4.9438    	-2.437578   
 508  	4.9536    	-2.328203   
 509  	4.9634    	-2.078203   
 510  	4.9731    	-2.203203   
 511  	4.9829    	-2.125078   
 512  	4.9927    	-2.203203   
 513  	5.0024    	-2.156328   
 514  	5.0122    	-2.062578   
 515  	5.0220    	-2.234453   
 516  	5.0318    	-2.265703   
 517  	5.0415    	-2.140703   
 518  	5.0513    	-2.296953   
 519  	5.0611    	-2.421953   
 520  	5.0708    	-2.250078   
 521  	5.0806    	-2.062578   
 522  	5.0904    	-2.250078   
 523  	5.1001    	-2.218828   
 524  	5.1099    	-2.187578   
 525  	5.1197    	-2.031328   
 526  	5.1295    	-2.156328   
 527  	5.1392    	-2.312578   
 528  	5.1490    	-2.187578   
 529  	5.1588    	-2.484453   
 530  	5.1685    	-2.390703   
 531  	5.1783    	-2.046953   
 532  	5.1881    	-2.203203   
 533  	5.1979    	-2.171953   
 534  	5.2076    	-1.953203   
 535  	5.2174    	-2.156328   
 536  	5.2272    	-2.484453   
 537  	5.2369    	-2.328203   
 538  	5.2467    	-2.328203   
 539  	5.2565    	-2.125078   
 540  	5.2662    	-2.265703   
 541  	5.2760    	-2.125078   
 542  	5.2858    	-2.046953   
 543  	5.2956    	-2.031328   
 544  	5.3053    	-2.046953   
 545  	5.3151    	-2.125078   
 546  	5.3249    	-2.093828   
 547  	5.3346    	-1.875078   
 548  	5.3444    	-2.000078   
 549  	5.3542    	-2.406328   
 550  	5.3639    	-2.109453   
 551  	5.3737    	-2.203203   
 552  	5.3835    	-2.218828   
 553  	5.3933    	-2.546953   
 554  	5.4030    	-2.281328   
 555  	5.4128    	-2.218828   
 556  	5.4226    	-2.203203   
 557  	5.4323    	-2.234453   
 558  	5.4421    	-2.390703   
 559  	5.4519    	-2.250078   
 560  	5.4617    	-2.265703   
 561  	5.4714    	-2.000078   
 562  	5.4812    	-2.046953   
 563  	5.4910    	-2.406328   
 564  	5.5007    	-2.453203   
 565  	5.5105    	-2.421953   
 566  	5.5203    	-2.156328   
 567  	5.5300    	-2.218828   
 568  	5.5398    	-2.156328   
 569  	5.5496    	-2.109453   
 570  	5.5594    	-2.234453   
 571  	5.5691    	-2.281328   
 572  	5.5789    	-2.328203   
 573  	5.5887    	-2.281328   
 574  	5.5984    	-2.187578   
 575  	5.6082    	-2.078203   
 576  	5.6180    	-2.046953   
 577  	5.6277    	-2.312578   
 578  	5.6375    	-2.218828   
 579  	5.6473    	-1.953203   
 580  	5.6571    	-2.078203   
 581  	5.6668    	-2.375078   
 582  	5.6766    	-2.484453   
 583  	5.6864    	-2.312578   
 584  	5.6961    	-2.125078   
 585  	5.7059    	-2.468828   
 586  	5.7157    	-2.265703   
 587  	5.7255    	-2.265703   
 588  	5.7352    	-2.328203   
 589  	5.7450    	-2.125078   
 590  	5.7548    	-2.250078   
 591  	5.7645    	-2.359453   
 592  	5.7743    	-2.406328   
 593  	5.7841    	-2.296953   
 594  	5.7938    	-2.218828   
 595  	5.8036    	-2.328203   
 596  	5.8134    	-2.265703   
 597  	5.8232    	-2.218828   
 598  	5.8329    	-2.296953   
 599  	5.8427    	-2.421953   
 600  	5.8525    	-2.265703   
 601  	5.8622    	-2.359453   
 602  	5.8720    	-2.015703   
 603  	5.8818    	-2.031328   
 604  	5.8915    	-2.406328   
 605  	5.9013    	-2.406328   
 606  	5.9111    	-2.000078   
 607  	5.9209    	-2.359453   
 608  	5.9306    	-2.218828   
 609  	5.9404    	-2.328203   
 610  	5.9502    	-2.484453   
 611  	5.9599    	-2.343828   
 612  	5.9697    	-2.250078   
 613  	5.9795    	-2.265703   
 614  	5.9893    	-2.500078   
 615  	5.9990    	-2.046953   
 616  	6.0088    	-2.171953   
 617  	6.0186    	-2.203203   
 618  	6.0283    	-2.250078   
 619  	6.0381    	-2.109453   
 620  	6.0479    	-2.359453   
 621  	6.0576    	-2.343828   
 622  	6.0674    	-2.031328   
 623  	6.0772    	-2.156328   
 624  	6.0870    	-2.234453   
 625  	6.0967    	-2.421953   
 626  	6.1065    	-2.328203   
 627  	6.1163    	-2.531328   
 628  	6.1260    	-2.484453   
 629  	6.1358    	-2.437578   
 630  	6.1456    	-2.359453   
 631  	6.1553    	-2.375078   
 632  	6.1651    	-2.453203   
 633  	6.1749    	-2.578203   
 634  	6.1847    	-2.453203   
 635  	6.1944    	-2.515703   
 636  	6.2042    	-2.687578   
 637  	6.2140    	-2.843828   
 638  	6.2237    	-2.750078   
 639  	6.2335    	-2.718828   
 640  	6.2433    	-2.593828   
 641  	6.2531    	-2.906328   
 642  	6.2628    	-3.031328   
 643  	6.2726    	-2.953203   
 644  	6.2824    	-2.937578   
 645  	6.2921    	-2.843828   
 646  	6.3019    	-2.890703   
 647  	6.3117    	-3.000078   
 648  	6.3214    	-2.796953   
 649  	6.3312    	-2.546953   
 650  	6.3410    	-2.500078   
 651  	6.3508    	-2.562578   
 652  	6.3605    	-2.750078   
 653  	6.3703    	-2.640703   
 654  	6.3801    	-2.562578   
 655  	6.3898    	-2.406328   
 656  	6.3996    	-2.468828   
 657  	6.4094    	-2.421953   
 658  	6.4192    	-2.390703   
 659  	6.4289    	-2.093828   
 660  	6.4387    	-2.109453   
 661  	6.4485    	-2.125078   
 662  	6.4582    	-1.812578   
 663  	6.4680    	-1.625078   
 664  	6.4778    	-1.734453   
 665  	6.4875    	-1.734453   
 666  	6.4973    	-1.375078   
 667  	6.5071    	-1.328203   
 668  	6.5169    	-1.062578   
 669  	6.5266    	-0.937578   
 670  	6.5364    	-0.750017   
 671  	6.5462    	-0.578142   
 672  	6.5559    	-0.281267   
 673  	6.5657    	-0.406267   
 674  	6.5755    	-0.531267   
 675  	6.5852    	-0.328142   
 676  	6.5950    	-0.109392   
 677  	6.6048    	-0.000017   
 678  	6.6146    	0.328108    
 679  	6.6243    	0.171858    
 680  	6.6341    	0.062483    
 681  	6.6439    	-0.062517   
 682  	6.6536    	-0.203142   
 683  	6.6634    	-0.000017   
 684  	6.6732    	-0.000017   
 685  	6.6830    	-0.328142   
 686  	6.6927    	-0.296892   
 687  	6.7025    	-0.546892   
 688  	6.7123    	-0.609392   
 689  	6.7220    	-0.765642   
 690  	6.7318    	-1.109453   
 691  	6.7416    	-1.546953   
 692  	6.7513    	-1.812578   
 693  	6.7611    	-2.171953   
 694  	6.7709    	-2.375078   
 695  	6.7807    	-2.687578   
 696  	6.7904    	-2.843828   
 697  	6.8002    	-3.172014   
 698  	6.8100    	-3.672014   
 699  	6.8197    	-4.000139   
 700  	6.8295    	-4.250139   
 701  	6.8393    	-4.843889   
 702  	6.8490    	-5.281389   
 703  	6.8588    	-5.484575   
 704  	6.8686    	-5.718950   
 705  	6.8784    	-6.000200   
 706  	6.8881    	-6.359575   
 707  	6.8979    	-6.609575   
 708  	6.9077    	-6.890825   
 709  	6.9174    	-7.156450   
 710  	6.9272    	-7.265825   
 711  	6.9370    	-7.375200   
 712  	6.9468    	-7.531511   
 713  	6.9565    	-7.422075   
 714  	6.9663    	-7.515886   
 715  	6.9761    	-7.422075   
 716  	6.9858    	-7.203325   
 717  	6.9956    	-7.000200   
 718  	7.0054    	-6.750200   
 719  	7.0151    	-6.359575   
 720  	7.0249    	-6.093950   
 721  	7.0347    	-5.640825   
 722  	7.0445    	-5.328325   
 723  	7.0542    	-4.765764   
 724  	7.0640    	-3.922014   
 725  	7.0738    	-3.437639   
 726  	7.0835    	-2.750078   
 727  	7.0933    	-2.125078   
 728  	7.1031    	-1.109453   
 729  	7.1128    	-0.531267   
 730  	7.1226    	-0.296892   
 731  	7.1324    	0.453108    
 732  	7.1422    	1.328108    
 733  	7.1519    	2.015608    
 734  	7.1617    	2.546980    
 735  	7.1715    	3.203229    
 736  	7.1812    	3.843855    
 737  	7.1910    	4.500104    
 738  	7.2008    	5.171980    
 739  	7.2106    	5.406355    
 740  	7.2203    	5.875104    
 741  	7.2301    	5.828229    
 742  	7.2399    	6.046979    
 743  	7.2496    	6.250104    
 744  	7.2594    	6.515729    
 745  	7.2692    	6.375104    
 746  	7.2789    	6.125104    
 747  	7.2887    	5.765729    
 748  	7.2985    	5.968854    
 749  	7.3083    	5.656355    
 750  	7.3180    	5.250105    
 751  	7.3278    	4.750104    
 752  	7.3376    	3.875105    
 753  	7.3473    	3.234479    
 754  	7.3571    	2.546980    
 755  	7.3669    	1.703108    
 756  	7.3766    	0.671858    
 757  	7.3864    	-0.468767   
 758  	7.3962    	-1.156328   
 759  	7.4060    	-2.171953   
 760  	7.4157    	-3.406389   
 761  	7.4255    	-4.359514   
 762  	7.4353    	-5.203264   
 763  	7.4450    	-6.437700   
 764  	7.4548    	-7.547136   
 765  	7.4646    	-8.312761   
 766  	7.4744    	-9.312761   
 767  	7.4841    	-10.078447  
 768  	7.4939    	-11.062822  
 769  	7.5037    	-11.625322  
 770  	7.5134    	-12.234758  
 771  	7.5232    	-12.797257  
 772  	7.5330    	-13.266007  
 773  	7.5427    	-13.609757  
 774  	7.5525    	-13.766008  
 775  	7.5623    	-13.969133  
 776  	7.5721    	-13.953508  
 777  	7.5818    	-13.875383  
 778  	7.5916    	-13.703508  
 779  	7.6014    	-13.344132  
 780  	7.6111    	-12.641007  
 781  	7.6209    	-12.266008  
 782  	7.6307    	-11.453447  
 783  	7.6404    	-10.609697  
 784  	7.6502    	-9.781571   
 785  	7.6600    	-8.734636   
 786  	7.6698    	-7.969011   
 787  	7.6795    	-6.812700   
 788  	7.6893    	-5.718950   
 789  	7.6991    	-4.328264   
 790  	7.7088    	-2.906328   
 791  	7.7186    	-1.609453   
 792  	7.7284    	-0.500017   
 793  	7.7382    	0.796858    
 794  	7.7479    	2.078108    
 795  	7.7577    	3.453230    
 796  	7.7675    	4.640729    
 797  	7.7772    	5.890729    
 798  	7.7870    	6.734479    
 799  	7.7968    	7.828351    
 800  	7.8065    	8.750226    
 801  	7.8163    	9.203352    
 802  	7.8261    	10.218977   
 803  	7.8359    	10.703351   
 804  	7.8456    	11.265851   
 805  	7.8554    	11.375349   
 806  	7.8652    	11.437849   
 807  	7.8749    	11.390974   
 808  	7.8847    	11.375349   
 809  	7.8945    	11.015851   
 810  	7.9043    	10.500226   
 811  	7.9140    	10.015852   
 812  	7.9238    	9.468977    
 813  	7.9336    	8.781476    
 814  	7.9433    	8.093976    
 815  	7.9531    	6.718854    
 816  	7.9629    	5.703229    
 817  	7.9726    	4.625104    
 818  	7.9824    	3.062604    
 819  	7.9922    	1.781233    
 820  	8.0020    	0.765608    
 821  	8.0117    	-0.171892   
 822  	8.0215    	-1.437578   
 823  	8.0313    	-2.656328   
 824  	8.0410    	-4.203264   
 825  	8.0508    	-5.593950   
 826  	8.0606    	-6.812700   
 827  	8.0703    	-8.234636   
 828  	8.0801    	-9.453386   
 829  	8.0899    	-10.750322  
 830  	8.0997    	-11.515947  
 831  	8.1094    	-12.687882  
 832  	8.1192    	-13.562882  
 833  	8.1290    	-14.172318  
 834  	8.1387    	-14.828569  
 835  	8.1485    	-15.406694  
 836  	8.1583    	-15.750444  
 837  	8.1681    	-15.875443  
 838  	8.1778    	-15.875443  
 839  	8.1876    	-15.875443  
 840  	8.1974    	-15.922318  
 841  	8.2071    	-15.312944  
 842  	8.2169    	-14.766069  
 843  	8.2267    	-14.016008  
 844  	8.2364    	-13.484757  
 845  	8.2462    	-12.844132  
 846  	8.2560    	-11.687822  
 847  	8.2658    	-10.375322  
 848  	8.2755    	-9.437761   
 849  	8.2853    	-8.437761   
 850  	8.2951    	-6.984575   
 851  	8.3048    	-5.781450   
 852  	8.3146    	-4.422014   
 853  	8.3244    	-3.172014   
 854  	8.3341    	-1.828203   
 855  	8.3439    	-0.609392   
 856  	8.3537    	0.890608    
 857  	8.3635    	2.062483    
 858  	8.3732    	3.125104    
 859  	8.3830    	4.421979    
 860  	8.3928    	5.390730    
 861  	8.4025    	6.078229    
 862  	8.4123    	6.906477    
 863  	8.4221    	7.937726    
 864  	8.4319    	8.609601    
 865  	8.4416    	9.015852    
 866  	8.4514    	9.562727    
 867  	8.4612    	9.765852    
 868  	8.4709    	9.859602    
 869  	8.4807    	9.750227    
 870  	8.4905    	9.468977    
 871  	8.5002    	9.203352    
 872  	8.5100    	8.937727    
 873  	8.5198    	8.500226    
 874  	8.5296    	8.172101    
 875  	8.5393    	7.328352    
 876  	8.5491    	6.796979    
 877  	8.5589    	5.921979    
 878  	8.5686    	4.890729    
 879  	8.5784    	3.609480    
 880  	8.5882    	2.968855    
 881  	8.5979    	2.015608    
 882  	8.6077    	0.874983    
 883  	8.6175    	0.015608    
 884  	8.6273    	-1.546953   
 885  	8.6370    	-2.656328   
 886  	8.6468    	-3.703264   
 887  	8.6566    	-4.547014   
 888  	8.6663    	-5.312700   
 889  	8.6761    	-6.062700   
 890  	8.6859    	-7.265825   
 891  	8.6957    	-8.281511   
 892  	8.7054    	-9.047136   
 893  	8.7152    	-9.453386   
 894  	8.7250    	-10.094072  
 895  	8.7347    	-10.125322  
 896  	8.7445    	-10.734697  
 897  	8.7543    	-10.922197  
 898  	8.7640    	-11.000322  
 899  	8.7738    	-11.109697  
 900  	8.7836    	-11.000322  
 901  	8.7934    	-10.937822  
 902  	8.8031    	-10.453447  
 903  	8.8129    	-10.265947  
 904  	8.8227    	-9.937822   
 905  	8.8324    	-9.234636   
 906  	8.8422    	-9.015886   
 907  	8.8520    	-8.312761   
 908  	8.8617    	-7.578386   
 909  	8.8715    	-6.812700   
 910  	8.8813    	-6.203325   
 911  	8.8911    	-5.468950   
 912  	8.9008    	-4.718889   
 913  	8.9106    	-3.922014   
 914  	8.9204    	-3.156389   
 915  	8.9301    	-2.625078   
 916  	8.9399    	-1.765703   
 917  	8.9497    	-1.218828   
 918  	8.9595    	-0.578142   
 919  	8.9692    	0.140608    
 920  	8.9790    	0.328108    
 921  	8.9888    	0.890608    
 922  	8.9985    	1.515608    
 923  	9.0083    	2.093733    
 924  	9.0181    	2.203108    
 925  	9.0278    	2.359358    
 926  	9.0376    	2.703230    
 927  	9.0474    	2.734480    
 928  	9.0572    	2.843855    
 929  	9.0669    	2.703230    
 930  	9.0767    	2.781355    
 931  	9.0865    	2.593855    
 932  	9.0962    	2.171858    
 933  	9.1060    	2.093733    
 934  	9.1158    	1.890608    
 935  	9.1256    	1.749983    
 936  	9.1353    	1.343733    
 937  	9.1451    	0.906233    
 938  	9.1549    	0.453108    
 939  	9.1646    	0.187483    
 940  	9.1744    	-0.453142   
 941  	9.1842    	-0.968828   
 942  	9.1939    	-1.156328   
 943  	9.2037    	-1.546953   
 944  	9.2135    	-1.796953   
 945  	9.2233    	-2.031328   
 946  	9.2330    	-2.359453   
 947  	9.2428    	-2.546953   
 948  	9.2526    	-2.765703   
 949  	9.2623    	-3.015703   
 950  	9.2721    	-3.625139   
 951  	9.2819    	-3.703264   
 952  	9.2916    	-3.625139   
 953  	9.3014    	-3.718889   
 954  	9.3112    	-3.640764   
 955  	9.3210    	-3.859514   
 956  	9.3307    	-3.703264   
 957  	9.3405    	-3.718889   
 958  	9.3503    	-3.453264   
 959  	9.3600    	-3.437639   
 960  	9.3698    	-3.328264   
 961  	9.3796    	-3.359514   
 962  	9.3894    	-3.218889   
 963  	9.3991    	-2.937578   
 964  	9.4089    	-2.500078   
 965  	9.4187    	-2.546953   
 966  	9.4284    	-2.531328   
 967  	9.4382    	-2.468828   
 968  	9.4480    	-2.234453   
 969  	9.4577    	-2.203203   
 970  	9.4675    	-2.203203   
 971  	9.4773    	-2.125078   
 972  	9.4871    	-1.843828   
 973  	9.4968    	-1.593828   
 974  	9.5066    	-1.890703   
 975  	9.5164    	-1.765703   
 976  	9.5261    	-1.578203   
 977  	9.5359    	-1.812578   
 978  	9.5457    	-1.750078   
 979  	9.5554    	-1.937578   
 980  	9.5652    	-1.828203   
 981  	9.5750    	-1.984453   
 982  	9.5848    	-2.140703   
 983  	9.5945    	-2.281328   
 984  	9.6043    	-2.593828   
 985  	9.6141    	-2.812578   
 986  	9.6238    	-3.234514   
 987  	9.6336    	-3.453264   
 988  	9.6434    	-3.484514   
 989  	9.6532    	-3.859514   
 990  	9.6629    	-4.062639   
 991  	9.6727    	-4.422014   
 992  	9.6825    	-4.187639   
 993  	9.6922    	-4.375139   
 994  	9.7020    	-4.703264   
 995  	9.7118    	-4.531389   
 996  	9.7215    	-4.703264   
 997  	9.7313    	-4.843889   
 998  	9.7411    	-4.656389   
 999  	9.7509    	-4.750139   
 1000 	9.7606    	-4.687639   
 1001 	9.7704    	-4.437639   
 1002 	9.7802    	-4.343889   
 1003 	9.7899    	-4.234514   
 1004 	9.7997    	-3.875139   
 1005 	9.8095    	-3.781389   
 1006 	9.8192    	-3.484514   
 1007 	9.8290    	-3.297014   
 1008 	9.8388    	-2.875078   
 1009 	9.8486    	-2.484453   
 1010 	9.8583    	-2.250078   
 1011 	9.8681    	-1.812578   
 1012 	9.8779    	-1.593828   
 1013 	9.8876    	-1.109453   
 1014 	9.8974    	-0.734392   
 1015 	9.9072    	-0.640642   
 1016 	9.9170    	0.124983    
 1017 	9.9267    	0.234358    
 1018 	9.9365    	0.765608    
 1019 	9.9463    	0.718733    
 1020 	9.9560    	1.078108    
 1021 	9.9658    	1.203108    
 1022 	9.9756    	1.281233    
 1023 	9.9853    	1.656233    
 1024 	9.9951    	1.734358    
 1025 	10.0049   	1.890608    
 1026 	10.0147   	1.734358    
 1027 	10.0244   	1.578108    
 1028 	10.0342   	1.687483    
 1029 	10.0440   	1.843733    
 1030 	10.0537   	1.671858    
 1031 	10.0635   	1.437483    
 1032 	10.0733   	1.124983    
 1033 	10.0830   	0.859358    
 1034 	10.0928   	0.296858    
 1035 	10.1026   	0.015608    
 1036 	10.1124   	-0.234392   
 1037 	10.1221   	-0.937578   
 1038 	10.1319   	-1.140703   
 1039 	10.1417   	-1.812578   
 1040 	10.1514   	-2.140703   
 1041 	10.1612   	-2.468828   
 1042 	10.1710   	-2.734453   
 1043 	10.1808   	-3.406389   
 1044 	10.1905   	-3.734514   
 1045 	10.2003   	-4.312639   
 1046 	10.2101   	-4.593889   
 1047 	10.2198   	-5.047014   
 1048 	10.2296   	-5.187639   
 1049 	10.2394   	-5.406450   
 1050 	10.2491   	-6.015825   
 1051 	10.2589   	-6.093950   
 1052 	10.2687   	-6.297075   
 1053 	10.2785   	-6.437700   
 1054 	10.2882   	-6.515825   
 1055 	10.2980   	-6.547075   
 1056 	10.3078   	-6.375200   
 1057 	10.3175   	-6.343950   
 1058 	10.3273   	-6.109575   
 1059 	10.3371   	-5.968950   
 1060 	10.3468   	-5.781450   
 1061 	10.3566   	-5.906450   
 1062 	10.3664   	-5.672075   
 1063 	10.3762   	-5.218889   
 1064 	10.3859   	-4.906389   
 1065 	10.3957   	-4.625139   
 1066 	10.4055   	-4.265764   
 1067 	10.4152   	-3.703264   
 1068 	10.4250   	-3.359514   
 1069 	10.4348   	-2.546953   
 1070 	10.4446   	-2.421953   
 1071 	10.4543   	-2.265703   
 1072 	10.4641   	-1.875078   
 1073 	10.4739   	-1.546953   
 1074 	10.4836   	-0.890703   
 1075 	10.4934   	-0.593767   
 1076 	10.5032   	-0.312517   
 1077 	10.5129   	-0.156267   
 1078 	10.5227   	0.343733    
 1079 	10.5325   	0.734358    
 1080 	10.5423   	0.812483    
 1081 	10.5520   	1.078108    
 1082 	10.5618   	0.890608    
 1083 	10.5716   	1.156233    
 1084 	10.5813   	1.484358    
 1085 	10.5911   	1.421858    
 1086 	10.6009   	1.218733    
 1087 	10.6107   	1.124983    
 1088 	10.6204   	1.218733    
 1089 	10.6302   	1.156233    
 1090 	10.6400   	0.874983    
 1091 	10.6497   	0.453108    
 1092 	10.6595   	0.343733    
 1093 	10.6693   	0.109358    
 1094 	10.6790   	-0.171892   
 1095 	10.6888   	-0.421892   
 1096 	10.6986   	-0.703142   
 1097 	10.7084   	-1.187578   
 1098 	10.7181   	-1.500078   
 1099 	10.7279   	-1.593828   
 1100 	10.7377   	-1.828203   
 1101 	10.7474   	-2.203203   
 1102 	10.7572   	-2.734453   
 1103 	10.7670   	-2.937578   
 1104 	10.7767   	-3.218889   
 1105 	10.7865   	-3.515764   
 1106 	10.7963   	-3.422014   
 1107 	10.8061   	-3.531389   
 1108 	10.8158   	-3.734514   
 1109 	10.8256   	-3.828264   
 1110 	10.8354   	-3.875139   
 1111 	10.8451   	-4.015764   
 1112 	10.8549   	-4.250139   
 1113 	10.8647   	-4.297014   
 1114 	10.8745   	-4.390764   
 1115 	10.8842   	-4.218889   
 1116 	10.8940   	-4.297014   
 1117 	10.9038   	-3.984514   
 1118 	10.9135   	-3.984514   
 1119 	10.9233   	-4.078264   
 1120 	10.9331   	-3.843889   
 1121 	10.9428   	-3.656389   
 1122 	10.9526   	-3.609514   
 1123 	10.9624   	-3.484514   
 1124 	10.9722   	-3.578264   
 1125 	10.9819   	-3.297014   
 1126 	10.9917   	-3.062578   
 1127 	11.0015   	-2.625078   
 1128 	11.0112   	-2.750078   
 1129 	11.0210   	-2.437578   
 1130 	11.0308   	-2.250078   
 1131 	11.0405   	-1.843828   
 1132 	11.0503   	-2.062578   
 1133 	11.0601   	-2.140703   
 1134 	11.0699   	-1.953203   
 1135 	11.0796   	-1.718828   
 1136 	11.0894   	-1.296953   
 1137 	11.0992   	-1.390703   
 1138 	11.1089   	-1.359453   
 1139 	11.1187   	-1.375078   
 1140 	11.1285   	-1.390703   
 1141 	11.1383   	-1.265703   
 1142 	11.1480   	-1.328203   
 1143 	11.1578   	-1.375078   
 1144 	11.1676   	-1.500078   
 1145 	11.1773   	-1.421953   
 1146 	11.1871   	-1.828203   
 1147 	11.1969   	-1.906328   
 1148 	11.2066   	-2.093828   
 1149 	11.2164   	-2.109453   
 1150 	11.2262   	-2.265703   
 1151 	11.2360   	-2.234453   
 1152 	11.2457   	-2.265703   
 1153 	11.2555   	-1.984453   
 1154 	11.2653   	-2.203203   
 1155 	11.2750   	-2.203203   
 1156 	11.2848   	-2.390703   
 1157 	11.2946   	-2.578203   
 1158 	11.3043   	-2.390703   
 1159 	11.3141   	-2.609453   
 1160 	11.3239   	-2.515703   
 1161 	11.3337   	-2.515703   
 1162 	11.3434   	-2.390703   
 1163 	11.3532   	-2.500078   
 1164 	11.3630   	-2.281328   
 1165 	11.3727   	-2.312578   
 1166 	11.3825   	-2.281328   
 1167 	11.3923   	-2.156328   
 1168 	11.4021   	-2.140703   
 1169 	11.4118   	-2.171953   
 1170 	11.4216   	-2.187578   
 1171 	11.4314   	-1.843828   
 1172 	11.4411   	-1.968828   
 1173 	11.4509   	-1.984453   
 1174 	11.4607   	-1.812578   
 1175 	11.4704   	-1.531328   
 1176 	11.4802   	-1.515703   
 1177 	11.4900   	-1.437578   
 1178 	11.4998   	-1.359453   
 1179 	11.5095   	-1.421953   
 1180 	11.5193   	-1.171953   
 1181 	11.5291   	-1.093828   
 1182 	11.5388   	-1.187578   
 1183 	11.5486   	-1.234453   
 1184 	11.5584   	-1.187578   
 1185 	11.5681   	-1.031328   
 1186 	11.5779   	-1.140703   
 1187 	11.5877   	-1.109453   
 1188 	11.5975   	-1.296953   
 1189 	11.6072   	-1.156328   
 1190 	11.6170   	-1.515703   
 1191 	11.6268   	-1.593828   
 1192 	11.6365   	-1.578203   
 1193 	11.6463   	-1.578203   
 1194 	11.6561   	-1.906328   
 1195 	11.6659   	-2.046953   
 1196 	11.6756   	-2.406328   
 1197 	11.6854   	-2.593828   
 1198 	11.6952   	-2.609453   
 1199 	11.7049   	-2.640703   
 1200 	11.7147   	-3.015703   
 1201 	11.7245   	-3.187639   
 1202 	11.7342   	-3.156389   
 1203 	11.7440   	-3.297014   
 1204 	11.7538   	-3.531389   
 1205 	11.7636   	-3.531389   
 1206 	11.7733   	-3.765764   
 1207 	11.7831   	-3.609514   
 1208 	11.7929   	-3.640764   
 1209 	11.8026   	-3.703264   
 1210 	11.8124   	-3.828264   
 1211 	11.8222   	-3.797014   
 1212 	11.8319   	-3.765764   
 1213 	11.8417   	-3.672014   
 1214 	11.8515   	-3.828264   
 1215 	11.8613   	-3.765764   
 1216 	11.8710   	-3.750139   
 1217 	11.8808   	-3.625139   
 1218 	11.8906   	-3.437639   
 1219 	11.9003   	-3.531389   
 1220 	11.9101   	-3.140764   
 1221 	11.9199   	-3.046953   
 1222 	11.9297   	-3.046953   
 1223 	11.9394   	-2.796953   
 1224 	11.9492   	-2.531328   
 1225 	11.9590   	-2.312578   
 1226 	11.9687   	-2.265703   
 1227 	11.9785   	-2.187578   
 1228 	11.9883   	-1.984453   
 1229 	11.9980   	-1.890703   
 1230 	12.0078   	-1.578203   
 1231 	12.0176   	-1.625078   
 1232 	12.0274   	-1.250078   
 1233 	12.0371   	-1.171953   
 1234 	12.0469   	-1.125078   
 1235 	12.0567   	-0.968828   
 1236 	12.0664   	-0.968828   
 1237 	12.0762   	-0.734392   
 1238 	12.0860   	-0.390642   
 1239 	12.0958   	-0.375017   
 1240 	12.1055   	-0.515642   
 1241 	12.1153   	-0.375017   
 1242 	12.1251   	-0.562517   
 1243 	12.1348   	-0.625017   
 1244 	12.1446   	-0.515642   
 1245 	12.1544   	-0.546892   
 1246 	12.1641   	-0.609392   
 1247 	12.1739   	-0.656267   
 1248 	12.1837   	-0.937578   
 1249 	12.1935   	-0.968828   
 1250 	12.2032   	-0.906328   
 1251 	12.2130   	-1.187578   
 1252 	12.2228   	-1.421953   
 1253 	12.2325   	-1.406328   
 1254 	12.2423   	-1.578203   
 1255 	12.2521   	-1.718828   
 1256 	12.2618   	-2.078203   
 1257 	12.2716   	-2.187578   
 1258 	12.2814   	-2.359453   
 1259 	12.2912   	-2.593828   
 1260 	12.3009   	-2.406328   
 1261 	12.3107   	-2.625078   
 1262 	12.3205   	-3.015703   
 1263 	12.3302   	-2.718828   
 1264 	12.3400   	-3.078264   
 1265 	12.3498   	-3.203264   
 1266 	12.3596   	-3.328264   
 1267 	12.3693   	-3.062578   
 1268 	12.3791   	-3.125139   
 1269 	12.3889   	-3.500139   
 1270 	12.3986   	-3.468889   
 1271 	12.4084   	-3.265764   
 1272 	12.4182   	-3.453264   
 1273 	12.4279   	-3.593889   
 1274 	12.4377   	-3.515764   
 1275 	12.4475   	-3.562639   
 1276 	12.4573   	-3.375139   
 1277 	12.4670   	-3.015703   
 1278 	12.4768   	-3.203264   
 1279 	12.4866   	-2.890703   
 1280 	12.4963   	-2.984453   
 1281 	12.5061   	-2.906328   
 1282 	12.5159   	-2.812578   
 1283 	12.5256   	-3.000078   
 1284 	12.5354   	-2.843828   
 1285 	12.5452   	-2.406328   
 1286 	12.5550   	-2.187578   
 1287 	12.5647   	-2.109453   
 1288 	12.5745   	-2.156328   
 1289 	12.5843   	-1.921953   
 1290 	12.5940   	-2.125078   
 1291 	12.6038   	-1.968828   
 1292 	12.6136   	-1.625078   
 1293 	12.6234   	-2.015703   
 1294 	12.6331   	-1.843828   
 1295 	12.6429   	-1.625078   
 1296 	12.6527   	-1.687578   
 1297 	12.6624   	-1.546953   
 1298 	12.6722   	-1.937578   
 1299 	12.6820   	-1.890703   
 1300 	12.6917   	-1.796953   
 1301 	12.7015   	-1.640703   
 1302 	12.7113   	-1.531328   
 1303 	12.7211   	-1.906328   
 1304 	12.7308   	-1.875078   
 1305 	12.7406   	-2.000078   
 1306 	12.7504   	-1.953203   
 1307 	12.7601   	-2.125078   
 1308 	12.7699   	-2.015703   
 1309 	12.7797   	-1.921953   
 1310 	12.7894   	-1.781328   
 1311 	12.7992   	-2.296953   
 1312 	12.8090   	-2.078203   
 1313 	12.8188   	-1.953203   
 1314 	12.8285   	-2.093828   
 1315 	12.8383   	-2.156328   
 1316 	12.8481   	-2.250078   
 1317 	12.8578   	-2.468828   
 1318 	12.8676   	-2.296953   
 1319 	12.8774   	-2.406328   
 1320 	12.8872   	-2.218828   
 1321 	12.8969   	-2.296953   
 1322 	12.9067   	-2.250078   
 1323 	12.9165   	-2.000078   
 1324 	12.9262   	-1.953203   
 1325 	12.9360   	-2.203203   
 1326 	12.9458   	-2.218828   
 1327 	12.9555   	-2.156328   
 1328 	12.9653   	-2.093828   
 1329 	12.9751   	-2.203203   
 1330 	12.9849   	-1.968828   
 1331 	12.9946   	-2.109453   
 1332 	13.0044   	-2.093828   
 1333 	13.0142   	-1.890703   
 1334 	13.0239   	-1.828203   
 1335 	13.0337   	-1.968828   
 1336 	13.0435   	-2.031328   
 1337 	13.0532   	-1.843828   
 1338 	13.0630   	-1.921953   
 1339 	13.0728   	-1.968828   
 1340 	13.0826   	-1.703203   
 1341 	13.0923   	-1.734453   
 1342 	13.1021   	-1.765703   
 1343 	13.1119   	-1.812578   
 1344 	13.1216   	-1.937578   
 1345 	13.1314   	-2.296953   
 1346 	13.1412   	-2.187578   
 1347 	13.1510   	-1.859453   
 1348 	13.1607   	-2.109453   
 1349 	13.1705   	-1.890703   
 1350 	13.1803   	-1.968828   
 1351 	13.1900   	-2.390703   
 1352 	13.1998   	-2.671953   
 1353 	13.2096   	-2.593828   
 1354 	13.2193   	-2.625078   
 1355 	13.2291   	-2.562578   
 1356 	13.2389   	-2.546953   
 1357 	13.2487   	-2.781328   
 1358 	13.2584   	-2.984453   
 1359 	13.2682   	-2.718828   
 1360 	13.2780   	-2.828203   
 1361 	13.2877   	-2.859453   
 1362 	13.2975   	-2.781328   
 1363 	13.3073   	-3.140764   
 1364 	13.3170   	-3.375139   
 1365 	13.3268   	-3.109514   
 1366 	13.3366   	-3.109514   
 1367 	13.3464   	-3.140764   
 1368 	13.3561   	-3.000078   
 1369 	13.3659   	-2.984453   
 1370 	13.3757   	-3.015703   
 1371 	13.3854   	-3.078264   
 1372 	13.3952   	-3.000078   
 1373 	13.4050   	-2.906328   
 1374 	13.4148   	-3.125139   
 1375 	13.4245   	-2.734453   
 1376 	13.4343   	-2.562578   
 1377 	13.4441   	-2.437578   
 1378 	13.4538   	-2.468828   
 1379 	13.4636   	-2.421953   
 1380 	13.4734   	-2.296953   
 1381 	13.4831   	-2.312578   
 1382 	13.4929   	-2.218828   
 1383 	13.5027   	-2.031328   
 1384 	13.5125   	-1.812578   
 1385 	13.5222   	-2.046953   
 1386 	13.5320   	-1.656328   
 1387 	13.5418   	-1.546953   
 1388 	13.5515   	-1.312578   
 1389 	13.5613   	-1.593828   
 1390 	13.5711   	-1.328203   
 1391 	13.5809   	-1.250078   
 1392 	13.5906   	-1.187578   
 1393 	13.6004   	-1.156328   
 1394 	13.6102   	-1.000078   
 1395 	13.6199   	-0.843767   
 1396 	13.6297   	-1.000078   
 1397 	13.6395   	-0.875078   
 1398 	13.6492   	-1.109453   
 1399 	13.6590   	-1.015703   
 1400 	13.6688   	-1.125078   
 1401 	13.6786   	-1.171953   
 1402 	13.6883   	-1.359453   
 1403 	13.6981   	-1.500078   
 1404 	13.7079   	-1.406328   
 1405 	13.7176   	-1.562578   
 1406 	13.7274   	-1.625078   
 1407 	13.7372   	-1.703203   
 1408 	13.7469   	-1.578203   
 1409 	13.7567   	-1.796953   
 1410 	13.7665   	-2.234453   
 1411 	13.7763   	-2.187578   
 1412 	13.7860   	-2.140703   
 1413 	13.7958   	-2.609453   
 1414 	13.8056   	-2.531328   
 1415 	13.8153   	-2.781328   
 1416 	13.8251   	-2.687578   
 1417 	13.8349   	-2.937578   
 1418 	13.8447   	-3.093889   
 1419 	13.8544   	-3.000078   
 1420 	13.8642   	-2.984453   
 1421 	13.8740   	-3.125139   
 1422 	13.8837   	-3.218889   
 1423 	13.8935   	-3.156389   
 1424 	13.9033   	-3.297014   
 1425 	13.9130   	-3.140764   
 1426 	13.9228   	-3.390764   
 1427 	13.9326   	-3.265764   
 1428 	13.9424   	-3.297014   
 1429 	13.9521   	-3.156389   
 1430 	13.9619   	-3.109514   
 1431 	13.9717   	-3.187639   
 1432 	13.9814   	-2.859453   
 1433 	13.9912   	-3.359514   
 1434 	14.0010   	-2.906328   
 1435 	14.0107   	-2.812578   
 1436 	14.0205   	-2.781328   
 1437 	14.0303   	-2.859453   
 1438 	14.0401   	-2.734453   
 1439 	14.0498   	-2.531328   
 1440 	14.0596   	-2.390703   
 1441 	14.0694   	-2.375078   
 1442 	14.0791   	-2.328203   
 1443 	14.0889   	-2.234453   
 1444 	14.0987   	-2.109453   
 1445 	14.1085   	-1.890703   
 1446 	14.1182   	-1.531328   
 1447 	14.1280   	-1.828203   
 1448 	14.1378   	-1.656328   
 1449 	14.1475   	-1.671953   
 1450 	14.1573   	-1.734453   
 1451 	14.1671   	-1.250078   
 1452 	14.1768   	-1.312578   
 1453 	14.1866   	-1.468828   
 1454 	14.1964   	-1.437578   
 1455 	14.2062   	-1.718828   
 1456 	14.2159   	-1.609453   
 1457 	14.2257   	-1.484453   
 1458 	14.2355   	-1.328203   
 1459 	14.2452   	-1.390703   
 1460 	14.2550   	-1.359453   
 1461 	14.2648   	-1.625078   
 1462 	14.2745   	-1.265703   
 1463 	14.2843   	-1.578203   
 1464 	14.2941   	-1.640703   
 1465 	14.3039   	-1.515703   
 1466 	14.3136   	-1.765703   
 1467 	14.3234   	-1.812578   
 1468 	14.3332   	-2.031328   
 1469 	14.3429   	-1.968828   
 1470 	14.3527   	-1.828203   
 1471 	14.3625   	-1.859453   
 1472 	14.3723   	-2.062578   
 1473 	14.3820   	-2.265703   
 1474 	14.3918   	-2.187578   
 1475 	14.4016   	-2.421953   
 1476 	14.4113   	-2.500078   
 1477 	14.4211   	-2.390703   
 1478 	14.4309   	-2.609453   
 1479 	14.4406   	-2.437578   
 1480 	14.4504   	-2.296953   
 1481 	14.4602   	-2.484453   
 1482 	14.4700   	-2.625078   
 1483 	14.4797   	-2.593828   
 1484 	14.4895   	-2.671953   
 1485 	14.4993   	-2.609453   
 1486 	14.5090   	-2.546953   
 1487 	14.5188   	-2.312578   
 1488 	14.5286   	-2.562578   
 1489 	14.5383   	-2.562578   
 1490 	14.5481   	-2.625078   
 1491 	14.5579   	-2.546953   
 1492 	14.5677   	-2.265703   
 1493 	14.5774   	-2.062578   
 1494 	14.5872   	-2.218828   
 1495 	14.5970   	-2.500078   
 1496 	14.6067   	-2.515703   
 1497 	14.6165   	-2.343828   
 1498 	14.6263   	-2.515703   
 1499 	14.6361   	-2.218828   
 1500 	14.6458   	-2.140703   
 1501 	14.6556   	-2.234453   
 1502 	14.6654   	-2.156328   
 1503 	14.6751   	-2.281328   
 1504 	14.6849   	-2.281328   
 1505 	14.6947   	-2.343828   
 1506 	14.7044   	-2.375078   
 1507 	14.7142   	-2.343828   
 1508 	14.7240   	-2.296953   
 1509 	14.7338   	-2.234453   
 1510 	14.7435   	-2.218828   
 1511 	14.7533   	-2.203203   
 1512 	14.7631   	-2.062578   
 1513 	14.7728   	-2.093828   
 1514 	14.7826   	-2.328203   
 1515 	14.7924   	-2.265703   
 1516 	14.8022   	-2.453203   
 1517 	14.8119   	-2.484453   
 1518 	14.8217   	-2.125078   
 1519 	14.8315   	-2.125078   
 1520 	14.8412   	-2.140703   
 1521 	14.8510   	-2.046953   
 1522 	14.8608   	-2.203203   
 1523 	14.8705   	-2.171953   
 1524 	14.8803   	-2.187578   
 1525 	14.8901   	-2.281328   
 1526 	14.8999   	-2.375078   
 1527 	14.9096   	-2.078203   
 1528 	14.9194   	-2.453203   
 1529 	14.9292   	-2.531328   
 1530 	14.9389   	-2.453203   
 1531 	14.9487   	-2.250078   
 1532 	14.9585   	-2.265703   
 1533 	14.9682   	-2.250078   
 1534 	14.9780   	-2.156328   
 1535 	14.9878   	-2.390703   
 1536 	14.9976   	-2.265703   
 1537 	15.0073   	-2.062578   
 1538 	15.0171   	-2.093828   
 1539 	15.0269   	-2.062578   
 1540 	15.0366   	-2.156328   
 1541 	15.0464   	-2.093828   
 1542 	15.0562   	-2.171953   
 1543 	15.0660   	-1.828203   
 1544 	15.0757   	-1.562578   
 1545 	15.0855   	-1.843828   
 1546 	15.0953   	-1.406328   
 1547 	15.1050   	-1.703203   
 1548 	15.1148   	-1.703203   
 1549 	15.1246   	-1.781328   
 1550 	15.1343   	-1.609453   
 1551 	15.1441   	-2.046953   
 1552 	15.1539   	-1.812578   
 1553 	15.1637   	-1.671953   
 1554 	15.1734   	-1.656328   
 1555 	15.1832   	-1.859453   
 1556 	15.1930   	-1.843828   
 1557 	15.2027   	-2.015703   
 1558 	15.2125   	-1.796953   
 1559 	15.2223   	-1.750078   
 1560 	15.2320   	-1.812578   
 1561 	15.2418   	-2.171953   
 1562 	15.2516   	-1.937578   
 1563 	15.2614   	-2.125078   
 1564 	15.2711   	-2.046953   
 1565 	15.2809   	-2.093828   
 1566 	15.2907   	-2.531328   
 1567 	15.3004   	-2.281328   
 1568 	15.3102   	-2.468828   
 1569 	15.3200   	-2.453203   
 1570 	15.3298   	-2.187578   
 1571 	15.3395   	-2.390703   
 1572 	15.3493   	-2.468828   
 1573 	15.3591   	-2.593828   
 1574 	15.3688   	-2.718828   
 1575 	15.3786   	-2.828203   
 1576 	15.3884   	-2.796953   
 1577 	15.3981   	-2.406328   
 1578 	15.4079   	-2.734453   
 1579 	15.4177   	-2.859453   
 1580 	15.4275   	-2.843828   
 1581 	15.4372   	-2.734453   
 1582 	15.4470   	-2.906328   
 1583 	15.4568   	-3.125139   
 1584 	15.4665   	-3.031328   
 1585 	15.4763   	-2.718828   
 1586 	15.4861   	-2.921953   
 1587 	15.4958   	-2.609453   
 1588 	15.5056   	-2.531328   
 1589 	15.5154   	-2.562578   
 1590 	15.5252   	-2.437578   
 1591 	15.5349   	-2.359453   
 1592 	15.5447   	-2.437578   
 1593 	15.5545   	-2.312578   
 1594 	15.5642   	-2.125078   
 1595 	15.5740   	-2.343828   
 1596 	15.5838   	-2.484453   
 1597 	15.5936   	-2.093828   
 1598 	15.6033   	-2.328203   
 1599 	15.6131   	-2.078203   
 1600 	15.6229   	-1.843828   
 1601 	15.6326   	-1.875078   
 1602 	15.6424   	-1.703203   
 1603 	15.6522   	-1.828203   
 1604 	15.6619   	-1.984453   
 1605 	15.6717   	-1.890703   
 1606 	15.6815   	-1.984453   
 1607 	15.6913   	-1.718828   
 1608 	15.7010   	-1.640703   
 1609 	15.7108   	-1.609453   
 1610 	15.7206   	-1.906328   
 1611 	15.7303   	-1.656328   
 1612 	15.7401   	-1.812578   
 1613 	15.7499   	-1.687578   
 1614 	15.7596   	-1.593828   
 1615 	15.7694   	-1.515703   
 1616 	15.7792   	-1.781328   
 1617 	15.7890   	-1.890703   
 1618 	15.7987   	-1.968828   
 1619 	15.8085   	-1.671953   
 1620 	15.8183   	-1.734453   
 1621 	15.8280   	-2.062578   
 1622 	15.8378   	-1.812578   
 1623 	15.8476   	-1.953203   
 1624 	15.8574   	-1.859453   
 1625 	15.8671   	-1.875078   
 1626 	15.8769   	-2.093828   
 1627 	15.8867   	-2.265703   
 1628 	15.8964   	-2.187578   
 1629 	15.9062   	-2.375078   
 1630 	15.9160   	-2.359453   
 1631 	15.9257   	-2.640703   
 1632 	15.9355   	-2.390703   
 1633 	15.9453   	-2.375078   
 1634 	15.9551   	-2.156328   
 1635 	15.9648   	-2.562578   
 1636 	15.9746   	-2.437578   
 1637 	15.9844   	-2.546953   
 1638 	15.9941   	-2.437578   
 1639 	16.0039   	-2.546953   
 1640 	16.0137   	-2.781328   
 1641 	16.0234   	-2.343828   
 1642 	16.0332   	-2.281328   
 1643 	16.0430   	-2.656328   
 1644 	16.0528   	-2.593828   
 1645 	16.0625   	-2.578203   
 1646 	16.0723   	-2.296953   
 1647 	16.0821   	-2.359453   
 1648 	16.0918   	-2.671953   
 1649 	16.1016   	-2.593828   
 1650 	16.1114   	-2.328203   
 1651 	16.1212   	-2.578203   
 1652 	16.1309   	-2.531328   
 1653 	16.1407   	-2.296953   
 1654 	16.1505   	-2.281328   
 1655 	16.1602   	-2.515703   
 1656 	16.1700   	-2.468828   
 1657 	16.1798   	-2.265703   
 1658 	16.1895   	-2.453203   
 1659 	16.1993   	-2.375078   
 1660 	16.2091   	-2.296953   
 1661 	16.2189   	-2.078203   
 1662 	16.2286   	-1.921953   
 1663 	16.2384   	-2.250078   
 1664 	16.2482   	-1.921953   
 1665 	16.2579   	-2.125078   
 1666 	16.2677   	-2.125078   
 1667 	16.2775   	-2.250078   
 1668 	16.2873   	-2.046953   
 1669 	16.2970   	-2.046953   
 1670 	16.3068   	-2.062578   
 1671 	16.3166   	-2.000078   
 1672 	16.3263   	-1.937578   
 1673 	16.3361   	-2.031328   
 1674 	16.3459   	-2.000078   
 1675 	16.3556   	-2.062578   
 1676 	16.3654   	-2.234453   
 1677 	16.3752   	-2.171953   
 1678 	16.3850   	-2.093828   
 1679 	16.3947   	-2.046953   
 1680 	16.4045   	-2.062578   
 1681 	16.4143   	-2.015703   
 1682 	16.4240   	-2.156328   
 1683 	16.4338   	-2.109453   
 1684 	16.4436   	-2.375078   
 1685 	16.4533   	-2.453203   
 1686 	16.4631   	-2.250078   
 1687 	16.4729   	-2.109453   
 1688 	16.4827   	-2.078203   
 1689 	16.4924   	-2.031328   
 1690 	16.5022   	-2.093828   
 1691 	16.5120   	-1.843828   
 1692 	16.5217   	-1.968828   
 1693 	16.5315   	-2.265703   
 1694 	16.5413   	-2.109453   
 1695 	16.5511   	-2.250078   
 1696 	16.5608   	-2.125078   
 1697 	16.5706   	-2.218828   
 1698 	16.5804   	-1.953203   
 1699 	16.5901   	-2.140703   
 1700 	16.5999   	-2.015703   
 1701 	16.6097   	-2.109453   
 1702 	16.6194   	-2.125078   
 1703 	16.6292   	-2.312578   
 1704 	16.6390   	-1.984453   
 1705 	16.6488   	-2.000078   
 1706 	16.6585   	-2.031328   
 1707 	16.6683   	-1.906328   
 1708 	16.6781   	-1.953203   
 1709 	16.6878   	-2.015703   
 1710 	16.6976   	-2.281328   
 1711 	16.7074   	-1.937578   
 1712 	16.7171   	-1.859453   
 1713 	16.7269   	-2.015703   
 1714 	16.7367   	-2.125078   
 1715 	16.7465   	-2.203203   
 1716 	16.7562   	-2.046953   
 1717 	16.7660   	-2.484453   
 1718 	16.7758   	-2.125078   
 1719 	16.7855   	-2.250078   
 1720 	16.7953   	-2.171953   
 1721 	16.8051   	-2.265703   
 1722 	16.8149   	-2.343828   
 1723 	16.8246   	-2.062578   
 1724 	16.8344   	-2.234453   
 1725 	16.8442   	-2.218828   
 1726 	16.8539   	-2.218828   
 1727 	16.8637   	-2.281328   
 1728 	16.8735   	-2.109453   
 1729 	16.8832   	-2.140703   
 1730 	16.8930   	-2.328203   
 1731 	16.9028   	-2.187578   
 1732 	16.9126   	-2.234453   
 1733 	16.9223   	-2.343828   
 1734 	16.9321   	-2.359453   
 1735 	16.9419   	-2.406328   
 1736 	16.9516   	-2.640703   
 1737 	16.9614   	-2.734453   
 1738 	16.9712   	-2.625078   
 1739 	16.9809   	-2.703203   
 1740 	16.9907   	-2.671953   
 1741 	17.0005   	-2.781328   
 1742 	17.0103   	-2.765703   
 1743 	17.0200   	-2.343828   
 1744 	17.0298   	-2.453203   
 1745 	17.0396   	-2.140703   
 1746 	17.0493   	-2.296953   
 1747 	17.0591   	-2.109453   
 1748 	17.0689   	-2.328203   
 1749 	17.0787   	-2.312578   
 1750 	17.0884   	-2.328203   
 1751 	17.0982   	-2.265703   
 1752 	17.1080   	-2.046953   
 1753 	17.1177   	-1.937578   
 1754 	17.1275   	-2.093828   
 1755 	17.1373   	-2.078203   
 1756 	17.1470   	-2.078203   
 1757 	17.1568   	-2.359453   
 1758 	17.1666   	-2.046953   
 1759 	17.1764   	-2.187578   
 1760 	17.1861   	-2.078203   
 1761 	17.1959   	-1.937578   
 1762 	17.2057   	-2.234453   
 1763 	17.2154   	-2.156328   
 1764 	17.2252   	-2.171953   
 1765 	17.2350   	-2.093828   
 1766 	17.2447   	-1.953203   
 1767 	17.2545   	-1.890703   
 1768 	17.2643   	-2.078203   
 1769 	17.2741   	-1.984453   
 1770 	17.2838   	-1.953203   
 1771 	17.2936   	-2.046953   
 1772 	17.3034   	-1.890703   
 1773 	17.3131   	-1.984453   
 1774 	17.3229   	-1.734453   
 1775 	17.3327   	-2.109453   
 1776 	17.3425   	-1.750078   
 1777 	17.3522   	-1.812578   
 1778 	17.3620   	-1.859453   
 1779 	17.3718   	-1.921953   
 1780 	17.3815   	-2.312578   
 1781 	17.3913   	-2.171953   
 1782 	17.4011   	-1.875078   
 1783 	17.4108   	-2.296953   
 1784 	17.4206   	-2.234453   
 1785 	17.4304   	-2.453203   
 1786 	17.4402   	-2.265703   
 1787 	17.4499   	-2.421953   
 1788 	17.4597   	-2.218828   
 1789 	17.4695   	-1.953203   
 1790 	17.4792   	-2.296953   
 1791 	17.4890   	-2.109453   
 1792 	17.4988   	-2.156328   
 1793 	17.5085   	-2.593828   
 1794 	17.5183   	-2.296953   
 1795 	17.5281   	-2.296953   
 1796 	17.5379   	-2.562578   
 1797 	17.5476   	-2.578203   
 1798 	17.5574   	-2.546953   
 1799 	17.5672   	-2.406328   
 1800 	17.5769   	-2.406328   
 1801 	17.5867   	-2.375078   
 1802 	17.5965   	-2.421953   
 1803 	17.6063   	-2.437578   
 1804 	17.6160   	-2.343828   
 1805 	17.6258   	-2.359453   
 1806 	17.6356   	-2.328203   
 1807 	17.6453   	-1.968828   
 1808 	17.6551   	-2.093828   
 1809 	17.6649   	-2.265703   
 1810 	17.6746   	-2.187578   
 1811 	17.6844   	-2.328203   
 1812 	17.6942   	-2.281328   
 1813 	17.7040   	-2.281328   
 1814 	17.7137   	-2.343828   
 1815 	17.7235   	-2.312578   
 1816 	17.7333   	-2.156328   
 1817 	17.7430   	-2.546953   
 1818 	17.7528   	-2.078203   
 1819 	17.7626   	-2.046953   
 1820 	17.7724   	-2.156328   
 1821 	17.7821   	-2.187578   
 1822 	17.7919   	-2.281328   
 1823 	17.8017   	-2.453203   
 1824 	17.8114   	-1.937578   
 1825 	17.8212   	-1.906328   
 1826 	17.8310   	-2.203203   
 1827 	17.8407   	-2.031328   
 1828 	17.8505   	-2.171953   
 1829 	17.8603   	-1.968828   
 1830 	17.8701   	-2.062578   
 1831 	17.8798   	-1.921953   
 1832 	17.8896   	-2.125078   
 1833 	17.8994   	-1.968828   
 1834 	17.9091   	-1.906328   
 1835 	17.9189   	-2.078203   
 1836 	17.9287   	-2.281328   
 1837 	17.9384   	-2.390703   
 1838 	17.9482   	-2.218828   
 1839 	17.9580   	-2.343828   
 1840 	17.9678   	-2.265703   
 1841 	17.9775   	-2.156328   
 1842 	17.9873   	-2.218828   
 1843 	17.9971   	-2.296953   
 1844 	18.0068   	-2.265703   
 1845 	18.0166   	-2.312578   
 1846 	18.0264   	-2.093828   
 1847 	18.0362   	-2.281328   
 1848 	18.0459   	-2.046953   
 1849 	18.0557   	-2.078203   
 1850 	18.0655   	-1.890703   
 1851 	18.0752   	-2.390703   
 1852 	18.0850   	-2.468828   
 1853 	18.0948   	-2.062578   
 1854 	18.1045   	-2.093828   
 1855 	18.1143   	-2.140703   
 1856 	18.1241   	-2.406328   
 1857 	18.1339   	-2.218828   
 1858 	18.1436   	-2.187578   
 1859 	18.1534   	-1.953203   
 1860 	18.1632   	-2.093828   
 1861 	18.1729   	-2.234453   
 1862 	18.1827   	-2.250078   
 1863 	18.1925   	-2.359453   
 1864 	18.2022   	-2.468828   
 1865 	18.2120   	-2.281328   
 1866 	18.2218   	-2.296953   
 1867 	18.2316   	-2.250078   
 1868 	18.2413   	-2.265703   
 1869 	18.2511   	-2.000078   
 1870 	18.2609   	-2.015703   
 1871 	18.2706   	-2.265703   
 1872 	18.2804   	-2.375078   
 1873 	18.2902   	-2.171953   
 1874 	18.3000   	-1.859453   
 1875 	18.3097   	-2.281328   
 1876 	18.3195   	-2.390703   
 1877 	18.3293   	-2.125078   
 1878 	18.3390   	-2.140703   
 1879 	18.3488   	-2.140703   
 1880 	18.3586   	-2.234453   
 1881 	18.3683   	-2.328203   
 1882 	18.3781   	-2.406328   
 1883 	18.3879   	-2.375078   
 1884 	18.3977   	-2.406328   
 1885 	18.4074   	-2.312578   
 1886 	18.4172   	-2.078203   
 1887 	18.4270   	-2.453203   
 1888 	18.4367   	-2.750078   
 1889 	18.4465   	-2.656328   
 1890 	18.4563   	-2.281328   
 1891 	18.4660   	-2.500078   
 1892 	18.4758   	-2.468828   
 1893 	18.4856   	-2.328203   
 1894 	18.4954   	-2.218828   
 1895 	18.5051   	-2.171953   
 1896 	18.5149   	-2.343828   
 1897 	18.5247   	-2.406328   
 1898 	18.5344   	-2.265703   
 1899 	18.5442   	-2.156328   
 1900 	18.5540   	-2.234453   
 1901 	18.5638   	-2.437578   
 1902 	18.5735   	-2.281328   
 1903 	18.5833   	-2.109453   
 1904 	18.5931   	-2.218828   
 1905 	18.6028   	-2.234453   
 1906 	18.6126   	-2.296953   
 1907 	18.6224   	-2.062578   
 1908 	18.6321   	-2.250078   
 1909 	18.6419   	-2.250078   
 1910 	18.6517   	-2.062578   
 1911 	18.6615   	-2.140703   
 1912 	18.6712   	-2.265703   
 1913 	18.6810   	-2.031328   
 1914 	18.6908   	-2.156328   
 1915 	18.7005   	-2.171953   
 1916 	18.7103   	-2.140703   
 1917 	18.7201   	-2.343828   
 1918 	18.7298   	-2.234453   
 1919 	18.7396   	-2.203203   
 1920 	18.7494   	-2.031328   
 1921 	18.7592   	-2.046953   
 1922 	18.7689   	-2.093828   
 1923 	18.7787   	-1.890703   
 1924 	18.7885   	-1.984453   
 1925 	18.7982   	-1.859453   
 1926 	18.8080   	-1.843828   
 1927 	18.8178   	-1.734453   
 1928 	18.8276   	-2.062578   
 1929 	18.8373   	-2.078203   
 1930 	18.8471   	-2.078203   
 1931 	18.8569   	-1.890703   
 1932 	18.8666   	-2.125078   
 1933 	18.8764   	-1.968828   
 1934 	18.8862   	-1.859453   
 1935 	18.8959   	-2.125078   
 1936 	18.9057   	-2.296953   
 1937 	18.9155   	-2.187578   
 1938 	18.9253   	-1.921953   
 1939 	18.9350   	-2.171953   
 1940 	18.9448   	-2.046953   
 1941 	18.9546   	-2.234453   
 1942 	18.9643   	-2.234453   
 1943 	18.9741   	-2.406328   
 1944 	18.9839   	-2.296953   
 1945 	18.9937   	-2.421953   
 1946 	19.0034   	-2.406328   
 1947 	19.0132   	-2.312578   
 1948 	19.0230   	-2.437578   
 1949 	19.0327   	-2.296953   
 1950 	19.0425   	-2.359453   
 1951 	19.0523   	-2.453203   
 1952 	19.0620   	-2.375078   
 1953 	19.0718   	-2.171953   
 1954 	19.0816   	-2.187578   
 1955 	19.0914   	-2.421953   
 1956 	19.1011   	-2.671953   
 1957 	19.1109   	-2.656328   
 1958 	19.1207   	-2.437578   
 1959 	19.1304   	-2.359453   
 1960 	19.1402   	-2.296953   
 1961 	19.1500   	-2.375078   
 1962 	19.1597   	-2.203203   
 1963 	19.1695   	-2.312578   
 1964 	19.1793   	-2.328203   
 1965 	19.1891   	-2.171953   
 1966 	19.1988   	-2.156328   
 1967 	19.2086   	-2.234453   
 1968 	19.2184   	-2.250078   
 1969 	19.2281   	-2.140703   
 1970 	19.2379   	-2.125078   
 1971 	19.2477   	-2.234453   
 1972 	19.2575   	-2.031328   
 1973 	19.2672   	-1.921953   
 1974 	19.2770   	-1.828203   
 1975 	19.2868   	-1.734453   
 1976 	19.2965   	-1.984453   
 1977 	19.3063   	-2.109453   
 1978 	19.3161   	-2.093828   
 1979 	19.3258   	-2.171953   
 1980 	19.3356   	-2.171953   
 1981 	19.3454   	-2.031328   
 1982 	19.3552   	-1.781328   
 1983 	19.3649   	-1.968828   
 1984 	19.3747   	-1.968828   
 1985 	19.3845   	-1.843828   
 1986 	19.3942   	-2.000078   
 1987 	19.4040   	-2.390703   
 1988 	19.4138   	-2.234453   
 1989 	19.4235   	-2.078203   
 1990 	19.4333   	-2.125078   
 1991 	19.4431   	-2.093828   
 1992 	19.4529   	-2.265703   
 1993 	19.4626   	-2.328203   
 1994 	19.4724   	-2.265703   
 1995 	19.4822   	-2.109453   
 1996 	19.4919   	-2.046953   
 1997 	19.5017   	-2.093828   
 1998 	19.5115   	-2.093828   
 1999 	19.5213   	-2.234453   
 2000 	19.5310   	-2.218828   
 2001 	19.5408   	-2.156328   
 2002 	19.5506   	-2.203203   
 2003 	19.5603   	-2.046953   
 2004 	19.5701   	-2.187578   
 2005 	19.5799   	-2.468828   
 2006 	19.5896   	-2.218828   
 2007 	19.5994   	-2.203203   
 2008 	19.6092   	-2.187578   
 2009 	19.6190   	-2.140703   
 2010 	19.6287   	-2.109453   
 2011 	19.6385   	-2.062578   
 2012 	19.6483   	-2.265703   
 2013 	19.6580   	-2.078203   
 2014 	19.6678   	-2.281328   
 2015 	19.6776   	-2.375078   
 2016 	19.6873   	-2.187578   
 2017 	19.6971   	-2.468828   
 2018 	19.7069   	-2.140703   
 2019 	19.7167   	-2.421953   
 2020 	19.7264   	-2.531328   
 2021 	19.7362   	-2.390703   
 2022 	19.7460   	-2.156328   
 2023 	19.7557   	-2.250078   
 2024 	19.7655   	-2.265703   
 2025 	19.7753   	-2.281328   
 2026 	19.7851   	-2.250078   
 2027 	19.7948   	-2.281328   
 2028 	19.8046   	-2.234453   
 2029 	19.8144   	-2.265703   
 2030 	19.8241   	-2.406328   
 2031 	19.8339   	-2.218828   
 2032 	19.8437   	-2.281328   
 2033 	19.8534   	-2.078203   
 2034 	19.8632   	-2.250078   
 2035 	19.8730   	-2.453203   
 2036 	19.8828   	-2.296953   
 2037 	19.8925   	-2.218828   
 2038 	19.9023   	-2.375078   
 2039 	19.9121   	-2.281328   
 2040 	19.9218   	-2.296953   
 2041 	19.9316   	-2.296953   
 2042 	19.9414   	-2.093828   
 2043 	19.9511   	-2.046953   
 2044 	19.9609   	-2.203203   
 2045 	19.9707   	-2.031328   
 2046 	19.9805   	-2.296953   
 2047 	19.9902   	-2.734453   
 2048 	20.0000   	-2.140703   

