
 1    	0.0000    	-2.015699   
 2    	0.0098    	-2.187575   
 3    	0.0195    	-2.281325   
 4    	0.0293    	-2.156324   
 5    	0.0391    	-2.281325   
 6    	0.0489    	-1.937574   
 7    	0.0586    	-2.093824   
 8    	0.0684    	-2.187575   
 9    	0.0782    	-2.125074   
 10   	0.0879    	-2.031324   
 11   	0.0977    	-2.312575   
 12   	0.1075    	-2.078199   
 13   	0.1172    	-2.046949   
 14   	0.1270    	-1.937574   
 15   	0.1368    	-1.906324   
 16   	0.1466    	-1.921949   
 17   	0.1563    	-2.156324   
 18   	0.1661    	-2.171950   
 19   	0.1759    	-2.187575   
 20   	0.1856    	-1.953199   
 21   	0.1954    	-2.390700   
 22   	0.2052    	-2.281325   
 23   	0.2149    	-2.000074   
 24   	0.2247    	-1.906324   
 25   	0.2345    	-1.906324   
 26   	0.2443    	-2.078199   
 27   	0.2540    	-2.046949   
 28   	0.2638    	-2.015699   
 29   	0.2736    	-2.375075   
 30   	0.2833    	-2.468826   
 31   	0.2931    	-2.062574   
 32   	0.3029    	-2.109449   
 33   	0.3127    	-2.109449   
 34   	0.3224    	-2.046949   
 35   	0.3322    	-1.921949   
 36   	0.3420    	-2.093824   
 37   	0.3517    	-2.250075   
 38   	0.3615    	-2.078199   
 39   	0.3713    	-2.046949   
 40   	0.3810    	-2.265700   
 41   	0.3908    	-2.031324   
 42   	0.4006    	-2.203200   
 43   	0.4104    	-2.046949   
 44   	0.4201    	-2.171950   
 45   	0.4299    	-2.062574   
 46   	0.4397    	-2.156324   
 47   	0.4494    	-2.203200   
 48   	0.4592    	-2.187575   
 49   	0.4690    	-2.218825   
 50   	0.4787    	-2.312575   
 51   	0.4885    	-2.437575   
 52   	0.4983    	-2.265700   
 53   	0.5081    	-2.140699   
 54   	0.5178    	-2.265700   
 55   	0.5276    	-2.109449   
 56   	0.5374    	-1.968824   
 57   	0.5471    	-1.796954   
 58   	0.5569    	-2.140699   
 59   	0.5667    	-2.125074   
 60   	0.5765    	-1.843829   
 61   	0.5862    	-2.000074   
 62   	0.5960    	-2.000074   
 63   	0.6058    	-2.015699   
 64   	0.6155    	-2.359450   
 65   	0.6253    	-1.843829   
 66   	0.6351    	-2.046949   
 67   	0.6448    	-2.312575   
 68   	0.6546    	-2.187575   
 69   	0.6644    	-2.125074   
 70   	0.6742    	-2.015699   
 71   	0.6839    	-2.203200   
 72   	0.6937    	-2.187575   
 73   	0.7035    	-1.937574   
 74   	0.7132    	-1.734453   
 75   	0.7230    	-1.968824   
 76   	0.7328    	-2.109449   
 77   	0.7426    	-2.265700   
 78   	0.7523    	-2.218825   
 79   	0.7621    	-2.125074   
 80   	0.7719    	-2.015699   
 81   	0.7816    	-2.156324   
 82   	0.7914    	-2.234450   
 83   	0.8012    	-2.125074   
 84   	0.8109    	-2.140699   
 85   	0.8207    	-2.125074   
 86   	0.8305    	-2.156324   
 87   	0.8403    	-2.218825   
 88   	0.8500    	-2.421950   
 89   	0.8598    	-2.015699   
 90   	0.8696    	-1.937574   
 91   	0.8793    	-1.968824   
 92   	0.8891    	-2.000074   
 93   	0.8989    	-2.031324   
 94   	0.9086    	-2.203200   
 95   	0.9184    	-2.093824   
 96   	0.9282    	-2.031324   
 97   	0.9380    	-2.140699   
 98   	0.9477    	-2.046949   
 99   	0.9575    	-2.093824   
 100  	0.9673    	-2.187575   
 101  	0.9770    	-2.046949   
 102  	0.9868    	-2.281325   
 103  	0.9966    	-2.281325   
 104  	1.0064    	-2.093824   
 105  	1.0161    	-2.125074   
 106  	1.0259    	-2.156324   
 107  	1.0357    	-2.218825   
 108  	1.0454    	-2.171950   
 109  	1.0552    	-2.328200   
 110  	1.0650    	-2.234450   
 111  	1.0747    	-2.078199   
 112  	1.0845    	-2.125074   
 113  	1.0943    	-2.156324   
 114  	1.1041    	-2.156324   
 115  	1.1138    	-1.937574   
 116  	1.1236    	-2.140699   
 117  	1.1334    	-2.140699   
 118  	1.1431    	-2.187575   
 119  	1.1529    	-2.109449   
 120  	1.1627    	-2.156324   
 121  	1.1724    	-1.890699   
 122  	1.1822    	-2.156324   
 123  	1.1920    	-2.296950   
 124  	1.2018    	-2.218825   
 125  	1.2115    	-1.906324   
 126  	1.2213    	-2.000074   
 127  	1.2311    	-1.984449   
 128  	1.2408    	-2.125074   
 129  	1.2506    	-2.234450   
 130  	1.2604    	-2.078199   
 131  	1.2702    	-2.156324   
 132  	1.2799    	-2.109449   
 133  	1.2897    	-2.203200   
 134  	1.2995    	-1.906324   
 135  	1.3092    	-2.140699   
 136  	1.3190    	-1.937574   
 137  	1.3288    	-1.843829   
 138  	1.3385    	-2.000074   
 139  	1.3483    	-2.109449   
 140  	1.3581    	-2.062574   
 141  	1.3679    	-1.843829   
 142  	1.3776    	-2.250075   
 143  	1.3874    	-2.109449   
 144  	1.3972    	-2.453201   
 145  	1.4069    	-2.359450   
 146  	1.4167    	-2.421950   
 147  	1.4265    	-2.296950   
 148  	1.4362    	-2.031324   
 149  	1.4460    	-2.093824   
 150  	1.4558    	-1.921949   
 151  	1.4656    	-2.343825   
 152  	1.4753    	-1.937574   
 153  	1.4851    	-2.312575   
 154  	1.4949    	-2.125074   
 155  	1.5046    	-2.234450   
 156  	1.5144    	-2.171950   
 157  	1.5242    	-1.984449   
 158  	1.5340    	-2.171950   
 159  	1.5437    	-2.062574   
 160  	1.5535    	-2.078199   
 161  	1.5633    	-2.031324   
 162  	1.5730    	-2.031324   
 163  	1.5828    	-2.078199   
 164  	1.5926    	-2.078199   
 165  	1.6023    	-2.062574   
 166  	1.6121    	-2.171950   
 167  	1.6219    	-1.906324   
 168  	1.6317    	-2.093824   
 169  	1.6414    	-2.031324   
 170  	1.6512    	-1.859454   
 171  	1.6610    	-2.000074   
 172  	1.6707    	-2.062574   
 173  	1.6805    	-2.390700   
 174  	1.6903    	-2.265700   
 175  	1.7000    	-2.421950   
 176  	1.7098    	-2.484451   
 177  	1.7196    	-2.312575   
 178  	1.7294    	-2.296950   
 179  	1.7391    	-2.328200   
 180  	1.7489    	-2.328200   
 181  	1.7587    	-2.171950   
 182  	1.7684    	-2.046949   
 183  	1.7782    	-1.953199   
 184  	1.7880    	-1.937574   
 185  	1.7978    	-2.125074   
 186  	1.8075    	-2.109449   
 187  	1.8173    	-2.343825   
 188  	1.8271    	-2.281325   
 189  	1.8368    	-2.093824   
 190  	1.8466    	-2.187575   
 191  	1.8564    	-2.265700   
 192  	1.8661    	-2.078199   
 193  	1.8759    	-1.937574   
 194  	1.8857    	-2.203200   
 195  	1.8955    	-2.109449   
 196  	1.9052    	-2.078199   
 197  	1.9150    	-2.218825   
 198  	1.9248    	-2.046949   
 199  	1.9345    	-2.000074   
 200  	1.9443    	-2.187575   
 201  	1.9541    	-2.125074   
 202  	1.9638    	-1.984449   
 203  	1.9736    	-2.093824   
 204  	1.9834    	-1.953199   
 205  	1.9932    	-2.015699   
 206  	2.0029    	-2.281325   
 207  	2.0127    	-2.234450   
 208  	2.0225    	-2.156324   
 209  	2.0322    	-2.140699   
 210  	2.0420    	-1.937574   
 211  	2.0518    	-1.859454   
 212  	2.0616    	-2.015699   
 213  	2.0713    	-2.109449   
 214  	2.0811    	-2.218825   
 215  	2.0909    	-2.250075   
 216  	2.1006    	-2.140699   
 217  	2.1104    	-2.046949   
 218  	2.1202    	-2.078199   
 219  	2.1299    	-1.937574   
 220  	2.1397    	-2.218825   
 221  	2.1495    	-2.109449   
 222  	2.1593    	-1.984449   
 223  	2.1690    	-2.218825   
 224  	2.1788    	-2.156324   
 225  	2.1886    	-2.093824   
 226  	2.1983    	-2.171950   
 227  	2.2081    	-2.156324   
 228  	2.2179    	-1.937574   
 229  	2.2277    	-2.312575   
 230  	2.2374    	-2.125074   
 231  	2.2472    	-2.390700   
 232  	2.2570    	-1.953199   
 233  	2.2667    	-2.046949   
 234  	2.2765    	-2.140699   
 235  	2.2863    	-2.109449   
 236  	2.2960    	-1.906324   
 237  	2.3058    	-2.140699   
 238  	2.3156    	-2.250075   
 239  	2.3254    	-2.421950   
 240  	2.3351    	-2.312575   
 241  	2.3449    	-2.171950   
 242  	2.3547    	-2.312575   
 243  	2.3644    	-2.062574   
 244  	2.3742    	-2.171950   
 245  	2.3840    	-2.156324   
 246  	2.3937    	-2.000074   
 247  	2.4035    	-2.171950   
 248  	2.4133    	-2.343825   
 249  	2.4231    	-2.312575   
 250  	2.4328    	-2.296950   
 251  	2.4426    	-2.234450   
 252  	2.4524    	-2.000074   
 253  	2.4621    	-2.265700   
 254  	2.4719    	-2.390700   
 255  	2.4817    	-2.421950   
 256  	2.4915    	-1.921949   
 257  	2.5012    	-1.937574   
 258  	2.5110    	-2.156324   
 259  	2.5208    	-2.078199   
 260  	2.5305    	-2.296950   
 261  	2.5403    	-2.281325   
 262  	2.5501    	-2.015699   
 263  	2.5598    	-2.281325   
 264  	2.5696    	-2.015699   
 265  	2.5794    	-2.203200   
 266  	2.5892    	-2.218825   
 267  	2.5989    	-2.234450   
 268  	2.6087    	-2.171950   
 269  	2.6185    	-2.109449   
 270  	2.6282    	-2.109449   
 271  	2.6380    	-2.109449   
 272  	2.6478    	-2.093824   
 273  	2.6575    	-2.125074   
 274  	2.6673    	-2.187575   
 275  	2.6771    	-2.093824   
 276  	2.6869    	-1.953199   
 277  	2.6966    	-2.031324   
 278  	2.7064    	-1.984449   
 279  	2.7162    	-2.078199   
 280  	2.7259    	-2.031324   
 281  	2.7357    	-2.125074   
 282  	2.7455    	-2.296950   
 283  	2.7553    	-2.156324   
 284  	2.7650    	-2.234450   
 285  	2.7748    	-2.187575   
 286  	2.7846    	-2.250075   
 287  	2.7943    	-2.093824   
 288  	2.8041    	-2.078199   
 289  	2.8139    	-1.968824   
 290  	2.8236    	-1.984449   
 291  	2.8334    	-2.093824   
 292  	2.8432    	-2.109449   
 293  	2.8530    	-2.140699   
 294  	2.8627    	-2.140699   
 295  	2.8725    	-2.078199   
 296  	2.8823    	-2.203200   
 297  	2.8920    	-2.390700   
 298  	2.9018    	-2.312575   
 299  	2.9116    	-2.140699   
 300  	2.9213    	-2.250075   
 301  	2.9311    	-2.250075   
 302  	2.9409    	-2.250075   
 303  	2.9507    	-2.062574   
 304  	2.9604    	-2.171950   
 305  	2.9702    	-2.046949   
 306  	2.9800    	-1.906324   
 307  	2.9897    	-2.093824   
 308  	2.9995    	-2.265700   
 309  	3.0093    	-2.312575   
 310  	3.0191    	-2.359450   
 311  	3.0288    	-2.484451   
 312  	3.0386    	-2.265700   
 313  	3.0484    	-2.359450   
 314  	3.0581    	-2.171950   
 315  	3.0679    	-2.109449   
 316  	3.0777    	-2.250075   
 317  	3.0874    	-2.156324   
 318  	3.0972    	-2.218825   
 319  	3.1070    	-1.953199   
 320  	3.1168    	-2.187575   
 321  	3.1265    	-2.031324   
 322  	3.1363    	-1.968824   
 323  	3.1461    	-2.078199   
 324  	3.1558    	-1.937574   
 325  	3.1656    	-2.156324   
 326  	3.1754    	-2.312575   
 327  	3.1851    	-2.125074   
 328  	3.1949    	-1.921949   
 329  	3.2047    	-2.000074   
 330  	3.2145    	-1.828204   
 331  	3.2242    	-2.250075   
 332  	3.2340    	-2.390700   
 333  	3.2438    	-2.515701   
 334  	3.2535    	-2.265700   
 335  	3.2633    	-2.375075   
 336  	3.2731    	-2.281325   
 337  	3.2829    	-2.390700   
 338  	3.2926    	-2.359450   
 339  	3.3024    	-2.031324   
 340  	3.3122    	-2.000074   
 341  	3.3219    	-2.296950   
 342  	3.3317    	-2.125074   
 343  	3.3415    	-1.984449   
 344  	3.3512    	-2.265700   
 345  	3.3610    	-1.921949   
 346  	3.3708    	-1.937574   
 347  	3.3806    	-2.031324   
 348  	3.3903    	-2.218825   
 349  	3.4001    	-1.812579   
 350  	3.4099    	-1.812579   
 351  	3.4196    	-1.937574   
 352  	3.4294    	-2.187575   
 353  	3.4392    	-2.125074   
 354  	3.4489    	-2.140699   
 355  	3.4587    	-2.234450   
 356  	3.4685    	-2.078199   
 357  	3.4783    	-2.046949   
 358  	3.4880    	-2.109449   
 359  	3.4978    	-2.218825   
 360  	3.5076    	-2.265700   
 361  	3.5173    	-2.140699   
 362  	3.5271    	-2.234450   
 363  	3.5369    	-2.140699   
 364  	3.5467    	-1.906324   
 365  	3.5564    	-1.937574   
 366  	3.5662    	-2.046949   
 367  	3.5760    	-2.328200   
 368  	3.5857    	-2.281325   
 369  	3.5955    	-1.968824   
 370  	3.6053    	-2.031324   
 371  	3.6150    	-2.171950   
 372  	3.6248    	-1.968824   
 373  	3.6346    	-2.140699   
 374  	3.6444    	-2.031324   
 375  	3.6541    	-2.062574   
 376  	3.6639    	-2.093824   
 377  	3.6737    	-2.062574   
 378  	3.6834    	-1.906324   
 379  	3.6932    	-2.078199   
 380  	3.7030    	-2.000074   
 381  	3.7128    	-2.093824   
 382  	3.7225    	-2.171950   
 383  	3.7323    	-2.125074   
 384  	3.7421    	-2.062574   
 385  	3.7518    	-2.250075   
 386  	3.7616    	-2.218825   
 387  	3.7714    	-2.250075   
 388  	3.7811    	-2.375075   
 389  	3.7909    	-2.109449   
 390  	3.8007    	-2.093824   
 391  	3.8105    	-2.125074   
 392  	3.8202    	-2.171950   
 393  	3.8300    	-1.859454   
 394  	3.8398    	-2.171950   
 395  	3.8495    	-2.296950   
 396  	3.8593    	-1.953199   
 397  	3.8691    	-2.109449   
 398  	3.8788    	-2.140699   
 399  	3.8886    	-2.265700   
 400  	3.8984    	-2.265700   
 401  	3.9082    	-2.187575   
 402  	3.9179    	-2.484451   
 403  	3.9277    	-2.390700   
 404  	3.9375    	-2.093824   
 405  	3.9472    	-2.078199   
 406  	3.9570    	-2.250075   
 407  	3.9668    	-2.265700   
 408  	3.9766    	-2.156324   
 409  	3.9863    	-2.218825   
 410  	3.9961    	-2.125074   
 411  	4.0059    	-2.234450   
 412  	4.0156    	-2.187575   
 413  	4.0254    	-2.125074   
 414  	4.0352    	-1.921949   
 415  	4.0449    	-2.281325   
 416  	4.0547    	-2.203200   
 417  	4.0645    	-2.031324   
 418  	4.0743    	-1.812579   
 419  	4.0840    	-1.906324   
 420  	4.0938    	-2.000074   
 421  	4.1036    	-1.812579   
 422  	4.1133    	-2.140699   
 423  	4.1231    	-2.234450   
 424  	4.1329    	-2.281325   
 425  	4.1426    	-1.937574   
 426  	4.1524    	-2.093824   
 427  	4.1622    	-1.921949   
 428  	4.1720    	-1.984449   
 429  	4.1817    	-2.000074   
 430  	4.1915    	-1.937574   
 431  	4.2013    	-2.140699   
 432  	4.2110    	-2.078199   
 433  	4.2208    	-2.265700   
 434  	4.2306    	-1.812579   
 435  	4.2404    	-2.062574   
 436  	4.2501    	-2.031324   
 437  	4.2599    	-1.921949   
 438  	4.2697    	-2.093824   
 439  	4.2794    	-2.093824   
 440  	4.2892    	-2.234450   
 441  	4.2990    	-1.656328   
 442  	4.3087    	-1.812579   
 443  	4.3185    	-2.015699   
 444  	4.3283    	-2.031324   
 445  	4.3381    	-2.093824   
 446  	4.3478    	-2.062574   
 447  	4.3576    	-2.093824   
 448  	4.3674    	-1.937574   
 449  	4.3771    	-2.109449   
 450  	4.3869    	-2.140699   
 451  	4.3967    	-1.921949   
 452  	4.4064    	-2.187575   
 453  	4.4162    	-2.328200   
 454  	4.4260    	-2.203200   
 455  	4.4358    	-2.250075   
 456  	4.4455    	-2.125074   
 457  	4.4553    	-2.484451   
 458  	4.4651    	-2.265700   
 459  	4.4748    	-2.171950   
 460  	4.4846    	-2.187575   
 461  	4.4944    	-2.296950   
 462  	4.5042    	-2.140699   
 463  	4.5139    	-2.343825   
 464  	4.5237    	-2.281325   
 465  	4.5335    	-2.343825   
 466  	4.5432    	-2.156324   
 467  	4.5530    	-1.875074   
 468  	4.5628    	-1.828204   
 469  	4.5725    	-2.109449   
 470  	4.5823    	-1.843829   
 471  	4.5921    	-2.203200   
 472  	4.6019    	-2.265700   
 473  	4.6116    	-2.156324   
 474  	4.6214    	-2.203200   
 475  	4.6312    	-2.250075   
 476  	4.6409    	-2.359450   
 477  	4.6507    	-2.312575   
 478  	4.6605    	-2.046949   
 479  	4.6702    	-2.312575   
 480  	4.6800    	-2.078199   
 481  	4.6898    	-2.140699   
 482  	4.6996    	-2.109449   
 483  	4.7093    	-2.125074   
 484  	4.7191    	-2.203200   
 485  	4.7289    	-2.109449   
 486  	4.7386    	-2.078199   
 487  	4.7484    	-2.218825   
 488  	4.7582    	-2.281325   
 489  	4.7680    	-2.078199   
 490  	4.7777    	-2.171950   
 491  	4.7875    	-2.265700   
 492  	4.7973    	-2.265700   
 493  	4.8070    	-2.281325   
 494  	4.8168    	-2.265700   
 495  	4.8266    	-2.421950   
 496  	4.8363    	-2.250075   
 497  	4.8461    	-2.375075   
 498  	4.8559    	-2.203200   
 499  	4.8657    	-2.046949   
 500  	4.8754    	-2.015699   
 501  	4.8852    	-2.250075   
 502  	4.8950    	-2.265700   
 503  	4.9047    	-2.140699   
 504  	4.9145    	-2.437575   
 505  	4.9243    	-2.421950   
 506  	4.9341    	-2.187575   
 507  	4.9438    	-2.046949   
 508  	4.9536    	-2.343825   
 509  	4.9634    	-1.906324   
 510  	4.9731    	-2.062574   
 511  	4.9829    	-2.281325   
 512  	4.9927    	-2.312575   
 513  	5.0024    	-2.203200   
 514  	5.0122    	-2.171950   
 515  	5.0220    	-2.234450   
 516  	5.0318    	-1.906324   
 517  	5.0415    	-2.125074   
 518  	5.0513    	-2.265700   
 519  	5.0611    	-2.000074   
 520  	5.0708    	-2.281325   
 521  	5.0806    	-2.015699   
 522  	5.0904    	-2.250075   
 523  	5.1001    	-2.093824   
 524  	5.1099    	-2.500076   
 525  	5.1197    	-2.312575   
 526  	5.1295    	-2.046949   
 527  	5.1392    	-1.968824   
 528  	5.1490    	-1.843829   
 529  	5.1588    	-2.171950   
 530  	5.1685    	-2.031324   
 531  	5.1783    	-2.234450   
 532  	5.1881    	-2.234450   
 533  	5.1979    	-2.359450   
 534  	5.2076    	-2.140699   
 535  	5.2174    	-2.250075   
 536  	5.2272    	-2.218825   
 537  	5.2369    	-2.328200   
 538  	5.2467    	-2.296950   
 539  	5.2565    	-2.156324   
 540  	5.2662    	-2.187575   
 541  	5.2760    	-2.343825   
 542  	5.2858    	-2.343825   
 543  	5.2956    	-2.140699   
 544  	5.3053    	-2.046949   
 545  	5.3151    	-2.187575   
 546  	5.3249    	-2.187575   
 547  	5.3346    	-2.234450   
 548  	5.3444    	-2.250075   
 549  	5.3542    	-2.484451   
 550  	5.3639    	-2.375075   
 551  	5.3737    	-2.375075   
 552  	5.3835    	-2.171950   
 553  	5.3933    	-2.203200   
 554  	5.4030    	-2.156324   
 555  	5.4128    	-2.187575   
 556  	5.4226    	-2.453201   
 557  	5.4323    	-2.234450   
 558  	5.4421    	-2.250075   
 559  	5.4519    	-2.281325   
 560  	5.4617    	-2.140699   
 561  	5.4714    	-2.593826   
 562  	5.4812    	-3.656388   
 563  	5.4910    	-7.015821   
 564  	5.5007    	-17.344255  
 565  	5.5105    	-39.079239  
 566  	5.5203    	-69.642593  
 567  	5.5300    	-107.940506 
 568  	5.5398    	-138.753860 
 569  	5.5496    	-152.097977 
 570  	5.5594    	-146.894669 
 571  	5.5691    	-131.784927 
 572  	5.5789    	-118.222000 
 573  	5.5887    	-105.065445 
 574  	5.5984    	-88.924332  
 575  	5.6082    	-68.095657  
 576  	5.6180    	-48.579483  
 577  	5.6277    	-35.875992  
 578  	5.6375    	-30.125868  
 579  	5.6473    	-27.953934  
 580  	5.6571    	-25.297625  
 581  	5.6668    	-21.891253  
 582  	5.6766    	-20.797440  
 583  	5.6864    	-22.313124  
 584  	5.6961    	-24.297564  
 585  	5.7059    	-25.282000  
 586  	5.7157    	-23.610060  
 587  	5.7255    	-20.094313  
 588  	5.7352    	-16.375504  
 589  	5.7450    	-13.797258  
 590  	5.7548    	-12.719130  
 591  	5.7645    	-11.656568  
 592  	5.7743    	-10.000322  
 593  	5.7841    	-10.015947  
 594  	5.7938    	-12.734755  
 595  	5.8036    	-16.906754  
 596  	5.8134    	-19.328690  
 597  	5.8232    	-17.453627  
 598  	5.8329    	-13.719132  
 599  	5.8427    	-10.015947  
 600  	5.8525    	-7.890882   
 601  	5.8622    	-5.890823   
 602  	5.8720    	-3.375137   
 603  	5.8818    	-1.437577   
 604  	5.8915    	-1.593828   
 605  	5.9013    	-3.765763   
 606  	5.9111    	-6.578325   
 607  	5.9209    	-7.750257   
 608  	5.9306    	-7.015821   
 609  	5.9404    	-6.031448   
 610  	5.9502    	-4.781386   
 611  	5.9599    	-3.578262   
 612  	5.9697    	-1.687578   
 613  	5.9795    	-0.812517   
 614  	5.9893    	-0.984451   
 615  	5.9990    	-2.812577   
 616  	6.0088    	-4.968887   
 617  	6.0186    	-7.015821   
 618  	6.0283    	-8.219008   
 619  	6.0381    	-7.781507   
 620  	6.0479    	-6.453325   
 621  	6.0576    	-5.078262   
 622  	6.0674    	-3.765763   
 623  	6.0772    	-2.671951   
 624  	6.0870    	-2.468826   
 625  	6.0967    	-3.203261   
 626  	6.1065    	-4.578260   
 627  	6.1163    	-6.140824   
 628  	6.1260    	-7.765882   
 629  	6.1358    	-8.297133   
 630  	6.1456    	-7.953382   
 631  	6.1553    	-7.312697   
 632  	6.1651    	-6.297074   
 633  	6.1749    	-5.359571   
 634  	6.1847    	-4.359509   
 635  	6.1944    	-3.672013   
 636  	6.2042    	-3.906389   
 637  	6.2140    	-4.937637   
 638  	6.2237    	-4.703261   
 639  	6.2335    	-2.859452   
 640  	6.2433    	-1.296952   
 641  	6.2531    	-1.140701   
 642  	6.2628    	-1.187576   
 643  	6.2726    	-0.703142   
 644  	6.2824    	0.437487    
 645  	6.2921    	0.515612    
 646  	6.3019    	-1.000076   
 647  	6.3117    	-2.703201   
 648  	6.3214    	-3.797013   
 649  	6.3312    	-3.875138   
 650  	6.3410    	-3.687638   
 651  	6.3508    	-3.406387   
 652  	6.3605    	-3.140761   
 653  	6.3703    	-2.781327   
 654  	6.3801    	-2.046949   
 655  	6.3898    	-1.390702   
 656  	6.3996    	-0.968826   
 657  	6.4094    	-1.203202   
 658  	6.4192    	-2.125074   
 659  	6.4289    	-2.421950   
 660  	6.4387    	-2.625076   
 661  	6.4485    	-2.453201   
 662  	6.4582    	-2.734452   
 663  	6.4680    	-3.078261   
 664  	6.4778    	-3.062577   
 665  	6.4875    	-2.000074   
 666  	6.4973    	-1.562578   
 667  	6.5071    	-1.781328   
 668  	6.5169    	-1.484452   
 669  	6.5266    	-1.546953   
 670  	6.5364    	-1.265702   
 671  	6.5462    	-1.578203   
 672  	6.5559    	-2.421950   
 673  	6.5657    	-2.687576   
 674  	6.5755    	-2.265700   
 675  	6.5852    	-2.140699   
 676  	6.5950    	-2.812577   
 677  	6.6048    	-2.484451   
 678  	6.6146    	-1.640703   
 679  	6.6243    	-1.531328   
 680  	6.6341    	-1.500077   
 681  	6.6439    	-1.828204   
 682  	6.6536    	-1.781328   
 683  	6.6634    	-1.750078   
 684  	6.6732    	-1.500077   
 685  	6.6830    	-1.859454   
 686  	6.6927    	-2.093824   
 687  	6.7025    	-2.000074   
 688  	6.7123    	-1.250077   
 689  	6.7220    	-1.093826   
 690  	6.7318    	-1.671953   
 691  	6.7416    	-2.171950   
 692  	6.7513    	-1.828204   
 693  	6.7611    	-1.593828   
 694  	6.7709    	-1.687578   
 695  	6.7807    	-2.093824   
 696  	6.7904    	-1.906324   
 697  	6.8002    	-1.593828   
 698  	6.8100    	-1.578203   
 699  	6.8197    	-1.656328   
 700  	6.8295    	-1.171951   
 701  	6.8393    	-0.687517   
 702  	6.8490    	-0.359391   
 703  	6.8588    	-0.812517   
 704  	6.8686    	-1.765703   
 705  	6.8784    	-1.937574   
 706  	6.8881    	-1.656328   
 707  	6.8979    	-2.093824   
 708  	6.9077    	-2.703201   
 709  	6.9174    	-2.468826   
 710  	6.9272    	-1.718828   
 711  	6.9370    	-0.656267   
 712  	6.9468    	-0.562516   
 713  	6.9565    	-1.500077   
 714  	6.9663    	-2.140699   
 715  	6.9761    	-1.953199   
 716  	6.9858    	-1.531328   
 717  	6.9956    	-1.734453   
 718  	7.0054    	-1.984449   
 719  	7.0151    	-1.937574   
 720  	7.0249    	-0.843767   
 721  	7.0347    	-0.328140   
 722  	7.0445    	-0.875075   
 723  	7.0542    	-1.625078   
 724  	7.0640    	-1.593828   
 725  	7.0738    	-1.078201   
 726  	7.0835    	-1.093826   
 727  	7.0933    	-1.937574   
 728  	7.1031    	-2.078199   
 729  	7.1128    	-1.765703   
 730  	7.1226    	-1.500077   
 731  	7.1324    	-1.250077   
 732  	7.1422    	-1.312577   
 733  	7.1519    	-1.531328   
 734  	7.1617    	-1.640703   
 735  	7.1715    	-1.453202   
 736  	7.1812    	-1.500077   
 737  	7.1910    	-1.718828   
 738  	7.2008    	-1.781328   
 739  	7.2106    	-1.390702   
 740  	7.2203    	-1.312577   
 741  	7.2301    	-1.125076   
 742  	7.2399    	-1.187576   
 743  	7.2496    	-1.250077   
 744  	7.2594    	-1.640703   
 745  	7.2692    	-1.703203   
 746  	7.2789    	-1.265702   
 747  	7.2887    	-0.921951   
 748  	7.2985    	-1.187576   
 749  	7.3083    	-1.281327   
 750  	7.3180    	-1.234452   
 751  	7.3278    	-1.531328   
 752  	7.3376    	-1.515703   
 753  	7.3473    	-1.218827   
 754  	7.3571    	-1.203202   
 755  	7.3669    	-1.171951   
 756  	7.3766    	-1.062576   
 757  	7.3864    	-0.593766   
 758  	7.3962    	-0.359391   
 759  	7.4060    	-1.140701   
 760  	7.4157    	-1.859454   
 761  	7.4255    	-1.875074   
 762  	7.4353    	-1.234452   
 763  	7.4450    	-0.890700   
 764  	7.4548    	-0.937576   
 765  	7.4646    	-1.578203   
 766  	7.4744    	-1.703203   
 767  	7.4841    	-1.171951   
 768  	7.4939    	-0.609391   
 769  	7.5037    	-1.156326   
 770  	7.5134    	-1.640703   
 771  	7.5232    	-1.515703   
 772  	7.5330    	-0.828142   
 773  	7.5427    	-0.609391   
 774  	7.5525    	-0.968826   
 775  	7.5623    	-1.734453   
 776  	7.5721    	-1.687578   
 777  	7.5818    	-0.875075   
 778  	7.5916    	-0.328140   
 779  	7.6014    	-0.828142   
 780  	7.6111    	-1.515703   
 781  	7.6209    	-1.515703   
 782  	7.6307    	-1.156326   
 783  	7.6404    	-0.906326   
 784  	7.6502    	-1.328202   
 785  	7.6600    	-1.484452   
 786  	7.6698    	-1.437577   
 787  	7.6795    	-1.015701   
 788  	7.6893    	-0.953201   
 789  	7.6991    	-1.250077   
 790  	7.7088    	-1.453202   
 791  	7.7186    	-1.468827   
 792  	7.7284    	-1.312577   
 793  	7.7382    	-1.281327   
 794  	7.7479    	-1.296952   
 795  	7.7577    	-1.296952   
 796  	7.7675    	-1.046951   
 797  	7.7772    	-1.093826   
 798  	7.7870    	-1.078201   
 799  	7.7968    	-0.828142   
 800  	7.8065    	-0.750017   
 801  	7.8163    	-1.125076   
 802  	7.8261    	-1.140701   
 803  	7.8359    	-0.953201   
 804  	7.8456    	-0.453141   
 805  	7.8554    	-0.812517   
 806  	7.8652    	-1.437577   
 807  	7.8749    	-1.531328   
 808  	7.8847    	-0.875075   
 809  	7.8945    	-0.343766   
 810  	7.9043    	-0.531266   
 811  	7.9140    	-1.375077   
 812  	7.9238    	-1.828204   
 813  	7.9336    	-1.140701   
 814  	7.9433    	-0.656267   
 815  	7.9531    	-0.812517   
 816  	7.9629    	-1.156326   
 817  	7.9726    	-1.531328   
 818  	7.9824    	-1.171951   
 819  	7.9922    	-0.765642   
 820  	8.0020    	-0.578141   
 821  	8.0117    	-0.953201   
 822  	8.0215    	-1.625078   
 823  	8.0313    	-1.671953   
 824  	8.0410    	-1.000076   
 825  	8.0508    	-0.609391   
 826  	8.0606    	-1.046951   
 827  	8.0703    	-1.281327   
 828  	8.0801    	-1.140701   
 829  	8.0899    	-0.687517   
 830  	8.0997    	-0.812517   
 831  	8.1094    	-0.953201   
 832  	8.1192    	-1.468827   
 833  	8.1290    	-1.578203   
 834  	8.1387    	-0.906326   
 835  	8.1485    	-0.875075   
 836  	8.1583    	-0.703142   
 837  	8.1681    	-0.734392   
 838  	8.1778    	-1.046951   
 839  	8.1876    	-0.890700   
 840  	8.1974    	-0.703142   
 841  	8.2071    	-1.000076   
 842  	8.2169    	-1.109451   
 843  	8.2267    	-0.984451   
 844  	8.2364    	-0.843767   
 845  	8.2462    	-0.750017   
 846  	8.2560    	-0.750017   
 847  	8.2658    	-0.984451   
 848  	8.2755    	-1.015701   
 849  	8.2853    	-1.218827   
 850  	8.2951    	-0.718767   
 851  	8.3048    	-0.515641   
 852  	8.3146    	-0.531266   
 853  	8.3244    	-1.078201   
 854  	8.3341    	-1.093826   
 855  	8.3439    	-0.578141   
 856  	8.3537    	-0.578141   
 857  	8.3635    	-0.890700   
 858  	8.3732    	-1.515703   
 859  	8.3830    	-1.093826   
 860  	8.3928    	-0.687517   
 861  	8.4025    	-0.468766   
 862  	8.4123    	-0.796892   
 863  	8.4221    	-1.218827   
 864  	8.4319    	-1.031326   
 865  	8.4416    	-0.890700   
 866  	8.4514    	-0.625017   
 867  	8.4612    	-0.953201   
 868  	8.4709    	-0.906326   
 869  	8.4807    	-1.015701   
 870  	8.4905    	-1.015701   
 871  	8.5002    	-0.968826   
 872  	8.5100    	-0.890700   
 873  	8.5198    	-1.078201   
 874  	8.5296    	-0.843767   
 875  	8.5393    	-0.859450   
 876  	8.5491    	-0.796892   
 877  	8.5589    	-0.906326   
 878  	8.5686    	-1.015701   
 879  	8.5784    	-0.859450   
 880  	8.5882    	-1.046951   
 881  	8.5979    	-0.625017   
 882  	8.6077    	-0.843767   
 883  	8.6175    	-1.312577   
 884  	8.6273    	-0.921951   
 885  	8.6370    	-0.671892   
 886  	8.6468    	-0.687517   
 887  	8.6566    	-0.781267   
 888  	8.6663    	-1.171951   
 889  	8.6761    	-0.906326   
 890  	8.6859    	-1.078201   
 891  	8.6957    	-0.828142   
 892  	8.7054    	-1.109451   
 893  	8.7152    	-1.140701   
 894  	8.7250    	-1.093826   
 895  	8.7347    	-1.015701   
 896  	8.7445    	-0.734392   
 897  	8.7543    	-0.734392   
 898  	8.7640    	-0.765642   
 899  	8.7738    	-0.843767   
 900  	8.7836    	-0.781267   
 901  	8.7934    	-0.531266   
 902  	8.8031    	-0.515641   
 903  	8.8129    	-0.906326   
 904  	8.8227    	-0.765642   
 905  	8.8324    	-0.890700   
 906  	8.8422    	-0.703142   
 907  	8.8520    	-0.578141   
 908  	8.8617    	-0.812517   
 909  	8.8715    	-0.984451   
 910  	8.8813    	-0.828142   
 911  	8.8911    	-0.640642   
 912  	8.9008    	-0.562516   
 913  	8.9106    	-0.656267   
 914  	8.9204    	-1.031326   
 915  	8.9301    	-0.843767   
 916  	8.9399    	-0.718767   
 917  	8.9497    	-0.390641   
 918  	8.9595    	-0.500016   
 919  	8.9692    	-0.953201   
 920  	8.9790    	-0.828142   
 921  	8.9888    	-0.765642   
 922  	8.9985    	-0.875075   
 923  	9.0083    	-0.953201   
 924  	9.0181    	-1.031326   
 925  	9.0278    	-1.062576   
 926  	9.0376    	-0.718767   
 927  	9.0474    	-0.734392   
 928  	9.0572    	-0.640642   
 929  	9.0669    	-1.093826   
 930  	9.0767    	-1.171951   
 931  	9.0865    	-1.078201   
 932  	9.0962    	-0.687517   
 933  	9.1060    	-0.671892   
 934  	9.1158    	-0.953201   
 935  	9.1256    	-0.812517   
 936  	9.1353    	-0.687517   
 937  	9.1451    	-0.718767   
 938  	9.1549    	-0.718767   
 939  	9.1646    	-1.156326   
 940  	9.1744    	-1.156326   
 941  	9.1842    	-0.875075   
 942  	9.1939    	-0.609391   
 943  	9.2037    	-0.859450   
 944  	9.2135    	-0.953201   
 945  	9.2233    	-1.000076   
 946  	9.2330    	-0.859450   
 947  	9.2428    	-0.671892   
 948  	9.2526    	-0.812517   
 949  	9.2623    	-1.015701   
 950  	9.2721    	-0.921951   
 951  	9.2819    	-0.718767   
 952  	9.2916    	-0.843767   
 953  	9.3014    	-0.953201   
 954  	9.3112    	-0.890700   
 955  	9.3210    	-0.718767   
 956  	9.3307    	-0.656267   
 957  	9.3405    	-0.656267   
 958  	9.3503    	-0.859450   
 959  	9.3600    	-1.125076   
 960  	9.3698    	-0.953201   
 961  	9.3796    	-0.609391   
 962  	9.3894    	-0.593766   
 963  	9.3991    	-0.859450   
 964  	9.4089    	-0.750017   
 965  	9.4187    	-0.875075   
 966  	9.4284    	-0.687517   
 967  	9.4382    	-1.000076   
 968  	9.4480    	-0.796892   
 969  	9.4577    	-0.796892   
 970  	9.4675    	-0.843767   
 971  	9.4773    	-1.125076   
 972  	9.4871    	-0.906326   
 973  	9.4968    	-0.859450   
 974  	9.5066    	-0.843767   
 975  	9.5164    	-0.875075   
 976  	9.5261    	-0.750017   
 977  	9.5359    	-0.984451   
 978  	9.5457    	-0.484391   
 979  	9.5554    	-0.625017   
 980  	9.5652    	-0.750017   
 981  	9.5750    	-0.921951   
 982  	9.5848    	-0.828142   
 983  	9.5945    	-0.812517   
 984  	9.6043    	-0.546891   
 985  	9.6141    	-0.843767   
 986  	9.6238    	-0.750017   
 987  	9.6336    	-0.656267   
 988  	9.6434    	-0.593766   
 989  	9.6532    	-0.625017   
 990  	9.6629    	-1.015701   
 991  	9.6727    	-0.781267   
 992  	9.6825    	-0.750017   
 993  	9.6922    	-0.515641   
 994  	9.7020    	-0.750017   
 995  	9.7118    	-0.859450   
 996  	9.7215    	-0.921951   
 997  	9.7313    	-0.875075   
 998  	9.7411    	-0.750017   
 999  	9.7509    	-0.718767   
 1000 	9.7606    	-0.687517   
 1001 	9.7704    	-0.625017   
 1002 	9.7802    	-0.687517   
 1003 	9.7899    	-0.546891   
 1004 	9.7997    	-0.781267   
 1005 	9.8095    	-0.984451   
 1006 	9.8192    	-0.750017   
 1007 	9.8290    	-0.703142   
 1008 	9.8388    	-0.500016   
 1009 	9.8486    	-0.843767   
 1010 	9.8583    	-0.953201   
 1011 	9.8681    	-0.890700   
 1012 	9.8779    	-0.812517   
 1013 	9.8876    	-0.859450   
 1014 	9.8974    	-0.781267   
 1015 	9.9072    	-0.765642   
 1016 	9.9170    	-0.609391   
 1017 	9.9267    	-0.734392   
 1018 	9.9365    	-0.750017   
 1019 	9.9463    	-0.937576   
 1020 	9.9560    	-1.046951   
 1021 	9.9658    	-1.187576   
 1022 	9.9756    	-0.921951   
 1023 	9.9853    	-0.828142   
 1024 	9.9951    	-0.718767   
 1025 	10.0049   	-1.031326   
 1026 	10.0147   	-1.265702   
 1027 	10.0244   	-0.953201   
 1028 	10.0342   	-0.968826   
 1029 	10.0440   	-0.968826   
 1030 	10.0537   	-0.859450   
 1031 	10.0635   	-0.796892   
 1032 	10.0733   	-0.812517   
 1033 	10.0830   	-0.812517   
 1034 	10.0928   	-0.718767   
 1035 	10.1026   	-0.906326   
 1036 	10.1124   	-0.609391   
 1037 	10.1221   	-0.718767   
 1038 	10.1319   	-0.812517   
 1039 	10.1417   	-0.859450   
 1040 	10.1514   	-1.000076   
 1041 	10.1612   	-0.875075   
 1042 	10.1710   	-0.953201   
 1043 	10.1808   	-0.968826   
 1044 	10.1905   	-0.640642   
 1045 	10.2003   	-0.828142   
 1046 	10.2101   	-0.671892   
 1047 	10.2198   	-1.031326   
 1048 	10.2296   	-1.062576   
 1049 	10.2394   	-1.062576   
 1050 	10.2491   	-0.921951   
 1051 	10.2589   	-1.140701   
 1052 	10.2687   	-0.968826   
 1053 	10.2785   	-0.953201   
 1054 	10.2882   	-1.093826   
 1055 	10.2980   	-0.921951   
 1056 	10.3078   	-1.078201   
 1057 	10.3175   	-0.875075   
 1058 	10.3273   	-0.750017   
 1059 	10.3371   	-1.109451   
 1060 	10.3468   	-1.078201   
 1061 	10.3566   	-1.078201   
 1062 	10.3664   	-1.093826   
 1063 	10.3762   	-1.031326   
 1064 	10.3859   	-0.953201   
 1065 	10.3957   	-0.984451   
 1066 	10.4055   	-1.031326   
 1067 	10.4152   	-0.953201   
 1068 	10.4250   	-0.875075   
 1069 	10.4348   	-1.062576   
 1070 	10.4446   	-1.078201   
 1071 	10.4543   	-0.984451   
 1072 	10.4641   	-0.984451   
 1073 	10.4739   	-1.218827   
 1074 	10.4836   	-1.296952   
 1075 	10.4934   	-1.281327   
 1076 	10.5032   	-1.171951   
 1077 	10.5129   	-1.390702   
 1078 	10.5227   	-1.453202   
 1079 	10.5325   	-1.656328   
 1080 	10.5423   	-1.359452   
 1081 	10.5520   	-1.515703   
 1082 	10.5618   	-1.718828   
 1083 	10.5716   	-1.921949   
 1084 	10.5813   	-2.250075   
 1085 	10.5911   	-2.250075   
 1086 	10.6009   	-2.484451   
 1087 	10.6107   	-2.625076   
 1088 	10.6204   	-2.906327   
 1089 	10.6302   	-3.078261   
 1090 	10.6400   	-3.093886   
 1091 	10.6497   	-3.125136   
 1092 	10.6595   	-3.062577   
 1093 	10.6693   	-3.172011   
 1094 	10.6790   	-3.375137   
 1095 	10.6888   	-3.140761   
 1096 	10.6986   	-3.031327   
 1097 	10.7084   	-2.859452   
 1098 	10.7181   	-2.671951   
 1099 	10.7279   	-2.656326   
 1100 	10.7377   	-2.656326   
 1101 	10.7474   	-2.812577   
 1102 	10.7572   	-2.921952   
 1103 	10.7670   	-2.734452   
 1104 	10.7767   	-2.656326   
 1105 	10.7865   	-2.656326   
 1106 	10.7963   	-2.765702   
 1107 	10.8061   	-2.531326   
 1108 	10.8158   	-2.812577   
 1109 	10.8256   	-2.625076   
 1110 	10.8354   	-2.718826   
 1111 	10.8451   	-2.812577   
 1112 	10.8549   	-2.359450   
 1113 	10.8647   	-2.484451   
 1114 	10.8745   	-2.609451   
 1115 	10.8842   	-2.703201   
 1116 	10.8940   	-2.484451   
 1117 	10.9038   	-2.718826   
 1118 	10.9135   	-2.578201   
 1119 	10.9233   	-2.875077   
 1120 	10.9331   	-2.812577   
 1121 	10.9428   	-2.984452   
 1122 	10.9526   	-2.812577   
 1123 	10.9624   	-2.984452   
 1124 	10.9722   	-2.734452   
 1125 	10.9819   	-2.765702   
 1126 	10.9917   	-2.906327   
 1127 	11.0015   	-2.921952   
 1128 	11.0112   	-2.859452   
 1129 	11.0210   	-3.062577   
 1130 	11.0308   	-3.015702   
 1131 	11.0405   	-2.734452   
 1132 	11.0503   	-2.875077   
 1133 	11.0601   	-2.906327   
 1134 	11.0699   	-2.734452   
 1135 	11.0796   	-2.625076   
 1136 	11.0894   	-2.546951   
 1137 	11.0992   	-2.515701   
 1138 	11.1089   	-2.671951   
 1139 	11.1187   	-2.781327   
 1140 	11.1285   	-2.656326   
 1141 	11.1383   	-2.765702   
 1142 	11.1480   	-2.500076   
 1143 	11.1578   	-2.781327   
 1144 	11.1676   	-2.812577   
 1145 	11.1773   	-2.781327   
 1146 	11.1871   	-2.390700   
 1147 	11.1969   	-2.453201   
 1148 	11.2066   	-2.625076   
 1149 	11.2164   	-2.609451   
 1150 	11.2262   	-2.656326   
 1151 	11.2360   	-2.562576   
 1152 	11.2457   	-2.703201   
 1153 	11.2555   	-2.468826   
 1154 	11.2653   	-2.578201   
 1155 	11.2750   	-2.625076   
 1156 	11.2848   	-2.453201   
 1157 	11.2946   	-2.468826   
 1158 	11.3043   	-2.890702   
 1159 	11.3141   	-2.531326   
 1160 	11.3239   	-2.453201   
 1161 	11.3337   	-2.421950   
 1162 	11.3434   	-2.625076   
 1163 	11.3532   	-2.562576   
 1164 	11.3630   	-2.562576   
 1165 	11.3727   	-2.640701   
 1166 	11.3825   	-2.531326   
 1167 	11.3923   	-2.484451   
 1168 	11.4021   	-2.453201   
 1169 	11.4118   	-2.671951   
 1170 	11.4216   	-2.812577   
 1171 	11.4314   	-2.531326   
 1172 	11.4411   	-2.468826   
 1173 	11.4509   	-2.796952   
 1174 	11.4607   	-2.843827   
 1175 	11.4704   	-2.562576   
 1176 	11.4802   	-2.562576   
 1177 	11.4900   	-2.609451   
 1178 	11.4998   	-2.671951   
 1179 	11.5095   	-2.500076   
 1180 	11.5193   	-2.734452   
 1181 	11.5291   	-2.750077   
 1182 	11.5388   	-2.437575   
 1183 	11.5486   	-2.312575   
 1184 	11.5584   	-2.265700   
 1185 	11.5681   	-2.078199   
 1186 	11.5779   	-2.375075   
 1187 	11.5877   	-2.218825   
 1188 	11.5975   	-2.250075   
 1189 	11.6072   	-2.265700   
 1190 	11.6170   	-1.875074   
 1191 	11.6268   	-1.906324   
 1192 	11.6365   	-1.843829   
 1193 	11.6463   	-2.250075   
 1194 	11.6561   	-1.984449   
 1195 	11.6659   	-1.906324   
 1196 	11.6756   	-2.000074   
 1197 	11.6854   	-1.906324   
 1198 	11.6952   	-1.921949   
 1199 	11.7049   	-1.890699   
 1200 	11.7147   	-2.046949   
 1201 	11.7245   	-2.125074   
 1202 	11.7342   	-2.031324   
 1203 	11.7440   	-1.953199   
 1204 	11.7538   	-1.828204   
 1205 	11.7636   	-1.703203   
 1206 	11.7733   	-1.812579   
 1207 	11.7831   	-1.671953   
 1208 	11.7929   	-1.687578   
 1209 	11.8026   	-1.562578   
 1210 	11.8124   	-1.781328   
 1211 	11.8222   	-1.656328   
 1212 	11.8319   	-1.765703   
 1213 	11.8417   	-1.531328   
 1214 	11.8515   	-1.468827   
 1215 	11.8613   	-1.890699   
 1216 	11.8710   	-1.734453   
 1217 	11.8808   	-1.828204   
 1218 	11.8906   	-1.578203   
 1219 	11.9003   	-1.703203   
 1220 	11.9101   	-1.578203   
 1221 	11.9199   	-1.609453   
 1222 	11.9297   	-1.437577   
 1223 	11.9394   	-1.437577   
 1224 	11.9492   	-1.359452   
 1225 	11.9590   	-1.593828   
 1226 	11.9687   	-1.703203   
 1227 	11.9785   	-1.578203   
 1228 	11.9883   	-1.671953   
 1229 	11.9980   	-1.593828   
 1230 	12.0078   	-1.531328   
 1231 	12.0176   	-1.671953   
 1232 	12.0274   	-1.515703   
 1233 	12.0371   	-1.171951   
 1234 	12.0469   	-1.171951   
 1235 	12.0567   	-1.328202   
 1236 	12.0664   	-1.281327   
 1237 	12.0762   	-1.218827   
 1238 	12.0860   	-1.437577   
 1239 	12.0958   	-1.437577   
 1240 	12.1055   	-1.171951   
 1241 	12.1153   	-1.281327   
 1242 	12.1251   	-0.984451   
 1243 	12.1348   	-1.281327   
 1244 	12.1446   	-1.171951   
 1245 	12.1544   	-1.109451   
 1246 	12.1641   	-1.062576   
 1247 	12.1739   	-1.125076   
 1248 	12.1837   	-0.906326   
 1249 	12.1935   	-1.156326   
 1250 	12.2032   	-1.093826   
 1251 	12.2130   	-1.109451   
 1252 	12.2228   	-0.781267   
 1253 	12.2325   	-1.312577   
 1254 	12.2423   	-1.078201   
 1255 	12.2521   	-1.078201   
 1256 	12.2618   	-0.984451   
 1257 	12.2716   	-1.093826   
 1258 	12.2814   	-1.062576   
 1259 	12.2912   	-1.031326   
 1260 	12.3009   	-0.703142   
 1261 	12.3107   	-1.031326   
 1262 	12.3205   	-1.312577   
 1263 	12.3302   	-1.000076   
 1264 	12.3400   	-1.046951   
 1265 	12.3498   	-0.890700   
 1266 	12.3596   	-0.953201   
 1267 	12.3693   	-1.125076   
 1268 	12.3791   	-1.187576   
 1269 	12.3889   	-1.312577   
 1270 	12.3986   	-1.171951   
 1271 	12.4084   	-1.078201   
 1272 	12.4182   	-1.125076   
 1273 	12.4279   	-1.078201   
 1274 	12.4377   	-1.125076   
 1275 	12.4475   	-0.953201   
 1276 	12.4573   	-1.265702   
 1277 	12.4670   	-1.140701   
 1278 	12.4768   	-1.171951   
 1279 	12.4866   	-1.296952   
 1280 	12.4963   	-1.250077   
 1281 	12.5061   	-1.265702   
 1282 	12.5159   	-1.218827   
 1283 	12.5256   	-1.078201   
 1284 	12.5354   	-0.953201   
 1285 	12.5452   	-0.843767   
 1286 	12.5550   	-0.968826   
 1287 	12.5647   	-1.031326   
 1288 	12.5745   	-1.015701   
 1289 	12.5843   	-1.156326   
 1290 	12.5940   	-1.109451   
 1291 	12.6038   	-0.984451   
 1292 	12.6136   	-0.906326   
 1293 	12.6234   	-0.796892   
 1294 	12.6331   	-0.906326   
 1295 	12.6429   	-0.984451   
 1296 	12.6527   	-1.218827   
 1297 	12.6624   	-1.109451   
 1298 	12.6722   	-1.078201   
 1299 	12.6820   	-1.031326   
 1300 	12.6917   	-0.984451   
 1301 	12.7015   	-0.968826   
 1302 	12.7113   	-1.109451   
 1303 	12.7211   	-1.187576   
 1304 	12.7308   	-1.265702   
 1305 	12.7406   	-1.140701   
 1306 	12.7504   	-1.000076   
 1307 	12.7601   	-1.187576   
 1308 	12.7699   	-1.125076   
 1309 	12.7797   	-1.093826   
 1310 	12.7894   	-1.343827   
 1311 	12.7992   	-1.125076   
 1312 	12.8090   	-1.218827   
 1313 	12.8188   	-1.218827   
 1314 	12.8285   	-0.968826   
 1315 	12.8383   	-1.078201   
 1316 	12.8481   	-1.187576   
 1317 	12.8578   	-1.281327   
 1318 	12.8676   	-0.890700   
 1319 	12.8774   	-1.046951   
 1320 	12.8872   	-1.140701   
 1321 	12.8969   	-1.406327   
 1322 	12.9067   	-1.125076   
 1323 	12.9165   	-1.250077   
 1324 	12.9262   	-1.031326   
 1325 	12.9360   	-1.046951   
 1326 	12.9458   	-1.000076   
 1327 	12.9555   	-1.109451   
 1328 	12.9653   	-1.156326   
 1329 	12.9751   	-1.093826   
 1330 	12.9849   	-1.125076   
 1331 	12.9946   	-1.046951   
 1332 	13.0044   	-0.890700   
 1333 	13.0142   	-1.046951   
 1334 	13.0239   	-0.937576   
 1335 	13.0337   	-0.890700   
 1336 	13.0435   	-0.734392   
 1337 	13.0532   	-0.718767   
 1338 	13.0630   	-0.937576   
 1339 	13.0728   	-0.750017   
 1340 	13.0826   	-0.812517   
 1341 	13.0923   	-0.906326   
 1342 	13.1021   	-0.734392   
 1343 	13.1119   	-0.734392   
 1344 	13.1216   	-0.968826   
 1345 	13.1314   	-0.765642   
 1346 	13.1412   	-0.812517   
 1347 	13.1510   	-0.875075   
 1348 	13.1607   	-0.875075   
 1349 	13.1705   	-0.718767   
 1350 	13.1803   	-0.703142   
 1351 	13.1900   	-1.078201   
 1352 	13.1998   	-0.875075   
 1353 	13.2096   	-0.718767   
 1354 	13.2193   	-0.703142   
 1355 	13.2291   	-0.843767   
 1356 	13.2389   	-0.843767   
 1357 	13.2487   	-0.781267   
 1358 	13.2584   	-1.046951   
 1359 	13.2682   	-1.000076   
 1360 	13.2780   	-0.984451   
 1361 	13.2877   	-0.796892   
 1362 	13.2975   	-0.906326   
 1363 	13.3073   	-1.031326   
 1364 	13.3170   	-0.890700   
 1365 	13.3268   	-0.781267   
 1366 	13.3366   	-0.640642   
 1367 	13.3464   	-0.859450   
 1368 	13.3561   	-0.984451   
 1369 	13.3659   	-1.000076   
 1370 	13.3757   	-0.968826   
 1371 	13.3854   	-1.156326   
 1372 	13.3952   	-1.109451   
 1373 	13.4050   	-1.062576   
 1374 	13.4148   	-0.968826   
 1375 	13.4245   	-1.234452   
 1376 	13.4343   	-1.078201   
 1377 	13.4441   	-1.250077   
 1378 	13.4538   	-1.125076   
 1379 	13.4636   	-1.265702   
 1380 	13.4734   	-1.203202   
 1381 	13.4831   	-1.015701   
 1382 	13.4929   	-1.218827   
 1383 	13.5027   	-1.312577   
 1384 	13.5125   	-1.312577   
 1385 	13.5222   	-1.234452   
 1386 	13.5320   	-1.562578   
 1387 	13.5418   	-1.359452   
 1388 	13.5515   	-1.343827   
 1389 	13.5613   	-1.421952   
 1390 	13.5711   	-1.468827   
 1391 	13.5809   	-1.296952   
 1392 	13.5906   	-1.125076   
 1393 	13.6004   	-1.343827   
 1394 	13.6102   	-1.156326   
 1395 	13.6199   	-1.375077   
 1396 	13.6297   	-1.468827   
 1397 	13.6395   	-1.421952   
 1398 	13.6492   	-1.593828   
 1399 	13.6590   	-1.625078   
 1400 	13.6688   	-1.703203   
 1401 	13.6786   	-1.484452   
 1402 	13.6883   	-1.546953   
 1403 	13.6981   	-1.421952   
 1404 	13.7079   	-1.343827   
 1405 	13.7176   	-1.390702   
 1406 	13.7274   	-1.656328   
 1407 	13.7372   	-1.453202   
 1408 	13.7469   	-1.359452   
 1409 	13.7567   	-1.796954   
 1410 	13.7665   	-1.734453   
 1411 	13.7763   	-1.828204   
 1412 	13.7860   	-1.562578   
 1413 	13.7958   	-1.781328   
 1414 	13.8056   	-1.796954   
 1415 	13.8153   	-1.750078   
 1416 	13.8251   	-1.687578   
 1417 	13.8349   	-1.750078   
 1418 	13.8447   	-1.437577   
 1419 	13.8544   	-1.390702   
 1420 	13.8642   	-1.437577   
 1421 	13.8740   	-1.656328   
 1422 	13.8837   	-1.562578   
 1423 	13.8935   	-1.687578   
 1424 	13.9033   	-1.593828   
 1425 	13.9130   	-1.796954   
 1426 	13.9228   	-1.593828   
 1427 	13.9326   	-1.734453   
 1428 	13.9424   	-1.703203   
 1429 	13.9521   	-1.718828   
 1430 	13.9619   	-1.890699   
 1431 	13.9717   	-1.765703   
 1432 	13.9814   	-1.812579   
 1433 	13.9912   	-1.953199   
 1434 	14.0010   	-1.875074   
 1435 	14.0107   	-1.875074   
 1436 	14.0205   	-1.906324   
 1437 	14.0303   	-1.875074   
 1438 	14.0401   	-1.609453   
 1439 	14.0498   	-1.843829   
 1440 	14.0596   	-1.796954   
 1441 	14.0694   	-1.921949   
 1442 	14.0791   	-1.828204   
 1443 	14.0889   	-1.703203   
 1444 	14.0987   	-1.968824   
 1445 	14.1085   	-1.468827   
 1446 	14.1182   	-1.625078   
 1447 	14.1280   	-1.468827   
 1448 	14.1378   	-1.703203   
 1449 	14.1475   	-1.375077   
 1450 	14.1573   	-1.703203   
 1451 	14.1671   	-1.921949   
 1452 	14.1768   	-1.734453   
 1453 	14.1866   	-1.640703   
 1454 	14.1964   	-1.703203   
 1455 	14.2062   	-1.890699   
 1456 	14.2159   	-1.812579   
 1457 	14.2257   	-1.703203   
 1458 	14.2355   	-2.031324   
 1459 	14.2452   	-1.750078   
 1460 	14.2550   	-1.906324   
 1461 	14.2648   	-2.031324   
 1462 	14.2745   	-1.953199   
 1463 	14.2843   	-1.796954   
 1464 	14.2941   	-1.765703   
 1465 	14.3039   	-1.765703   
 1466 	14.3136   	-1.625078   
 1467 	14.3234   	-1.593828   
 1468 	14.3332   	-1.593828   
 1469 	14.3429   	-1.781328   
 1470 	14.3527   	-1.828204   
 1471 	14.3625   	-1.703203   
 1472 	14.3723   	-1.781328   
 1473 	14.3820   	-1.781328   
 1474 	14.3918   	-1.656328   
 1475 	14.4016   	-1.593828   
 1476 	14.4113   	-1.578203   
 1477 	14.4211   	-1.687578   
 1478 	14.4309   	-1.765703   
 1479 	14.4406   	-1.906324   
 1480 	14.4504   	-1.625078   
 1481 	14.4602   	-1.781328   
 1482 	14.4700   	-1.796954   
 1483 	14.4797   	-1.718828   
 1484 	14.4895   	-1.468827   
 1485 	14.4993   	-1.640703   
 1486 	14.5090   	-1.734453   
 1487 	14.5188   	-1.718828   
 1488 	14.5286   	-1.640703   
 1489 	14.5383   	-1.484452   
 1490 	14.5481   	-1.468827   
 1491 	14.5579   	-1.312577   
 1492 	14.5677   	-1.625078   
 1493 	14.5774   	-1.671953   
 1494 	14.5872   	-1.546953   
 1495 	14.5970   	-1.234452   
 1496 	14.6067   	-1.250077   
 1497 	14.6165   	-1.375077   
 1498 	14.6263   	-1.421952   
 1499 	14.6361   	-1.640703   
 1500 	14.6458   	-1.625078   
 1501 	14.6556   	-1.328202   
 1502 	14.6654   	-1.125076   
 1503 	14.6751   	-1.312577   
 1504 	14.6849   	-1.375077   
 1505 	14.6947   	-1.500077   
 1506 	14.7044   	-1.515703   
 1507 	14.7142   	-1.609453   
 1508 	14.7240   	-1.640703   
 1509 	14.7338   	-1.578203   
 1510 	14.7435   	-1.390702   
 1511 	14.7533   	-1.437577   
 1512 	14.7631   	-1.500077   
 1513 	14.7728   	-1.625078   
 1514 	14.7826   	-1.531328   
 1515 	14.7924   	-1.375077   
 1516 	14.8022   	-1.328202   
 1517 	14.8119   	-1.406327   
 1518 	14.8217   	-1.171951   
 1519 	14.8315   	-1.125076   
 1520 	14.8412   	-1.328202   
 1521 	14.8510   	-1.406327   
 1522 	14.8608   	-1.343827   
 1523 	14.8705   	-1.359452   
 1524 	14.8803   	-1.390702   
 1525 	14.8901   	-1.515703   
 1526 	14.8999   	-1.359452   
 1527 	14.9096   	-1.515703   
 1528 	14.9194   	-1.296952   
 1529 	14.9292   	-1.406327   
 1530 	14.9389   	-1.562578   
 1531 	14.9487   	-1.484452   
 1532 	14.9585   	-1.468827   
 1533 	14.9682   	-1.390702   
 1534 	14.9780   	-1.390702   
 1535 	14.9878   	-1.562578   
 1536 	14.9976   	-1.500077   
 1537 	15.0073   	-1.625078   
 1538 	15.0171   	-1.578203   
 1539 	15.0269   	-1.390702   
 1540 	15.0366   	-1.203202   
 1541 	15.0464   	-1.640703   
 1542 	15.0562   	-1.375077   
 1543 	15.0660   	-1.703203   
 1544 	15.0757   	-1.765703   
 1545 	15.0855   	-1.734453   
 1546 	15.0953   	-1.484452   
 1547 	15.1050   	-1.390702   
 1548 	15.1148   	-1.375077   
 1549 	15.1246   	-1.343827   
 1550 	15.1343   	-1.625078   
 1551 	15.1441   	-1.671953   
 1552 	15.1539   	-1.562578   
 1553 	15.1637   	-1.390702   
 1554 	15.1734   	-1.093826   
 1555 	15.1832   	-1.312577   
 1556 	15.1930   	-1.390702   
 1557 	15.2027   	-1.359452   
 1558 	15.2125   	-1.234452   
 1559 	15.2223   	-1.312577   
 1560 	15.2320   	-1.453202   
 1561 	15.2418   	-1.609453   
 1562 	15.2516   	-1.812579   
 1563 	15.2614   	-1.734453   
 1564 	15.2711   	-1.562578   
 1565 	15.2809   	-1.421952   
 1566 	15.2907   	-1.281327   
 1567 	15.3004   	-1.468827   
 1568 	15.3102   	-1.375077   
 1569 	15.3200   	-1.484452   
 1570 	15.3298   	-1.250077   
 1571 	15.3395   	-1.265702   
 1572 	15.3493   	-1.453202   
 1573 	15.3591   	-1.390702   
 1574 	15.3688   	-1.250077   
 1575 	15.3786   	-1.125076   
 1576 	15.3884   	-1.343827   
 1577 	15.3981   	-1.343827   
 1578 	15.4079   	-1.328202   
 1579 	15.4177   	-1.171951   
 1580 	15.4275   	-0.968826   
 1581 	15.4372   	-1.062576   
 1582 	15.4470   	-1.093826   
 1583 	15.4568   	-1.031326   
 1584 	15.4665   	-1.359452   
 1585 	15.4763   	-1.250077   
 1586 	15.4861   	-1.093826   
 1587 	15.4958   	-0.953201   
 1588 	15.5056   	-1.000076   
 1589 	15.5154   	-0.953201   
 1590 	15.5252   	-1.015701   
 1591 	15.5349   	-0.906326   
 1592 	15.5447   	-1.000076   
 1593 	15.5545   	-1.250077   
 1594 	15.5642   	-1.125076   
 1595 	15.5740   	-1.140701   
 1596 	15.5838   	-1.234452   
 1597 	15.5936   	-1.187576   
 1598 	15.6033   	-1.015701   
 1599 	15.6131   	-1.265702   
 1600 	15.6229   	-0.859450   
 1601 	15.6326   	-1.109451   
 1602 	15.6424   	-0.953201   
 1603 	15.6522   	-1.000076   
 1604 	15.6619   	-1.312577   
 1605 	15.6717   	-1.078201   
 1606 	15.6815   	-1.437577   
 1607 	15.6913   	-1.187576   
 1608 	15.7010   	-1.468827   
 1609 	15.7108   	-0.953201   
 1610 	15.7206   	-1.000076   
 1611 	15.7303   	-1.015701   
 1612 	15.7401   	-1.015701   
 1613 	15.7499   	-1.250077   
 1614 	15.7596   	-1.109451   
 1615 	15.7694   	-0.890700   
 1616 	15.7792   	-0.828142   
 1617 	15.7890   	-1.093826   
 1618 	15.7987   	-0.984451   
 1619 	15.8085   	-1.078201   
 1620 	15.8183   	-0.593766   
 1621 	15.8280   	-0.828142   
 1622 	15.8378   	-1.000076   
 1623 	15.8476   	-0.953201   
 1624 	15.8574   	-0.875075   
 1625 	15.8671   	-0.968826   
 1626 	15.8769   	-0.828142   
 1627 	15.8867   	-0.875075   
 1628 	15.8964   	-0.781267   
 1629 	15.9062   	-0.953201   
 1630 	15.9160   	-1.062576   
 1631 	15.9257   	-1.265702   
 1632 	15.9355   	-1.406327   
 1633 	15.9453   	-1.140701   
 1634 	15.9551   	-0.890700   
 1635 	15.9648   	-0.984451   
 1636 	15.9746   	-0.968826   
 1637 	15.9844   	-0.984451   
 1638 	15.9941   	-0.906326   
 1639 	16.0039   	-1.125076   
 1640 	16.0137   	-0.906326   
 1641 	16.0234   	-0.984451   
 1642 	16.0332   	-1.031326   
 1643 	16.0430   	-1.140701   
 1644 	16.0528   	-1.062576   
 1645 	16.0625   	-1.062576   
 1646 	16.0723   	-1.031326   
 1647 	16.0821   	-1.281327   
 1648 	16.0918   	-1.156326   
 1649 	16.1016   	-1.093826   
 1650 	16.1114   	-1.046951   
 1651 	16.1212   	-1.000076   
 1652 	16.1309   	-1.125076   
 1653 	16.1407   	-0.718767   
 1654 	16.1505   	-0.843767   
 1655 	16.1602   	-1.109451   
 1656 	16.1700   	-1.031326   
 1657 	16.1798   	-1.046951   
 1658 	16.1895   	-1.187576   
 1659 	16.1993   	-1.046951   
 1660 	16.2091   	-1.265702   
 1661 	16.2189   	-1.156326   
 1662 	16.2286   	-1.203202   
 1663 	16.2384   	-1.312577   
 1664 	16.2482   	-1.375077   
 1665 	16.2579   	-1.453202   
 1666 	16.2677   	-1.656328   
 1667 	16.2775   	-1.343827   
 1668 	16.2873   	-1.421952   
 1669 	16.2970   	-1.156326   
 1670 	16.3068   	-1.312577   
 1671 	16.3166   	-1.515703   
 1672 	16.3263   	-1.500077   
 1673 	16.3361   	-1.562578   
 1674 	16.3459   	-1.656328   
 1675 	16.3556   	-1.562578   
 1676 	16.3654   	-1.218827   
 1677 	16.3752   	-1.343827   
 1678 	16.3850   	-1.562578   
 1679 	16.3947   	-1.484452   
 1680 	16.4045   	-1.781328   
 1681 	16.4143   	-1.796954   
 1682 	16.4240   	-1.796954   
 1683 	16.4338   	-1.890699   
 1684 	16.4436   	-1.953199   
 1685 	16.4533   	-1.765703   
 1686 	16.4631   	-1.781328   
 1687 	16.4729   	-1.906324   
 1688 	16.4827   	-1.937574   
 1689 	16.4924   	-2.046949   
 1690 	16.5022   	-1.921949   
 1691 	16.5120   	-1.859454   
 1692 	16.5217   	-1.796954   
 1693 	16.5315   	-1.875074   
 1694 	16.5413   	-1.546953   
 1695 	16.5511   	-1.546953   
 1696 	16.5608   	-1.765703   
 1697 	16.5706   	-1.843829   
 1698 	16.5804   	-1.921949   
 1699 	16.5901   	-1.953199   
 1700 	16.5999   	-1.875074   
 1701 	16.6097   	-1.843829   
 1702 	16.6194   	-2.171950   
 1703 	16.6292   	-1.875074   
 1704 	16.6390   	-1.859454   
 1705 	16.6488   	-1.625078   
 1706 	16.6585   	-1.828204   
 1707 	16.6683   	-1.468827   
 1708 	16.6781   	-1.562578   
 1709 	16.6878   	-1.734453   
 1710 	16.6976   	-1.859454   
 1711 	16.7074   	-1.750078   
 1712 	16.7171   	-1.906324   
 1713 	16.7269   	-1.671953   
 1714 	16.7367   	-1.406327   
 1715 	16.7465   	-1.640703   
 1716 	16.7562   	-1.546953   
 1717 	16.7660   	-1.812579   
 1718 	16.7758   	-1.750078   
 1719 	16.7855   	-1.703203   
 1720 	16.7953   	-1.578203   
 1721 	16.8051   	-1.718828   
 1722 	16.8149   	-1.625078   
 1723 	16.8246   	-1.781328   
 1724 	16.8344   	-1.375077   
 1725 	16.8442   	-1.546953   
 1726 	16.8539   	-1.406327   
 1727 	16.8637   	-1.500077   
 1728 	16.8735   	-1.390702   
 1729 	16.8832   	-1.312577   
 1730 	16.8930   	-1.531328   
 1731 	16.9028   	-1.656328   
 1732 	16.9126   	-1.453202   
 1733 	16.9223   	-1.609453   
 1734 	16.9321   	-1.781328   
 1735 	16.9419   	-1.625078   
 1736 	16.9516   	-1.609453   
 1737 	16.9614   	-1.640703   
 1738 	16.9712   	-1.578203   
 1739 	16.9809   	-1.593828   
 1740 	16.9907   	-1.593828   
 1741 	17.0005   	-1.515703   
 1742 	17.0103   	-1.437577   
 1743 	17.0200   	-1.468827   
 1744 	17.0298   	-1.437577   
 1745 	17.0396   	-1.390702   
 1746 	17.0493   	-1.437577   
 1747 	17.0591   	-1.375077   
 1748 	17.0689   	-1.421952   
 1749 	17.0787   	-1.281327   
 1750 	17.0884   	-1.484452   
 1751 	17.0982   	-1.187576   
 1752 	17.1080   	-1.156326   
 1753 	17.1177   	-0.906326   
 1754 	17.1275   	-1.187576   
 1755 	17.1373   	-1.187576   
 1756 	17.1470   	-1.328202   
 1757 	17.1568   	-1.531328   
 1758 	17.1666   	-1.343827   
 1759 	17.1764   	-1.390702   
 1760 	17.1861   	-1.375077   
 1761 	17.1959   	-1.375077   
 1762 	17.2057   	-1.468827   
 1763 	17.2154   	-1.296952   
 1764 	17.2252   	-1.296952   
 1765 	17.2350   	-1.515703   
 1766 	17.2447   	-1.593828   
 1767 	17.2545   	-1.546953   
 1768 	17.2643   	-1.281327   
 1769 	17.2741   	-1.343827   
 1770 	17.2838   	-1.453202   
 1771 	17.2936   	-1.562578   
 1772 	17.3034   	-1.500077   
 1773 	17.3131   	-1.750078   
 1774 	17.3229   	-1.546953   
 1775 	17.3327   	-1.593828   
 1776 	17.3425   	-1.500077   
 1777 	17.3522   	-1.593828   
 1778 	17.3620   	-1.750078   
 1779 	17.3718   	-1.625078   
 1780 	17.3815   	-1.500077   
 1781 	17.3913   	-1.437577   
 1782 	17.4011   	-1.453202   
 1783 	17.4108   	-1.328202   
 1784 	17.4206   	-1.656328   
 1785 	17.4304   	-1.687578   
 1786 	17.4402   	-1.515703   
 1787 	17.4499   	-1.390702   
 1788 	17.4597   	-1.375077   
 1789 	17.4695   	-1.500077   
 1790 	17.4792   	-1.296952   
 1791 	17.4890   	-1.187576   
 1792 	17.4988   	-1.484452   
 1793 	17.5085   	-1.265702   
 1794 	17.5183   	-1.437577   
 1795 	17.5281   	-1.562578   
 1796 	17.5379   	-1.375077   
 1797 	17.5476   	-1.375077   
 1798 	17.5574   	-1.484452   
 1799 	17.5672   	-1.640703   
 1800 	17.5769   	-1.296952   
 1801 	17.5867   	-1.421952   
 1802 	17.5965   	-1.375077   
 1803 	17.6063   	-1.187576   
 1804 	17.6160   	-1.515703   
 1805 	17.6258   	-1.296952   
 1806 	17.6356   	-1.375077   
 1807 	17.6453   	-1.437577   
 1808 	17.6551   	-1.343827   
 1809 	17.6649   	-1.171951   
 1810 	17.6746   	-1.484452   
 1811 	17.6844   	-1.593828   
 1812 	17.6942   	-1.656328   
 1813 	17.7040   	-1.531328   
 1814 	17.7137   	-1.328202   
 1815 	17.7235   	-1.312577   
 1816 	17.7333   	-1.421952   
 1817 	17.7430   	-1.500077   
 1818 	17.7528   	-1.468827   
 1819 	17.7626   	-1.312577   
 1820 	17.7724   	-1.078201   
 1821 	17.7821   	-1.421952   
 1822 	17.7919   	-1.578203   
 1823 	17.8017   	-1.515703   
 1824 	17.8114   	-1.406327   
 1825 	17.8212   	-1.281327   
 1826 	17.8310   	-1.171951   
 1827 	17.8407   	-1.437577   
 1828 	17.8505   	-1.484452   
 1829 	17.8603   	-1.296952   
 1830 	17.8701   	-1.343827   
 1831 	17.8798   	-1.296952   
 1832 	17.8896   	-1.421952   
 1833 	17.8994   	-1.359452   
 1834 	17.9091   	-1.093826   
 1835 	17.9189   	-1.234452   
 1836 	17.9287   	-1.312577   
 1837 	17.9384   	-1.171951   
 1838 	17.9482   	-1.343827   
 1839 	17.9580   	-1.421952   
 1840 	17.9678   	-1.359452   
 1841 	17.9775   	-1.312577   
 1842 	17.9873   	-1.296952   
 1843 	17.9971   	-1.468827   
 1844 	18.0068   	-1.453202   
 1845 	18.0166   	-1.171951   
 1846 	18.0264   	-1.281327   
 1847 	18.0362   	-1.265702   
 1848 	18.0459   	-1.359452   
 1849 	18.0557   	-1.187576   
 1850 	18.0655   	-1.468827   
 1851 	18.0752   	-1.250077   
 1852 	18.0850   	-1.203202   
 1853 	18.0948   	-1.093826   
 1854 	18.1045   	-1.093826   
 1855 	18.1143   	-1.171951   
 1856 	18.1241   	-1.406327   
 1857 	18.1339   	-1.062576   
 1858 	18.1436   	-1.234452   
 1859 	18.1534   	-1.062576   
 1860 	18.1632   	-1.000076   
 1861 	18.1729   	-1.093826   
 1862 	18.1827   	-0.859450   
 1863 	18.1925   	-1.109451   
 1864 	18.2022   	-1.078201   
 1865 	18.2120   	-1.296952   
 1866 	18.2218   	-1.484452   
 1867 	18.2316   	-1.437577   
 1868 	18.2413   	-1.375077   
 1869 	18.2511   	-1.453202   
 1870 	18.2609   	-1.265702   
 1871 	18.2706   	-1.484452   
 1872 	18.2804   	-1.468827   
 1873 	18.2902   	-1.203202   
 1874 	18.3000   	-1.156326   
 1875 	18.3097   	-1.093826   
 1876 	18.3195   	-1.328202   
 1877 	18.3293   	-1.250077   
 1878 	18.3390   	-1.343827   
 1879 	18.3488   	-1.453202   
 1880 	18.3586   	-1.453202   
 1881 	18.3683   	-1.312577   
 1882 	18.3781   	-0.984451   
 1883 	18.3879   	-1.187576   
 1884 	18.3977   	-1.000076   
 1885 	18.4074   	-1.390702   
 1886 	18.4172   	-1.906324   
 1887 	18.4270   	-1.406327   
 1888 	18.4367   	-1.359452   
 1889 	18.4465   	-1.453202   
 1890 	18.4563   	-1.406327   
 1891 	18.4660   	-1.546953   
 1892 	18.4758   	-1.234452   
 1893 	18.4856   	-1.171951   
 1894 	18.4954   	-1.328202   
 1895 	18.5051   	-1.265702   
 1896 	18.5149   	-1.468827   
 1897 	18.5247   	-1.359452   
 1898 	18.5344   	-1.406327   
 1899 	18.5442   	-1.234452   
 1900 	18.5540   	-1.062576   
 1901 	18.5638   	-1.234452   
 1902 	18.5735   	-1.234452   
 1903 	18.5833   	-1.109451   
 1904 	18.5931   	-1.140701   
 1905 	18.6028   	-1.250077   
 1906 	18.6126   	-1.453202   
 1907 	18.6224   	-1.281327   
 1908 	18.6321   	-1.234452   
 1909 	18.6419   	-1.250077   
 1910 	18.6517   	-1.390702   
 1911 	18.6615   	-1.171951   
 1912 	18.6712   	-1.421952   
 1913 	18.6810   	-1.437577   
 1914 	18.6908   	-1.265702   
 1915 	18.7005   	-1.343827   
 1916 	18.7103   	-1.390702   
 1917 	18.7201   	-1.093826   
 1918 	18.7298   	-1.421952   
 1919 	18.7396   	-1.515703   
 1920 	18.7494   	-1.562578   
 1921 	18.7592   	-1.437577   
 1922 	18.7689   	-1.453202   
 1923 	18.7787   	-1.296952   
 1924 	18.7885   	-1.078201   
 1925 	18.7982   	-1.343827   
 1926 	18.8080   	-1.500077   
 1927 	18.8178   	-1.484452   
 1928 	18.8276   	-1.296952   
 1929 	18.8373   	-1.453202   
 1930 	18.8471   	-1.281327   
 1931 	18.8569   	-1.218827   
 1932 	18.8666   	-0.968826   
 1933 	18.8764   	-1.218827   
 1934 	18.8862   	-1.265702   
 1935 	18.8959   	-1.468827   
 1936 	18.9057   	-1.562578   
 1937 	18.9155   	-1.437577   
 1938 	18.9253   	-1.093826   
 1939 	18.9350   	-1.218827   
 1940 	18.9448   	-1.312577   
 1941 	18.9546   	-1.281327   
 1942 	18.9643   	-1.359452   
 1943 	18.9741   	-1.390702   
 1944 	18.9839   	-1.156326   
 1945 	18.9937   	-1.203202   
 1946 	19.0034   	-1.250077   
 1947 	19.0132   	-1.093826   
 1948 	19.0230   	-1.500077   
 1949 	19.0327   	-1.390702   
 1950 	19.0425   	-1.484452   
 1951 	19.0523   	-1.421952   
 1952 	19.0620   	-1.500077   
 1953 	19.0718   	-1.234452   
 1954 	19.0816   	-1.453202   
 1955 	19.0914   	-1.421952   
 1956 	19.1011   	-1.515703   
 1957 	19.1109   	-1.531328   
 1958 	19.1207   	-1.312577   
 1959 	19.1304   	-1.406327   
 1960 	19.1402   	-1.531328   
 1961 	19.1500   	-1.656328   
 1962 	19.1597   	-1.546953   
 1963 	19.1695   	-1.578203   
 1964 	19.1793   	-1.343827   
 1965 	19.1891   	-1.390702   
 1966 	19.1988   	-1.109451   
 1967 	19.2086   	-1.312577   
 1968 	19.2184   	-1.343827   
 1969 	19.2281   	-1.609453   
 1970 	19.2379   	-1.250077   
 1971 	19.2477   	-1.375077   
 1972 	19.2575   	-1.421952   
 1973 	19.2672   	-1.234452   
 1974 	19.2770   	-1.281327   
 1975 	19.2868   	-1.437577   
 1976 	19.2965   	-1.484452   
 1977 	19.3063   	-1.468827   
 1978 	19.3161   	-1.390702   
 1979 	19.3258   	-1.421952   
 1980 	19.3356   	-1.375077   
 1981 	19.3454   	-1.437577   
 1982 	19.3552   	-1.390702   
 1983 	19.3649   	-1.296952   
 1984 	19.3747   	-1.406327   
 1985 	19.3845   	-1.140701   
 1986 	19.3942   	-1.421952   
 1987 	19.4040   	-1.500077   
 1988 	19.4138   	-1.609453   
 1989 	19.4235   	-1.453202   
 1990 	19.4333   	-1.500077   
 1991 	19.4431   	-1.421952   
 1992 	19.4529   	-1.453202   
 1993 	19.4626   	-1.328202   
 1994 	19.4724   	-1.671953   
 1995 	19.4822   	-1.328202   
 1996 	19.4919   	-1.546953   
 1997 	19.5017   	-1.578203   
 1998 	19.5115   	-1.203202   
 1999 	19.5213   	-1.281327   
 2000 	19.5310   	-1.515703   
 2001 	19.5408   	-1.515703   
 2002 	19.5506   	-1.500077   
 2003 	19.5603   	-1.453202   
 2004 	19.5701   	-1.625078   
 2005 	19.5799   	-1.406327   
 2006 	19.5896   	-1.500077   
 2007 	19.5994   	-1.234452   
 2008 	19.6092   	-1.359452   
 2009 	19.6190   	-1.312577   
 2010 	19.6287   	-1.484452   
 2011 	19.6385   	-1.546953   
 2012 	19.6483   	-1.437577   
 2013 	19.6580   	-1.390702   
 2014 	19.6678   	-1.281327   
 2015 	19.6776   	-1.515703   
 2016 	19.6873   	-1.531328   
 2017 	19.6971   	-1.484452   
 2018 	19.7069   	-1.593828   
 2019 	19.7167   	-1.468827   
 2020 	19.7264   	-1.484452   
 2021 	19.7362   	-1.593828   
 2022 	19.7460   	-1.625078   
 2023 	19.7557   	-1.609453   
 2024 	19.7655   	-1.656328   
 2025 	19.7753   	-1.515703   
 2026 	19.7851   	-1.500077   
 2027 	19.7948   	-1.562578   
 2028 	19.8046   	-1.234452   
 2029 	19.8144   	-1.156326   
 2030 	19.8241   	-1.109451   
 2031 	19.8339   	-1.312577   
 2032 	19.8437   	-1.328202   
 2033 	19.8534   	-1.281327   
 2034 	19.8632   	-1.093826   
 2035 	19.8730   	-1.390702   
 2036 	19.8828   	-1.296952   
 2037 	19.8925   	-1.359452   
 2038 	19.9023   	-1.250077   
 2039 	19.9121   	-1.390702   
 2040 	19.9218   	-1.296952   
 2041 	19.9316   	-1.375077   
 2042 	19.9414   	-1.328202   
 2043 	19.9511   	-1.406327   
 2044 	19.9609   	-1.171951   
 2045 	19.9707   	-1.421952   
 2046 	19.9805   	-1.453202   
 2047 	19.9902   	-1.250077   
 2048 	20.0000   	-1.531328   

