 1    	0.0000    	-2.093802   
 2    	0.0098    	-2.343802   
 3    	0.0195    	-2.593801   
 4    	0.0293    	-2.281302   
 5    	0.0391    	-2.218802   
 6    	0.0489    	-2.484427   
 7    	0.0586    	-2.125052   
 8    	0.0684    	-2.093802   
 9    	0.0782    	-2.078177   
 10   	0.0879    	-2.078177   
 11   	0.0977    	-2.093802   
 12   	0.1075    	-2.265677   
 13   	0.1172    	-2.406302   
 14   	0.1270    	-2.187551   
 15   	0.1368    	-2.171926   
 16   	0.1466    	-2.125052   
 17   	0.1563    	-2.234427   
 18   	0.1661    	-2.484427   
 19   	0.1759    	-2.218802   
 20   	0.1856    	-2.312551   
 21   	0.1954    	-2.484427   
 22   	0.2052    	-2.484427   
 23   	0.2149    	-2.203177   
 24   	0.2247    	-2.343802   
 25   	0.2345    	-2.234427   
 26   	0.2443    	-2.296927   
 27   	0.2540    	-2.343802   
 28   	0.2638    	-2.046926   
 29   	0.2736    	-2.093802   
 30   	0.2833    	-2.296927   
 31   	0.2931    	-2.281302   
 32   	0.3029    	-2.156302   
 33   	0.3127    	-2.203177   
 34   	0.3224    	-2.140677   
 35   	0.3322    	-2.109426   
 36   	0.3420    	-2.093802   
 37   	0.3517    	-2.000052   
 38   	0.3615    	-2.125052   
 39   	0.3713    	-2.171926   
 40   	0.3810    	-2.250051   
 41   	0.3908    	-2.218802   
 42   	0.4006    	-2.406302   
 43   	0.4104    	-2.265677   
 44   	0.4201    	-2.218802   
 45   	0.4299    	-2.234427   
 46   	0.4397    	-2.328176   
 47   	0.4494    	-2.515677   
 48   	0.4592    	-2.343802   
 49   	0.4690    	-2.296927   
 50   	0.4787    	-2.234427   
 51   	0.4885    	-2.265677   
 52   	0.4983    	-2.156302   
 53   	0.5081    	-2.375052   
 54   	0.5178    	-2.312551   
 55   	0.5276    	-1.906302   
 56   	0.5374    	-2.093802   
 57   	0.5471    	-2.296927   
 58   	0.5569    	-2.359427   
 59   	0.5667    	-2.234427   
 60   	0.5765    	-2.328176   
 61   	0.5862    	-2.203177   
 62   	0.5960    	-2.265677   
 63   	0.6058    	-2.484427   
 64   	0.6155    	-2.312551   
 65   	0.6253    	-2.156302   
 66   	0.6351    	-2.140677   
 67   	0.6448    	-2.171926   
 68   	0.6546    	-2.125052   
 69   	0.6644    	-2.187551   
 70   	0.6742    	-2.156302   
 71   	0.6839    	-2.218802   
 72   	0.6937    	-1.968802   
 73   	0.7035    	-1.968802   
 74   	0.7132    	-2.203177   
 75   	0.7230    	-2.140677   
 76   	0.7328    	-2.218802   
 77   	0.7426    	-2.171926   
 78   	0.7523    	-2.156302   
 79   	0.7621    	-2.218802   
 80   	0.7719    	-2.250051   
 81   	0.7816    	-2.265677   
 82   	0.7914    	-2.312551   
 83   	0.8012    	-2.296927   
 84   	0.8109    	-2.250051   
 85   	0.8207    	-2.296927   
 86   	0.8305    	-2.234427   
 87   	0.8403    	-1.859427   
 88   	0.8500    	-1.890677   
 89   	0.8598    	-2.109426   
 90   	0.8696    	-2.046926   
 91   	0.8793    	-1.812552   
 92   	0.8891    	-2.171926   
 93   	0.8989    	-2.203177   
 94   	0.9086    	-2.109426   
 95   	0.9184    	-2.078177   
 96   	0.9282    	-2.187551   
 97   	0.9380    	-2.328176   
 98   	0.9477    	-2.265677   
 99   	0.9575    	-2.015677   
 100  	0.9673    	-2.031301   
 101  	0.9770    	-2.218802   
 102  	0.9868    	-2.125052   
 103  	0.9966    	-2.187551   
 104  	1.0064    	-2.109426   
 105  	1.0161    	-2.296927   
 106  	1.0259    	-2.453176   
 107  	1.0357    	-2.375052   
 108  	1.0454    	-2.265677   
 109  	1.0552    	-2.281302   
 110  	1.0650    	-2.375052   
 111  	1.0747    	-2.078177   
 112  	1.0845    	-2.343802   
 113  	1.0943    	-2.375052   
 114  	1.1041    	-2.437552   
 115  	1.1138    	-2.296927   
 116  	1.1236    	-2.156302   
 117  	1.1334    	-2.000052   
 118  	1.1431    	-1.921927   
 119  	1.1529    	-2.078177   
 120  	1.1627    	-2.218802   
 121  	1.1724    	-2.156302   
 122  	1.1822    	-2.171926   
 123  	1.1920    	-2.171926   
 124  	1.2018    	-2.125052   
 125  	1.2115    	-2.390676   
 126  	1.2213    	-2.156302   
 127  	1.2311    	-2.265677   
 128  	1.2408    	-2.218802   
 129  	1.2506    	-2.218802   
 130  	1.2604    	-2.359427   
 131  	1.2702    	-2.531301   
 132  	1.2799    	-2.187551   
 133  	1.2897    	-2.140677   
 134  	1.2995    	-2.109426   
 135  	1.3092    	-2.203177   
 136  	1.3190    	-2.140677   
 137  	1.3288    	-2.218802   
 138  	1.3385    	-2.234427   
 139  	1.3483    	-2.296927   
 140  	1.3581    	-1.968802   
 141  	1.3679    	-2.031301   
 142  	1.3776    	-2.250051   
 143  	1.3874    	-2.187551   
 144  	1.3972    	-2.140677   
 145  	1.4069    	-2.171926   
 146  	1.4167    	-2.250051   
 147  	1.4265    	-2.171926   
 148  	1.4362    	-2.171926   
 149  	1.4460    	-2.218802   
 150  	1.4558    	-2.203177   
 151  	1.4656    	-2.484427   
 152  	1.4753    	-2.265677   
 153  	1.4851    	-2.093802   
 154  	1.4949    	-2.203177   
 155  	1.5046    	-2.406302   
 156  	1.5144    	-2.359427   
 157  	1.5242    	-2.218802   
 158  	1.5340    	-2.265677   
 159  	1.5437    	-2.234427   
 160  	1.5535    	-2.578177   
 161  	1.5633    	-2.296927   
 162  	1.5730    	-2.093802   
 163  	1.5828    	-1.953177   
 164  	1.5926    	-1.843802   
 165  	1.6023    	-1.906302   
 166  	1.6121    	-2.140677   
 167  	1.6219    	-2.171926   
 168  	1.6317    	-2.218802   
 169  	1.6414    	-1.984427   
 170  	1.6512    	-2.218802   
 171  	1.6610    	-2.125052   
 172  	1.6707    	-2.109426   
 173  	1.6805    	-2.046926   
 174  	1.6903    	-2.296927   
 175  	1.7000    	-2.421927   
 176  	1.7098    	-2.218802   
 177  	1.7196    	-2.265677   
 178  	1.7294    	-2.390676   
 179  	1.7391    	-2.250051   
 180  	1.7489    	-2.015677   
 181  	1.7587    	-2.140677   
 182  	1.7684    	-2.093802   
 183  	1.7782    	-2.125052   
 184  	1.7880    	-2.171926   
 185  	1.7978    	-2.406302   
 186  	1.8075    	-2.234427   
 187  	1.8173    	-2.140677   
 188  	1.8271    	-2.218802   
 189  	1.8368    	-2.406302   
 190  	1.8466    	-2.406302   
 191  	1.8564    	-2.218802   
 192  	1.8661    	-2.375052   
 193  	1.8759    	-2.000052   
 194  	1.8857    	-2.187551   
 195  	1.8955    	-2.234427   
 196  	1.9052    	-2.375052   
 197  	1.9150    	-2.343802   
 198  	1.9248    	-2.453176   
 199  	1.9345    	-2.265677   
 200  	1.9443    	-2.218802   
 201  	1.9541    	-2.328176   
 202  	1.9638    	-2.281302   
 203  	1.9736    	-2.437552   
 204  	1.9834    	-2.156302   
 205  	1.9932    	-2.218802   
 206  	2.0029    	-2.234427   
 207  	2.0127    	-2.093802   
 208  	2.0225    	-2.156302   
 209  	2.0322    	-2.281302   
 210  	2.0420    	-2.156302   
 211  	2.0518    	-1.906302   
 212  	2.0616    	-2.296927   
 213  	2.0713    	-2.203177   
 214  	2.0811    	-2.140677   
 215  	2.0909    	-2.359427   
 216  	2.1006    	-2.390676   
 217  	2.1104    	-2.515677   
 218  	2.1202    	-2.453176   
 219  	2.1299    	-2.125052   
 220  	2.1397    	-2.109426   
 221  	2.1495    	-2.078177   
 222  	2.1593    	-2.312551   
 223  	2.1690    	-2.125052   
 224  	2.1788    	-2.312551   
 225  	2.1886    	-2.375052   
 226  	2.1983    	-2.437552   
 227  	2.2081    	-2.328176   
 228  	2.2179    	-2.203177   
 229  	2.2277    	-2.453176   
 230  	2.2374    	-2.500052   
 231  	2.2472    	-2.218802   
 232  	2.2570    	-2.250051   
 233  	2.2667    	-2.187551   
 234  	2.2765    	-2.078177   
 235  	2.2863    	-2.156302   
 236  	2.2960    	-2.468801   
 237  	2.3058    	-2.328176   
 238  	2.3156    	-2.031301   
 239  	2.3254    	-2.281302   
 240  	2.3351    	-2.281302   
 241  	2.3449    	-2.281302   
 242  	2.3547    	-2.234427   
 243  	2.3644    	-2.046926   
 244  	2.3742    	-2.078177   
 245  	2.3840    	-2.156302   
 246  	2.3937    	-2.031301   
 247  	2.4035    	-2.218802   
 248  	2.4133    	-2.218802   
 249  	2.4231    	-2.187551   
 250  	2.4328    	-2.250051   
 251  	2.4426    	-2.156302   
 252  	2.4524    	-2.093802   
 253  	2.4621    	-2.109426   
 254  	2.4719    	-2.218802   
 255  	2.4817    	-2.296927   
 256  	2.4915    	-2.250051   
 257  	2.5012    	-2.234427   
 258  	2.5110    	-2.312551   
 259  	2.5208    	-2.250051   
 260  	2.5305    	-2.406302   
 261  	2.5403    	-2.359427   
 262  	2.5501    	-2.296927   
 263  	2.5598    	-2.265677   
 264  	2.5696    	-2.140677   
 265  	2.5794    	-1.859427   
 266  	2.5892    	-2.218802   
 267  	2.5989    	-2.093802   
 268  	2.6087    	-2.093802   
 269  	2.6185    	-2.140677   
 270  	2.6282    	-2.375052   
 271  	2.6380    	-2.234427   
 272  	2.6478    	-2.171926   
 273  	2.6575    	-2.359427   
 274  	2.6673    	-1.796927   
 275  	2.6771    	-1.953177   
 276  	2.6869    	-2.187551   
 277  	2.6966    	-2.140677   
 278  	2.7064    	-2.312551   
 279  	2.7162    	-2.265677   
 280  	2.7259    	-2.359427   
 281  	2.7357    	-2.125052   
 282  	2.7455    	-2.203177   
 283  	2.7553    	-2.109426   
 284  	2.7650    	-2.093802   
 285  	2.7748    	-2.187551   
 286  	2.7846    	-2.062552   
 287  	2.7943    	-2.234427   
 288  	2.8041    	-2.343802   
 289  	2.8139    	-2.328176   
 290  	2.8236    	-2.203177   
 291  	2.8334    	-2.531301   
 292  	2.8432    	-2.203177   
 293  	2.8530    	-2.328176   
 294  	2.8627    	-2.203177   
 295  	2.8725    	-2.312551   
 296  	2.8823    	-2.312551   
 297  	2.8920    	-2.093802   
 298  	2.9018    	-2.171926   
 299  	2.9116    	-2.312551   
 300  	2.9213    	-2.062552   
 301  	2.9311    	-2.093802   
 302  	2.9409    	-2.265677   
 303  	2.9507    	-2.140677   
 304  	2.9604    	-2.171926   
 305  	2.9702    	-2.203177   
 306  	2.9800    	-2.406302   
 307  	2.9897    	-2.546926   
 308  	2.9995    	-2.328176   
 309  	3.0093    	-2.250051   
 310  	3.0191    	-2.312551   
 311  	3.0288    	-2.031301   
 312  	3.0386    	-2.390676   
 313  	3.0484    	-2.421927   
 314  	3.0581    	-2.515677   
 315  	3.0679    	-2.265677   
 316  	3.0777    	-2.250051   
 317  	3.0874    	-2.140677   
 318  	3.0972    	-2.109426   
 319  	3.1070    	-2.187551   
 320  	3.1168    	-2.109426   
 321  	3.1265    	-1.968802   
 322  	3.1363    	-2.031301   
 323  	3.1461    	-2.406302   
 324  	3.1558    	-2.468801   
 325  	3.1656    	-2.031301   
 326  	3.1754    	-1.984427   
 327  	3.1851    	-1.968802   
 328  	3.1949    	-1.937552   
 329  	3.2047    	-2.296927   
 330  	3.2145    	-2.250051   
 331  	3.2242    	-2.203177   
 332  	3.2340    	-2.203177   
 333  	3.2438    	-2.156302   
 334  	3.2535    	-2.218802   
 335  	3.2633    	-2.125052   
 336  	3.2731    	-2.187551   
 337  	3.2829    	-2.609426   
 338  	3.2926    	-2.156302   
 339  	3.3024    	-2.359427   
 340  	3.3122    	-2.156302   
 341  	3.3219    	-2.234427   
 342  	3.3317    	-2.203177   
 343  	3.3415    	-2.125052   
 344  	3.3512    	-2.265677   
 345  	3.3610    	-2.140677   
 346  	3.3708    	-2.281302   
 347  	3.3806    	-2.062552   
 348  	3.3903    	-2.078177   
 349  	3.4001    	-2.343802   
 350  	3.4099    	-2.343802   
 351  	3.4196    	-2.296927   
 352  	3.4294    	-2.203177   
 353  	3.4392    	-2.156302   
 354  	3.4489    	-2.375052   
 355  	3.4587    	-2.203177   
 356  	3.4685    	-2.281302   
 357  	3.4783    	-2.375052   
 358  	3.4880    	-2.234427   
 359  	3.4978    	-2.343802   
 360  	3.5076    	-2.234427   
 361  	3.5173    	-2.546926   
 362  	3.5271    	-2.234427   
 363  	3.5369    	-2.031301   
 364  	3.5467    	-2.046926   
 365  	3.5564    	-2.140677   
 366  	3.5662    	-2.109426   
 367  	3.5760    	-2.156302   
 368  	3.5857    	-2.109426   
 369  	3.5955    	-2.296927   
 370  	3.6053    	-1.984427   
 371  	3.6150    	-2.125052   
 372  	3.6248    	-2.125052   
 373  	3.6346    	-2.078177   
 374  	3.6444    	-2.015677   
 375  	3.6541    	-2.203177   
 376  	3.6639    	-2.156302   
 377  	3.6737    	-2.328176   
 378  	3.6834    	-2.218802   
 379  	3.6932    	-2.125052   
 380  	3.7030    	-2.359427   
 381  	3.7128    	-2.171926   
 382  	3.7225    	-2.203177   
 383  	3.7323    	-2.156302   
 384  	3.7421    	-2.421927   
 385  	3.7518    	-2.234427   
 386  	3.7616    	-2.125052   
 387  	3.7714    	-2.156302   
 388  	3.7811    	-2.234427   
 389  	3.7909    	-2.234427   
 390  	3.8007    	-2.093802   
 391  	3.8105    	-2.187551   
 392  	3.8202    	-2.281302   
 393  	3.8300    	-2.156302   
 394  	3.8398    	-2.000052   
 395  	3.8495    	-2.140677   
 396  	3.8593    	-2.281302   
 397  	3.8691    	-2.437552   
 398  	3.8788    	-2.281302   
 399  	3.8886    	-2.218802   
 400  	3.8984    	-2.296927   
 401  	3.9082    	-2.078177   
 402  	3.9179    	-2.062552   
 403  	3.9277    	-2.015677   
 404  	3.9375    	-2.171926   
 405  	3.9472    	-2.390676   
 406  	3.9570    	-2.296927   
 407  	3.9668    	-2.093802   
 408  	3.9766    	-1.984427   
 409  	3.9863    	-2.171926   
 410  	3.9961    	-2.281302   
 411  	4.0059    	-2.234427   
 412  	4.0156    	-2.312551   
 413  	4.0254    	-2.125052   
 414  	4.0352    	-2.250051   
 415  	4.0449    	-2.156302   
 416  	4.0547    	-2.187551   
 417  	4.0645    	-2.062552   
 418  	4.0743    	-2.140677   
 419  	4.0840    	-2.234427   
 420  	4.0938    	-2.250051   
 421  	4.1036    	-2.046926   
 422  	4.1133    	-2.187551   
 423  	4.1231    	-2.343802   
 424  	4.1329    	-2.140677   
 425  	4.1426    	-2.031301   
 426  	4.1524    	-2.109426   
 427  	4.1622    	-2.156302   
 428  	4.1720    	-2.046926   
 429  	4.1817    	-2.015677   
 430  	4.1915    	-2.171926   
 431  	4.2013    	-2.375052   
 432  	4.2110    	-2.406302   
 433  	4.2208    	-2.437552   
 434  	4.2306    	-2.453176   
 435  	4.2404    	-2.328176   
 436  	4.2501    	-1.968802   
 437  	4.2599    	-2.109426   
 438  	4.2697    	-2.328176   
 439  	4.2794    	-2.265677   
 440  	4.2892    	-1.984427   
 441  	4.2990    	-2.187551   
 442  	4.3087    	-2.171926   
 443  	4.3185    	-1.890677   
 444  	4.3283    	-2.203177   
 445  	4.3381    	-2.062552   
 446  	4.3478    	-2.187551   
 447  	4.3576    	-2.406302   
 448  	4.3674    	-2.296927   
 449  	4.3771    	-2.171926   
 450  	4.3869    	-2.343802   
 451  	4.3967    	-2.359427   
 452  	4.4064    	-2.453176   
 453  	4.4162    	-2.406302   
 454  	4.4260    	-2.218802   
 455  	4.4358    	-2.265677   
 456  	4.4455    	-2.421927   
 457  	4.4553    	-2.375052   
 458  	4.4651    	-2.328176   
 459  	4.4748    	-2.328176   
 460  	4.4846    	-2.203177   
 461  	4.4944    	-2.250051   
 462  	4.5042    	-2.156302   
 463  	4.5139    	-2.171926   
 464  	4.5237    	-2.296927   
 465  	4.5335    	-2.390676   
 466  	4.5432    	-2.468801   
 467  	4.5530    	-2.437552   
 468  	4.5628    	-2.312551   
 469  	4.5725    	-2.296927   
 470  	4.5823    	-2.078177   
 471  	4.5921    	-2.125052   
 472  	4.6019    	-1.890677   
 473  	4.6116    	-1.796927   
 474  	4.6214    	-2.359427   
 475  	4.6312    	-2.296927   
 476  	4.6409    	-2.187551   
 477  	4.6507    	-2.515677   
 478  	4.6605    	-2.078177   
 479  	4.6702    	-2.234427   
 480  	4.6800    	-2.359427   
 481  	4.6898    	-2.312551   
 482  	4.6996    	-2.156302   
 483  	4.7093    	-2.296927   
 484  	4.7191    	-2.281302   
 485  	4.7289    	-2.187551   
 486  	4.7386    	-2.312551   
 487  	4.7484    	-2.421927   
 488  	4.7582    	-2.375052   
 489  	4.7680    	-2.359427   
 490  	4.7777    	-2.109426   
 491  	4.7875    	-2.156302   
 492  	4.7973    	-2.359427   
 493  	4.8070    	-2.359427   
 494  	4.8168    	-2.250051   
 495  	4.8266    	-2.296927   
 496  	4.8363    	-2.171926   
 497  	4.8461    	-2.250051   
 498  	4.8559    	-2.484427   
 499  	4.8657    	-2.171926   
 500  	4.8754    	-2.015677   
 501  	4.8852    	-2.312551   
 502  	4.8950    	-2.234427   
 503  	4.9047    	-2.265677   
 504  	4.9145    	-2.171926   
 505  	4.9243    	-2.375052   
 506  	4.9341    	-2.140677   
 507  	4.9438    	-2.125052   
 508  	4.9536    	-2.125052   
 509  	4.9634    	-2.140677   
 510  	4.9731    	-2.062552   
 511  	4.9829    	-1.890677   
 512  	4.9927    	-2.109426   
 513  	5.0024    	-2.265677   
 514  	5.0122    	-2.390676   
 515  	5.0220    	-2.406302   
 516  	5.0318    	-2.265677   
 517  	5.0415    	-2.093802   
 518  	5.0513    	-2.203177   
 519  	5.0611    	-1.906302   
 520  	5.0708    	-1.937552   
 521  	5.0806    	-2.093802   
 522  	5.0904    	-1.953177   
 523  	5.1001    	-2.359427   
 524  	5.1099    	-2.375052   
 525  	5.1197    	-2.093802   
 526  	5.1295    	-2.125052   
 527  	5.1392    	-2.171926   
 528  	5.1490    	-2.171926   
 529  	5.1588    	-2.171926   
 530  	5.1685    	-2.187551   
 531  	5.1783    	-2.156302   
 532  	5.1881    	-2.015677   
 533  	5.1979    	-2.140677   
 534  	5.2076    	-2.156302   
 535  	5.2174    	-2.343802   
 536  	5.2272    	-2.562552   
 537  	5.2369    	-2.203177   
 538  	5.2467    	-2.171926   
 539  	5.2565    	-2.203177   
 540  	5.2662    	-2.218802   
 541  	5.2760    	-2.296927   
 542  	5.2858    	-2.062552   
 543  	5.2956    	-2.343802   
 544  	5.3053    	-2.156302   
 545  	5.3151    	-2.031301   
 546  	5.3249    	-2.125052   
 547  	5.3346    	-2.046926   
 548  	5.3444    	-2.125052   
 549  	5.3542    	-2.078177   
 550  	5.3639    	-2.046926   
 551  	5.3737    	-2.031301   
 552  	5.3835    	-2.250051   
 553  	5.3933    	-2.468801   
 554  	5.4030    	-2.328176   
 555  	5.4128    	-2.218802   
 556  	5.4226    	-2.125052   
 557  	5.4323    	-2.125052   
 558  	5.4421    	-2.093802   
 559  	5.4519    	-2.062552   
 560  	5.4617    	-2.234427   
 561  	5.4714    	-2.062552   
 562  	5.4812    	-2.156302   
 563  	5.4910    	-2.500052   
 564  	5.5007    	-2.515677   
 565  	5.5105    	-2.390676   
 566  	5.5203    	-2.687551   
 567  	5.5300    	-2.296927   
 568  	5.5398    	-2.078177   
 569  	5.5496    	-2.078177   
 570  	5.5594    	-2.156302   
 571  	5.5691    	-2.093802   
 572  	5.5789    	-2.281302   
 573  	5.5887    	-2.093802   
 574  	5.5984    	-2.156302   
 575  	5.6082    	-2.031301   
 576  	5.6180    	-2.359427   
 577  	5.6277    	-2.093802   
 578  	5.6375    	-1.921927   
 579  	5.6473    	-2.062552   
 580  	5.6571    	-2.093802   
 581  	5.6668    	-2.218802   
 582  	5.6766    	-2.265677   
 583  	5.6864    	-2.250051   
 584  	5.6961    	-1.968802   
 585  	5.7059    	-1.953177   
 586  	5.7157    	-2.125052   
 587  	5.7255    	-2.218802   
 588  	5.7352    	-2.234427   
 589  	5.7450    	-2.265677   
 590  	5.7548    	-2.140677   
 591  	5.7645    	-2.000052   
 592  	5.7743    	-2.140677   
 593  	5.7841    	-2.015677   
 594  	5.7938    	-2.187551   
 595  	5.8036    	-2.187551   
 596  	5.8134    	-2.093802   
 597  	5.8232    	-2.093802   
 598  	5.8329    	-1.953177   
 599  	5.8427    	-2.187551   
 600  	5.8525    	-2.156302   
 601  	5.8622    	-2.375052   
 602  	5.8720    	-2.281302   
 603  	5.8818    	-2.062552   
 604  	5.8915    	-2.281302   
 605  	5.9013    	-2.421927   
 606  	5.9111    	-2.703177   
 607  	5.9209    	-2.328176   
 608  	5.9306    	-2.234427   
 609  	5.9404    	-2.265677   
 610  	5.9502    	-2.093802   
 611  	5.9599    	-2.015677   
 612  	5.9697    	-2.062552   
 613  	5.9795    	-2.171926   
 614  	5.9893    	-2.125052   
 615  	5.9990    	-2.281302   
 616  	6.0088    	-2.140677   
 617  	6.0186    	-2.093802   
 618  	6.0283    	-2.187551   
 619  	6.0381    	-2.140677   
 620  	6.0479    	-2.046926   
 621  	6.0576    	-1.921927   
 622  	6.0674    	-2.171926   
 623  	6.0772    	-1.890677   
 624  	6.0870    	-1.968802   
 625  	6.0967    	-2.203177   
 626  	6.1065    	-2.203177   
 627  	6.1163    	-2.109426   
 628  	6.1260    	-2.468801   
 629  	6.1358    	-2.390676   
 630  	6.1456    	-2.609426   
 631  	6.1553    	-2.609426   
 632  	6.1651    	-3.109488   
 633  	6.1749    	-3.750113   
 634  	6.1847    	-4.093863   
 635  	6.1944    	-4.468863   
 636  	6.2042    	-4.921988   
 637  	6.2140    	-5.015738   
 638  	6.2237    	-4.953238   
 639  	6.2335    	-4.859488   
 640  	6.2433    	-4.281363   
 641  	6.2531    	-3.500113   
 642  	6.2628    	-2.140677   
 643  	6.2726    	-0.281241   
 644  	6.2824    	1.671884    
 645  	6.2921    	4.156381    
 646  	6.3019    	7.234628    
 647  	6.3117    	10.047129   
 648  	6.3214    	13.141001   
 649  	6.3312    	15.203500   
 650  	6.3410    	16.219246   
 651  	6.3508    	15.812997   
 652  	6.3605    	14.266000   
 653  	6.3703    	10.250254   
 654  	6.3801    	5.093881    
 655  	6.3898    	-1.625052   
 656  	6.3996    	-9.328360   
 657  	6.4094    	-17.891104  
 658  	6.4192    	-26.735096  
 659  	6.4289    	-34.313469  
 660  	6.4387    	-41.126148  
 661  	6.4485    	-45.626270  
 662  	6.4582    	-46.876270  
 663  	6.4680    	-44.641834  
 664  	6.4778    	-39.204212  
 665  	6.4875    	-31.235220  
 666  	6.4973    	-20.656788  
 667  	6.5071    	-8.203360   
 668  	6.5169    	4.937631    
 669  	6.5266    	17.422373   
 670  	6.5364    	28.219490   
 671  	6.5462    	36.391609   
 672  	6.5559    	41.891731   
 673  	6.5657    	44.360603   
 674  	6.5755    	44.063728   
 675  	6.5852    	41.547981   
 676  	6.5950    	36.860363   
 677  	6.6048    	30.594612   
 678  	6.6146    	22.672493   
 679  	6.6243    	14.516001   
 680  	6.6341    	6.375132    
 681  	6.6439    	-2.000052   
 682  	6.6536    	-9.437735   
 683  	6.6634    	-15.250418  
 684  	6.6732    	-18.547352  
 685  	6.6830    	-19.703665  
 686  	6.6927    	-19.625540  
 687  	6.7025    	-19.172415  
 688  	6.7123    	-18.813040  
 689  	6.7220    	-19.906790  
 690  	6.7318    	-22.016226  
 691  	6.7416    	-24.656912  
 692  	6.7513    	-26.891346  
 693  	6.7611    	-28.282034  
 694  	6.7709    	-28.344532  
 695  	6.7807    	-26.828846  
 696  	6.7904    	-23.516287  
 697  	6.8002    	-19.344288  
 698  	6.8100    	-14.125356  
 699  	6.8197    	-7.703360   
 700  	6.8295    	-1.500052   
 701  	6.8393    	4.640756    
 702  	6.8490    	9.406503    
 703  	6.8588    	12.641000   
 704  	6.8686    	14.516001   
 705  	6.8784    	15.328500   
 706  	6.8881    	15.578500   
 707  	6.8979    	14.781625   
 708  	6.9077    	13.531625   
 709  	6.9174    	11.781626   
 710  	6.9272    	9.937754    
 711  	6.9370    	7.672128    
 712  	6.9468    	5.406381    
 713  	6.9565    	3.781381    
 714  	6.9663    	3.140756    
 715  	6.9761    	3.218881    
 716  	6.9858    	4.062631    
 717  	6.9956    	4.468881    
 718  	7.0054    	4.422007    
 719  	7.0151    	3.265756    
 720  	7.0249    	1.796884    
 721  	7.0347    	0.203134    
 722  	7.0445    	-1.796927   
 723  	7.0542    	-3.156363   
 724  	7.0640    	-4.484488   
 725  	7.0738    	-5.468924   
 726  	7.0835    	-6.047049   
 727  	7.0933    	-6.312674   
 728  	7.1031    	-6.140799   
 729  	7.1128    	-6.062674   
 730  	7.1226    	-7.015799   
 731  	7.1324    	-9.125235   
 732  	7.1422    	-11.953481  
 733  	7.1519    	-14.750418  
 734  	7.1617    	-17.344229  
 735  	7.1715    	-18.109854  
 736  	7.1812    	-17.078602  
 737  	7.1910    	-14.609793  
 738  	7.2008    	-10.625295  
 739  	7.2106    	-7.750235   
 740  	7.2203    	-5.718924   
 741  	7.2301    	-4.328238   
 742  	7.2399    	-3.187613   
 743  	7.2496    	-1.750052   
 744  	7.2594    	-0.421866   
 745  	7.2692    	1.437509    
 746  	7.2789    	3.140756    
 747  	7.2887    	4.047006    
 748  	7.2985    	3.828256    
 749  	7.3083    	2.859506    
 750  	7.3180    	2.296884    
 751  	7.3278    	2.500132    
 752  	7.3376    	3.328256    
 753  	7.3473    	4.328257    
 754  	7.3571    	4.500132    
 755  	7.3669    	3.812631    
 756  	7.3766    	2.531381    
 757  	7.3864    	2.359384    
 758  	7.3962    	2.296884    
 759  	7.4060    	2.468881    
 760  	7.4157    	2.828256    
 761  	7.4255    	3.250131    
 762  	7.4353    	3.656381    
 763  	7.4450    	4.781381    
 764  	7.4548    	5.281381    
 765  	7.4646    	5.359506    
 766  	7.4744    	4.015757    
 767  	7.4841    	1.593759    
 768  	7.4939    	-2.500052   
 769  	7.5037    	-8.203360   
 770  	7.5134    	-12.828482  
 771  	7.5232    	-15.500417  
 772  	7.5330    	-15.484793  
 773  	7.5427    	-13.234731  
 774  	7.5525    	-9.656485   
 775  	7.5623    	-6.265799   
 776  	7.5721    	-3.656363   
 777  	7.5818    	-1.906302   
 778  	7.5916    	-1.218802   
 779  	7.6014    	-0.656241   
 780  	7.6111    	-2.312551   
 781  	7.6209    	-4.640738   
 782  	7.6307    	-6.828299   
 783  	7.6404    	-9.062735   
 784  	7.6502    	-10.312796  
 785  	7.6600    	-10.344046  
 786  	7.6698    	-9.859671   
 787  	7.6795    	-8.672110   
 788  	7.6893    	-6.828299   
 789  	7.6991    	-4.015738   
 790  	7.7088    	-1.375052   
 791  	7.7186    	0.906259    
 792  	7.7284    	3.656381    
 793  	7.7382    	6.218882    
 794  	7.7479    	7.812753    
 795  	7.7577    	6.812631    
 796  	7.7675    	4.484506    
 797  	7.7772    	1.953134    
 798  	7.7870    	-1.140677   
 799  	7.7968    	-3.156363   
 800  	7.8065    	-3.703238   
 801  	7.8163    	-3.375113   
 802  	7.8261    	-1.921927   
 803  	7.8359    	0.500009    
 804  	7.8456    	3.890756    
 805  	7.8554    	7.234628    
 806  	7.8652    	9.219003    
 807  	7.8749    	9.187753    
 808  	7.8847    	6.359506    
 809  	7.8945    	2.375009    
 810  	7.9043    	-2.437552   
 811  	7.9140    	-6.781424   
 812  	7.9238    	-10.265921  
 813  	7.9336    	-11.469046  
 814  	7.9433    	-10.781545  
 815  	7.9531    	-8.422110   
 816  	7.9629    	-5.687674   
 817  	7.9726    	-3.812613   
 818  	7.9824    	-2.281302   
 819  	7.9922    	-1.765677   
 820  	8.0020    	-1.187552   
 821  	8.0117    	-1.359427   
 822  	8.0215    	-2.250051   
 823  	8.0313    	-3.640738   
 824  	8.0410    	-4.687613   
 825  	8.0508    	-5.343924   
 826  	8.0606    	-5.453299   
 827  	8.0703    	-5.422049   
 828  	8.0801    	-5.703299   
 829  	8.0899    	-6.500174   
 830  	8.0997    	-6.906424   
 831  	8.1094    	-7.312674   
 832  	8.1192    	-7.015799   
 833  	8.1290    	-5.906424   
 834  	8.1387    	-3.250113   
 835  	8.1485    	-0.796866   
 836  	8.1583    	1.375009    
 837  	8.1681    	2.125009    
 838  	8.1778    	1.328134    
 839  	8.1876    	-0.624991   
 840  	8.1974    	-2.171926   
 841  	8.2071    	-3.468863   
 842  	8.2169    	-3.203238   
 843  	8.2267    	-2.187551   
 844  	8.2364    	-0.078116   
 845  	8.2462    	1.843759    
 846  	8.2560    	3.797006    
 847  	8.2658    	5.093881    
 848  	8.2755    	5.531381    
 849  	8.2853    	4.734507    
 850  	8.2951    	3.765756    
 851  	8.3048    	1.812509    
 852  	8.3146    	-0.171866   
 853  	8.3244    	-1.125052   
 854  	8.3341    	-1.687552   
 855  	8.3439    	-2.156302   
 856  	8.3537    	-2.812551   
 857  	8.3635    	-3.875113   
 858  	8.3732    	-5.343924   
 859  	8.3830    	-6.625174   
 860  	8.3928    	-8.047110   
 861  	8.4025    	-8.109610   
 862  	8.4123    	-7.015799   
 863  	8.4221    	-5.062613   
 864  	8.4319    	-2.843801   
 865  	8.4416    	-0.609366   
 866  	8.4514    	1.015634    
 867  	8.4612    	2.000009    
 868  	8.4709    	1.750009    
 869  	8.4807    	0.437509    
 870  	8.4905    	-1.765677   
 871  	8.5002    	-4.437613   
 872  	8.5100    	-6.750174   
 873  	8.5198    	-8.015860   
 874  	8.5296    	-8.609610   
 875  	8.5393    	-8.515860   
 876  	8.5491    	-7.781484   
 877  	8.5589    	-6.672049   
 878  	8.5686    	-5.078238   
 879  	8.5784    	-3.750113   
 880  	8.5882    	-3.093863   
 881  	8.5979    	-2.828177   
 882  	8.6077    	-2.062552   
 883  	8.6175    	-0.843741   
 884  	8.6273    	0.734384    
 885  	8.6370    	1.890634    
 886  	8.6468    	2.312509    
 887  	8.6566    	1.921884    
 888  	8.6663    	0.500009    
 889  	8.6761    	-0.531241   
 890  	8.6859    	-1.546927   
 891  	8.6957    	-1.531302   
 892  	8.7054    	-0.906302   
 893  	8.7152    	0.421884    
 894  	8.7250    	1.890634    
 895  	8.7347    	2.937631    
 896  	8.7445    	2.468881    
 897  	8.7543    	1.125009    
 898  	8.7640    	-0.687491   
 899  	8.7738    	-2.671927   
 900  	8.7836    	-3.734488   
 901  	8.7934    	-4.125113   
 902  	8.8031    	-4.312613   
 903  	8.8129    	-3.500113   
 904  	8.8227    	-2.437552   
 905  	8.8324    	-1.796927   
 906  	8.8422    	-1.156302   
 907  	8.8520    	-1.265677   
 908  	8.8617    	-1.687552   
 909  	8.8715    	-2.421927   
 910  	8.8813    	-3.437613   
 911  	8.8911    	-4.312613   
 912  	8.9008    	-5.281363   
 913  	8.9106    	-5.343924   
 914  	8.9204    	-5.625174   
 915  	8.9301    	-5.218863   
 916  	8.9399    	-4.500113   
 917  	8.9497    	-3.531363   
 918  	8.9595    	-2.140677   
 919  	8.9692    	-1.359427   
 920  	8.9790    	-1.203177   
 921  	8.9888    	-1.218802   
 922  	8.9985    	-1.640677   
 923  	9.0083    	-2.937551   
 924  	9.0181    	-3.843863   
 925  	9.0278    	-4.921988   
 926  	9.0376    	-6.109549   
 927  	9.0474    	-6.609549   
 928  	9.0572    	-6.437674   
 929  	9.0669    	-5.093863   
 930  	9.0767    	-3.515738   
 931  	9.0865    	-1.609427   
 932  	9.0962    	0.421884    
 933  	9.1060    	2.093759    
 934  	9.1158    	3.218881    
 935  	9.1256    	3.500131    
 936  	9.1353    	3.547006    
 937  	9.1451    	2.656381    
 938  	9.1549    	1.656259    
 939  	9.1646    	0.390634    
 940  	9.1744    	-1.140677   
 941  	9.1842    	-2.109426   
 942  	9.1939    	-3.078238   
 943  	9.2037    	-3.406363   
 944  	9.2135    	-2.937551   
 945  	9.2233    	-2.687551   
 946  	9.2330    	-2.468801   
 947  	9.2428    	-2.375052   
 948  	9.2526    	-2.000052   
 949  	9.2623    	-2.312551   
 950  	9.2721    	-2.781302   
 951  	9.2819    	-2.859427   
 952  	9.2916    	-3.000051   
 953  	9.3014    	-3.109488   
 954  	9.3112    	-2.531301   
 955  	9.3210    	-2.000052   
 956  	9.3307    	-1.578177   
 957  	9.3405    	-1.734427   
 958  	9.3503    	-2.359427   
 959  	9.3600    	-2.937551   
 960  	9.3698    	-3.734488   
 961  	9.3796    	-4.250113   
 962  	9.3894    	-4.765738   
 963  	9.3991    	-4.765738   
 964  	9.4089    	-4.031363   
 965  	9.4187    	-2.984427   
 966  	9.4284    	-2.359427   
 967  	9.4382    	-2.843801   
 968  	9.4480    	-3.015676   
 969  	9.4577    	-3.671988   
 970  	9.4675    	-4.187613   
 971  	9.4773    	-4.421988   
 972  	9.4871    	-4.296988   
 973  	9.4968    	-3.781363   
 974  	9.5066    	-2.734426   
 975  	9.5164    	-1.531302   
 976  	9.5261    	-0.421866   
 977  	9.5359    	-0.156241   
 978  	9.5457    	0.046884    
 979  	9.5554    	0.343759    
 980  	9.5652    	0.625009    
 981  	9.5750    	0.953134    
 982  	9.5848    	0.437509    
 983  	9.5945    	-0.109366   
 984  	9.6043    	-0.812491   
 985  	9.6141    	-1.203177   
 986  	9.6238    	-1.437552   
 987  	9.6336    	-2.203177   
 988  	9.6434    	-2.812551   
 989  	9.6532    	-3.203238   
 990  	9.6629    	-2.968801   
 991  	9.6727    	-2.484427   
 992  	9.6825    	-1.859427   
 993  	9.6922    	-1.562552   
 994  	9.7020    	-1.031302   
 995  	9.7118    	-0.328116   
 996  	9.7215    	-0.203116   
 997  	9.7313    	-0.765616   
 998  	9.7411    	-1.812552   
 999  	9.7509    	-3.500113   
 1000 	9.7606    	-4.515738   
 1001 	9.7704    	-5.218863   
 1002 	9.7802    	-5.390799   
 1003 	9.7899    	-5.359549   
 1004 	9.7997    	-5.125113   
 1005 	9.8095    	-4.203238   
 1006 	9.8192    	-3.093863   
 1007 	9.8290    	-2.062552   
 1008 	9.8388    	-1.125052   
 1009 	9.8486    	-0.374991   
 1010 	9.8583    	-0.249991   
 1011 	9.8681    	-0.374991   
 1012 	9.8779    	-1.218802   
 1013 	9.8876    	-2.593801   
 1014 	9.8974    	-4.046988   
 1015 	9.9072    	-5.015738   
 1016 	9.9170    	-4.421988   
 1017 	9.9267    	-3.640738   
 1018 	9.9365    	-2.953177   
 1019 	9.9463    	-2.531301   
 1020 	9.9560    	-2.484427   
 1021 	9.9658    	-2.453176   
 1022 	9.9756    	-2.265677   
 1023 	9.9853    	-2.265677   
 1024 	9.9951    	-2.093802   
 1025 	10.0049   	-1.875052   
 1026 	10.0147   	-1.343802   
 1027 	10.0244   	-0.828116   
 1028 	10.0342   	-0.312491   
 1029 	10.0440   	0.250009    
 1030 	10.0537   	0.953134    
 1031 	10.0635   	1.484384    
 1032 	10.0733   	1.546884    
 1033 	10.0830   	0.875009    
 1034 	10.0928   	-0.359366   
 1035 	10.1026   	-2.093802   
 1036 	10.1124   	-3.156363   
 1037 	10.1221   	-3.296988   
 1038 	10.1319   	-3.156363   
 1039 	10.1417   	-3.078238   
 1040 	10.1514   	-3.312613   
 1041 	10.1612   	-3.687613   
 1042 	10.1710   	-3.890738   
 1043 	10.1808   	-4.609488   
 1044 	10.1905   	-4.671988   
 1045 	10.2003   	-4.609488   
 1046 	10.2101   	-3.812613   
 1047 	10.2198   	-2.578177   
 1048 	10.2296   	-1.203177   
 1049 	10.2394   	-0.499991   
 1050 	10.2491   	-0.437491   
 1051 	10.2589   	-0.671866   
 1052 	10.2687   	-1.250052   
 1053 	10.2785   	-1.687552   
 1054 	10.2882   	-2.312551   
 1055 	10.2980   	-3.015676   
 1056 	10.3078   	-3.296988   
 1057 	10.3175   	-3.531363   
 1058 	10.3273   	-2.968801   
 1059 	10.3371   	-2.750052   
 1060 	10.3468   	-2.984427   
 1061 	10.3566   	-3.562613   
 1062 	10.3664   	-4.265738   
 1063 	10.3762   	-4.718863   
 1064 	10.3859   	-4.875113   
 1065 	10.3957   	-4.515738   
 1066 	10.4055   	-3.375113   
 1067 	10.4152   	-2.000052   
 1068 	10.4250   	-0.875052   
 1069 	10.4348   	-0.203116   
 1070 	10.4446   	0.046884    
 1071 	10.4543   	-0.124991   
 1072 	10.4641   	0.031259    
 1073 	10.4739   	0.562509    
 1074 	10.4836   	1.031259    
 1075 	10.4934   	1.468759    
 1076 	10.5032   	1.593759    
 1077 	10.5129   	1.156259    
 1078 	10.5227   	0.265634    
 1079 	10.5325   	-0.781241   
 1080 	10.5423   	-2.703177   
 1081 	10.5520   	-4.406363   
 1082 	10.5618   	-5.984549   
 1083 	10.5716   	-6.515799   
 1084 	10.5813   	-6.250174   
 1085 	10.5911   	-5.968924   
 1086 	10.6009   	-5.000113   
 1087 	10.6107   	-3.718863   
 1088 	10.6204   	-1.968802   
 1089 	10.6302   	-0.265616   
 1090 	10.6400   	0.343759    
 1091 	10.6497   	0.984384    
 1092 	10.6595   	1.125009    
 1093 	10.6693   	0.875009    
 1094 	10.6790   	-0.046866   
 1095 	10.6888   	-0.390616   
 1096 	10.6986   	-1.375052   
 1097 	10.7084   	-2.828177   
 1098 	10.7181   	-4.015738   
 1099 	10.7279   	-5.218863   
 1100 	10.7377   	-6.047049   
 1101 	10.7474   	-6.109549   
 1102 	10.7572   	-5.422049   
 1103 	10.7670   	-4.500113   
 1104 	10.7767   	-3.390738   
 1105 	10.7865   	-2.531301   
 1106 	10.7963   	-2.234427   
 1107 	10.8061   	-1.906302   
 1108 	10.8158   	-1.859427   
 1109 	10.8256   	-1.375052   
 1110 	10.8354   	-1.046927   
 1111 	10.8451   	-0.812491   
 1112 	10.8549   	-1.078177   
 1113 	10.8647   	-1.312552   
 1114 	10.8745   	-1.437552   
 1115 	10.8842   	-1.265677   
 1116 	10.8940   	-1.015677   
 1117 	10.9038   	-1.031302   
 1118 	10.9135   	-0.937552   
 1119 	10.9233   	-1.000052   
 1120 	10.9331   	-1.265677   
 1121 	10.9428   	-1.531302   
 1122 	10.9526   	-1.781302   
 1123 	10.9624   	-2.390676   
 1124 	10.9722   	-2.984427   
 1125 	10.9819   	-3.437613   
 1126 	10.9917   	-3.796988   
 1127 	11.0015   	-4.046988   
 1128 	11.0112   	-3.593863   
 1129 	11.0210   	-2.468801   
 1130 	11.0308   	-1.250052   
 1131 	11.0405   	-0.187491   
 1132 	11.0503   	0.000009    
 1133 	11.0601   	-0.374991   
 1134 	11.0699   	-1.203177   
 1135 	11.0796   	-2.656302   
 1136 	11.0894   	-3.671988   
 1137 	11.0992   	-4.093863   
 1138 	11.1089   	-4.046988   
 1139 	11.1187   	-3.375113   
 1140 	11.1285   	-2.546926   
 1141 	11.1383   	-2.062552   
 1142 	11.1480   	-1.859427   
 1143 	11.1578   	-1.734427   
 1144 	11.1676   	-1.828177   
 1145 	11.1773   	-1.937552   
 1146 	11.1871   	-2.203177   
 1147 	11.1969   	-2.921926   
 1148 	11.2066   	-3.546988   
 1149 	11.2164   	-3.734488   
 1150 	11.2262   	-3.828238   
 1151 	11.2360   	-3.890738   
 1152 	11.2457   	-3.750113   
 1153 	11.2555   	-3.484488   
 1154 	11.2653   	-2.859427   
 1155 	11.2750   	-2.031301   
 1156 	11.2848   	-1.265677   
 1157 	11.2946   	-0.984427   
 1158 	11.3043   	-0.546866   
 1159 	11.3141   	-0.281241   
 1160 	11.3239   	-0.093741   
 1161 	11.3337   	-0.499991   
 1162 	11.3434   	-1.281302   
 1163 	11.3532   	-2.281302   
 1164 	11.3630   	-2.859427   
 1165 	11.3727   	-3.000051   
 1166 	11.3825   	-2.953177   
 1167 	11.3923   	-2.625052   
 1168 	11.4021   	-2.218802   
 1169 	11.4118   	-2.015677   
 1170 	11.4216   	-1.890677   
 1171 	11.4314   	-1.468802   
 1172 	11.4411   	-1.187552   
 1173 	11.4509   	-1.140677   
 1174 	11.4607   	-1.062552   
 1175 	11.4704   	-1.562552   
 1176 	11.4802   	-1.734427   
 1177 	11.4900   	-2.593801   
 1178 	11.4998   	-3.203238   
 1179 	11.5095   	-3.781363   
 1180 	11.5193   	-3.765738   
 1181 	11.5291   	-3.656363   
 1182 	11.5388   	-3.453238   
 1183 	11.5486   	-3.531363   
 1184 	11.5584   	-2.937551   
 1185 	11.5681   	-2.046926   
 1186 	11.5779   	-1.578177   
 1187 	11.5877   	-1.437552   
 1188 	11.5975   	-1.500052   
 1189 	11.6072   	-2.515677   
 1190 	11.6170   	-3.093863   
 1191 	11.6268   	-3.546988   
 1192 	11.6365   	-3.515738   
 1193 	11.6463   	-2.593801   
 1194 	11.6561   	-1.843802   
 1195 	11.6659   	-1.031302   
 1196 	11.6756   	0.093759    
 1197 	11.6854   	-0.015616   
 1198 	11.6952   	-0.734366   
 1199 	11.7049   	-1.765677   
 1200 	11.7147   	-2.734426   
 1201 	11.7245   	-3.562613   
 1202 	11.7342   	-3.828238   
 1203 	11.7440   	-4.218863   
 1204 	11.7538   	-3.796988   
 1205 	11.7636   	-3.453238   
 1206 	11.7733   	-2.468801   
 1207 	11.7831   	-1.734427   
 1208 	11.7929   	-1.093802   
 1209 	11.8026   	-0.718741   
 1210 	11.8124   	-0.562491   
 1211 	11.8222   	-0.546866   
 1212 	11.8319   	-0.890677   
 1213 	11.8417   	-1.109427   
 1214 	11.8515   	-1.421927   
 1215 	11.8613   	-1.656302   
 1216 	11.8710   	-1.437552   
 1217 	11.8808   	-1.781302   
 1218 	11.8906   	-2.234427   
 1219 	11.9003   	-2.906302   
 1220 	11.9101   	-3.375113   
 1221 	11.9199   	-3.421988   
 1222 	11.9297   	-2.890676   
 1223 	11.9394   	-2.828177   
 1224 	11.9492   	-2.906302   
 1225 	11.9590   	-3.171988   
 1226 	11.9687   	-3.468863   
 1227 	11.9785   	-3.453238   
 1228 	11.9883   	-3.296988   
 1229 	11.9980   	-2.890676   
 1230 	12.0078   	-2.625052   
 1231 	12.0176   	-2.125052   
 1232 	12.0274   	-1.203177   
 1233 	12.0371   	-0.218741   
 1234 	12.0469   	0.359384    
 1235 	12.0567   	0.640634    
 1236 	12.0664   	0.234384    
 1237 	12.0762   	-0.124991   
 1238 	12.0860   	-0.812491   
 1239 	12.0958   	-1.875052   
 1240 	12.1055   	-3.203238   
 1241 	12.1153   	-4.406363   
 1242 	12.1251   	-4.687613   
 1243 	12.1348   	-5.203238   
 1244 	12.1446   	-5.500174   
 1245 	12.1544   	-5.015738   
 1246 	12.1641   	-4.296988   
 1247 	12.1739   	-3.265738   
 1248 	12.1837   	-2.250051   
 1249 	12.1935   	-1.437552   
 1250 	12.2032   	-0.749991   
 1251 	12.2130   	-0.421866   
 1252 	12.2228   	-0.062491   
 1253 	12.2325   	0.015634    
 1254 	12.2423   	-0.218741   
 1255 	12.2521   	-0.437491   
 1256 	12.2618   	-0.921927   
 1257 	12.2716   	-1.421927   
 1258 	12.2814   	-1.906302   
 1259 	12.2912   	-2.218802   
 1260 	12.3009   	-2.078177   
 1261 	12.3107   	-2.187551   
 1262 	12.3205   	-2.500052   
 1263 	12.3302   	-2.906302   
 1264 	12.3400   	-3.609488   
 1265 	12.3498   	-4.453238   
 1266 	12.3596   	-5.000113   
 1267 	12.3693   	-4.906363   
 1268 	12.3791   	-4.406363   
 1269 	12.3889   	-3.484488   
 1270 	12.3986   	-2.421927   
 1271 	12.4084   	-1.515677   
 1272 	12.4182   	-0.984427   
 1273 	12.4279   	-0.171866   
 1274 	12.4377   	0.500009    
 1275 	12.4475   	1.187509    
 1276 	12.4573   	1.281259    
 1277 	12.4670   	0.437509    
 1278 	12.4768   	-0.749991   
 1279 	12.4866   	-1.953177   
 1280 	12.4963   	-3.093863   
 1281 	12.5061   	-4.015738   
 1282 	12.5159   	-4.531363   
 1283 	12.5256   	-4.609488   
 1284 	12.5354   	-4.328238   
 1285 	12.5452   	-4.125113   
 1286 	12.5550   	-4.062613   
 1287 	12.5647   	-3.578238   
 1288 	12.5745   	-3.453238   
 1289 	12.5843   	-2.531301   
 1290 	12.5940   	-1.859427   
 1291 	12.6038   	-1.421927   
 1292 	12.6136   	-1.875052   
 1293 	12.6234   	-1.750052   
 1294 	12.6331   	-1.390677   
 1295 	12.6429   	-0.656241   
 1296 	12.6527   	-0.281241   
 1297 	12.6624   	0.062509    
 1298 	12.6722   	-0.218741   
 1299 	12.6820   	-0.749991   
 1300 	12.6917   	-1.625052   
 1301 	12.7015   	-2.453176   
 1302 	12.7113   	-2.890676   
 1303 	12.7211   	-3.015676   
 1304 	12.7308   	-3.046926   
 1305 	12.7406   	-3.031302   
 1306 	12.7504   	-3.421988   
 1307 	12.7601   	-3.765738   
 1308 	12.7699   	-4.375113   
 1309 	12.7797   	-4.531363   
 1310 	12.7894   	-3.718863   
 1311 	12.7992   	-2.984427   
 1312 	12.8090   	-1.906302   
 1313 	12.8188   	-1.062552   
 1314 	12.8285   	-0.281241   
 1315 	12.8383   	0.531259    
 1316 	12.8481   	0.781259    
 1317 	12.8578   	0.078134    
 1318 	12.8676   	-0.343741   
 1319 	12.8774   	-0.765616   
 1320 	12.8872   	-1.640677   
 1321 	12.8969   	-2.500052   
 1322 	12.9067   	-3.578238   
 1323 	12.9165   	-4.406363   
 1324 	12.9262   	-4.859488   
 1325 	12.9360   	-4.937613   
 1326 	12.9458   	-4.468863   
 1327 	12.9555   	-4.046988   
 1328 	12.9653   	-3.328238   
 1329 	12.9751   	-2.953177   
 1330 	12.9849   	-2.125052   
 1331 	12.9946   	-1.484427   
 1332 	13.0044   	-1.062552   
 1333 	13.0142   	-0.906302   
 1334 	13.0239   	-0.437491   
 1335 	13.0337   	-0.249991   
 1336 	13.0435   	-0.531241   
 1337 	13.0532   	-0.562491   
 1338 	13.0630   	-1.421927   
 1339 	13.0728   	-2.687551   
 1340 	13.0826   	-3.421988   
 1341 	13.0923   	-3.703238   
 1342 	13.1021   	-3.750113   
 1343 	13.1119   	-3.203238   
 1344 	13.1216   	-3.281363   
 1345 	13.1314   	-2.843801   
 1346 	13.1412   	-2.953177   
 1347 	13.1510   	-2.468801   
 1348 	13.1607   	-1.921927   
 1349 	13.1705   	-1.546927   
 1350 	13.1803   	-1.468802   
 1351 	13.1900   	-1.406302   
 1352 	13.1998   	-1.296927   
 1353 	13.2096   	-1.078177   
 1354 	13.2193   	-1.062552   
 1355 	13.2291   	-1.062552   
 1356 	13.2389   	-1.375052   
 1357 	13.2487   	-1.687552   
 1358 	13.2584   	-2.000052   
 1359 	13.2682   	-2.515677   
 1360 	13.2780   	-2.984427   
 1361 	13.2877   	-3.562613   
 1362 	13.2975   	-4.093863   
 1363 	13.3073   	-3.718863   
 1364 	13.3170   	-3.609488   
 1365 	13.3268   	-3.234488   
 1366 	13.3366   	-2.546926   
 1367 	13.3464   	-1.796927   
 1368 	13.3561   	-1.375052   
 1369 	13.3659   	-0.578116   
 1370 	13.3757   	-0.562491   
 1371 	13.3854   	-0.453116   
 1372 	13.3952   	-0.734366   
 1373 	13.4050   	-1.140677   
 1374 	13.4148   	-1.765677   
 1375 	13.4245   	-2.484427   
 1376 	13.4343   	-3.156363   
 1377 	13.4441   	-3.734488   
 1378 	13.4538   	-3.843863   
 1379 	13.4636   	-3.171988   
 1380 	13.4734   	-2.546926   
 1381 	13.4831   	-2.171926   
 1382 	13.4929   	-2.312551   
 1383 	13.5027   	-2.484427   
 1384 	13.5125   	-2.296927   
 1385 	13.5222   	-2.171926   
 1386 	13.5320   	-1.593802   
 1387 	13.5418   	-1.312552   
 1388 	13.5515   	-1.421927   
 1389 	13.5613   	-1.453177   
 1390 	13.5711   	-1.765677   
 1391 	13.5809   	-2.109426   
 1392 	13.5906   	-2.531301   
 1393 	13.6004   	-2.437552   
 1394 	13.6102   	-1.984427   
 1395 	13.6199   	-1.203177   
 1396 	13.6297   	-0.734366   
 1397 	13.6395   	-1.234427   
 1398 	13.6492   	-1.875052   
 1399 	13.6590   	-2.625052   
 1400 	13.6688   	-2.953177   
 1401 	13.6786   	-3.093863   
 1402 	13.6883   	-3.109488   
 1403 	13.6981   	-3.125113   
 1404 	13.7079   	-3.093863   
 1405 	13.7176   	-3.093863   
 1406 	13.7274   	-2.781302   
 1407 	13.7372   	-2.250051   
 1408 	13.7469   	-1.734427   
 1409 	13.7567   	-1.828177   
 1410 	13.7665   	-1.718802   
 1411 	13.7763   	-1.687552   
 1412 	13.7860   	-1.890677   
 1413 	13.7958   	-1.750052   
 1414 	13.8056   	-1.718802   
 1415 	13.8153   	-1.515677   
 1416 	13.8251   	-1.218802   
 1417 	13.8349   	-0.812491   
 1418 	13.8447   	-1.187552   
 1419 	13.8544   	-1.921927   
 1420 	13.8642   	-2.890676   
 1421 	13.8740   	-3.187613   
 1422 	13.8837   	-3.421988   
 1423 	13.8935   	-3.390738   
 1424 	13.9033   	-3.296988   
 1425 	13.9130   	-3.171988   
 1426 	13.9228   	-3.171988   
 1427 	13.9326   	-2.843801   
 1428 	13.9424   	-2.468801   
 1429 	13.9521   	-2.187551   
 1430 	13.9619   	-2.140677   
 1431 	13.9717   	-2.156302   
 1432 	13.9814   	-1.812552   
 1433 	13.9912   	-1.328177   
 1434 	14.0010   	-1.046927   
 1435 	14.0107   	-0.968802   
 1436 	14.0205   	-0.796866   
 1437 	14.0303   	-0.812491   
 1438 	14.0401   	-0.859427   
 1439 	14.0498   	-1.328177   
 1440 	14.0596   	-2.031301   
 1441 	14.0694   	-3.093863   
 1442 	14.0791   	-3.953238   
 1443 	14.0889   	-4.000113   
 1444 	14.0987   	-4.000113   
 1445 	14.1085   	-3.546988   
 1446 	14.1182   	-3.296988   
 1447 	14.1280   	-2.968801   
 1448 	14.1378   	-2.265677   
 1449 	14.1475   	-2.046926   
 1450 	14.1573   	-1.781302   
 1451 	14.1671   	-1.765677   
 1452 	14.1768   	-1.500052   
 1453 	14.1866   	-1.625052   
 1454 	14.1964   	-1.265677   
 1455 	14.2062   	-1.109427   
 1456 	14.2159   	-0.843741   
 1457 	14.2257   	-1.000052   
 1458 	14.2355   	-1.000052   
 1459 	14.2452   	-1.078177   
 1460 	14.2550   	-1.625052   
 1461 	14.2648   	-2.234427   
 1462 	14.2745   	-3.031302   
 1463 	14.2843   	-3.687613   
 1464 	14.2941   	-3.796988   
 1465 	14.3039   	-3.593863   
 1466 	14.3136   	-3.218863   
 1467 	14.3234   	-3.109488   
 1468 	14.3332   	-2.656302   
 1469 	14.3429   	-2.312551   
 1470 	14.3527   	-2.062552   
 1471 	14.3625   	-2.578177   
 1472 	14.3723   	-2.921926   
 1473 	14.3820   	-2.890676   
 1474 	14.3918   	-2.156302   
 1475 	14.4016   	-1.265677   
 1476 	14.4113   	-0.249991   
 1477 	14.4211   	0.140634    
 1478 	14.4309   	-0.312491   
 1479 	14.4406   	-0.687491   
 1480 	14.4504   	-1.312552   
 1481 	14.4602   	-2.062552   
 1482 	14.4700   	-2.734426   
 1483 	14.4797   	-3.296988   
 1484 	14.4895   	-3.687613   
 1485 	14.4993   	-4.000113   
 1486 	14.5090   	-4.125113   
 1487 	14.5188   	-3.718863   
 1488 	14.5286   	-3.781363   
 1489 	14.5383   	-3.281363   
 1490 	14.5481   	-2.703177   
 1491 	14.5579   	-2.328176   
 1492 	14.5677   	-2.250051   
 1493 	14.5774   	-1.796927   
 1494 	14.5872   	-1.031302   
 1495 	14.5970   	-0.749991   
 1496 	14.6067   	-0.718741   
 1497 	14.6165   	-0.453116   
 1498 	14.6263   	-0.968802   
 1499 	14.6361   	-1.703177   
 1500 	14.6458   	-2.062552   
 1501 	14.6556   	-2.218802   
 1502 	14.6654   	-2.281302   
 1503 	14.6751   	-2.234427   
 1504 	14.6849   	-2.390676   
 1505 	14.6947   	-2.734426   
 1506 	14.7044   	-3.406363   
 1507 	14.7142   	-3.875113   
 1508 	14.7240   	-3.984488   
 1509 	14.7338   	-3.562613   
 1510 	14.7435   	-2.937551   
 1511 	14.7533   	-2.250051   
 1512 	14.7631   	-1.828177   
 1513 	14.7728   	-1.828177   
 1514 	14.7826   	-2.031301   
 1515 	14.7924   	-1.968802   
 1516 	14.8022   	-1.640677   
 1517 	14.8119   	-1.265677   
 1518 	14.8217   	-1.109427   
 1519 	14.8315   	-1.218802   
 1520 	14.8412   	-1.640677   
 1521 	14.8510   	-2.015677   
 1522 	14.8608   	-2.328176   
 1523 	14.8705   	-2.421927   
 1524 	14.8803   	-2.312551   
 1525 	14.8901   	-2.312551   
 1526 	14.8999   	-2.531301   
 1527 	14.9096   	-2.515677   
 1528 	14.9194   	-2.750052   
 1529 	14.9292   	-2.906302   
 1530 	14.9389   	-3.062552   
 1531 	14.9487   	-2.859427   
 1532 	14.9585   	-2.453176   
 1533 	14.9682   	-2.531301   
 1534 	14.9780   	-2.125052   
 1535 	14.9878   	-1.968802   
 1536 	14.9976   	-1.609427   
 1537 	15.0073   	-1.375052   
 1538 	15.0171   	-1.546927   
 1539 	15.0269   	-1.578177   
 1540 	15.0366   	-1.718802   
 1541 	15.0464   	-1.468802   
 1542 	15.0562   	-1.609427   
 1543 	15.0660   	-1.890677   
 1544 	15.0757   	-2.281302   
 1545 	15.0855   	-3.203238   
 1546 	15.0953   	-3.734488   
 1547 	15.1050   	-3.859488   
 1548 	15.1148   	-3.671988   
 1549 	15.1246   	-3.125113   
 1550 	15.1343   	-2.328176   
 1551 	15.1441   	-1.562552   
 1552 	15.1539   	-1.546927   
 1553 	15.1637   	-1.453177   
 1554 	15.1734   	-1.500052   
 1555 	15.1832   	-1.781302   
 1556 	15.1930   	-2.109426   
 1557 	15.2027   	-2.343802   
 1558 	15.2125   	-2.281302   
 1559 	15.2223   	-1.843802   
 1560 	15.2320   	-1.593802   
 1561 	15.2418   	-1.625052   
 1562 	15.2516   	-1.828177   
 1563 	15.2614   	-2.375052   
 1564 	15.2711   	-2.906302   
 1565 	15.2809   	-3.000051   
 1566 	15.2907   	-2.875052   
 1567 	15.3004   	-3.281363   
 1568 	15.3102   	-2.968801   
 1569 	15.3200   	-2.796926   
 1570 	15.3298   	-2.515677   
 1571 	15.3395   	-2.171926   
 1572 	15.3493   	-1.312552   
 1573 	15.3591   	-1.171927   
 1574 	15.3688   	-1.031302   
 1575 	15.3786   	-0.671866   
 1576 	15.3884   	-0.718741   
 1577 	15.3981   	-1.171927   
 1578 	15.4079   	-1.328177   
 1579 	15.4177   	-1.671927   
 1580 	15.4275   	-2.312551   
 1581 	15.4372   	-2.937551   
 1582 	15.4470   	-3.734488   
 1583 	15.4568   	-4.359488   
 1584 	15.4665   	-4.671988   
 1585 	15.4763   	-4.671988   
 1586 	15.4861   	-4.203238   
 1587 	15.4958   	-3.234488   
 1588 	15.5056   	-2.015677   
 1589 	15.5154   	-1.031302   
 1590 	15.5252   	-0.640616   
 1591 	15.5349   	-0.203116   
 1592 	15.5447   	0.265634    
 1593 	15.5545   	0.468759    
 1594 	15.5642   	0.000009    
 1595 	15.5740   	-0.906302   
 1596 	15.5838   	-1.937552   
 1597 	15.5936   	-2.984427   
 1598 	15.6033   	-3.671988   
 1599 	15.6131   	-4.031363   
 1600 	15.6229   	-4.109488   
 1601 	15.6326   	-3.750113   
 1602 	15.6424   	-3.609488   
 1603 	15.6522   	-3.250113   
 1604 	15.6619   	-2.968801   
 1605 	15.6717   	-2.390676   
 1606 	15.6815   	-1.968802   
 1607 	15.6913   	-1.671927   
 1608 	15.7010   	-1.500052   
 1609 	15.7108   	-1.734427   
 1610 	15.7206   	-1.656302   
 1611 	15.7303   	-1.859427   
 1612 	15.7401   	-1.718802   
 1613 	15.7499   	-1.468802   
 1614 	15.7596   	-1.109427   
 1615 	15.7694   	-1.218802   
 1616 	15.7792   	-1.203177   
 1617 	15.7890   	-1.718802   
 1618 	15.7987   	-1.953177   
 1619 	15.8085   	-3.140738   
 1620 	15.8183   	-3.500113   
 1621 	15.8280   	-3.312613   
 1622 	15.8378   	-3.062552   
 1623 	15.8476   	-3.078238   
 1624 	15.8574   	-2.968801   
 1625 	15.8671   	-3.046926   
 1626 	15.8769   	-2.593801   
 1627 	15.8867   	-2.437552   
 1628 	15.8964   	-2.171926   
 1629 	15.9062   	-1.671927   
 1630 	15.9160   	-1.406302   
 1631 	15.9257   	-1.171927   
 1632 	15.9355   	-0.921927   
 1633 	15.9453   	-0.906302   
 1634 	15.9551   	-1.093802   
 1635 	15.9648   	-1.359427   
 1636 	15.9746   	-1.640677   
 1637 	15.9844   	-1.906302   
 1638 	15.9941   	-2.421927   
 1639 	16.0039   	-2.671927   
 1640 	16.0137   	-2.843801   
 1641 	16.0234   	-2.906302   
 1642 	16.0332   	-3.046926   
 1643 	16.0430   	-2.937551   
 1644 	16.0528   	-2.750052   
 1645 	16.0625   	-2.421927   
 1646 	16.0723   	-2.359427   
 1647 	16.0821   	-2.343802   
 1648 	16.0918   	-2.187551   
 1649 	16.1016   	-2.171926   
 1650 	16.1114   	-2.046926   
 1651 	16.1212   	-2.078177   
 1652 	16.1309   	-2.718801   
 1653 	16.1407   	-2.921926   
 1654 	16.1505   	-2.937551   
 1655 	16.1602   	-2.734426   
 1656 	16.1700   	-2.140677   
 1657 	16.1798   	-1.500052   
 1658 	16.1895   	-0.437491   
 1659 	16.1993   	-0.249991   
 1660 	16.2091   	-0.328116   
 1661 	16.2189   	-0.546866   
 1662 	16.2286   	-1.234427   
 1663 	16.2384   	-2.234427   
 1664 	16.2482   	-3.109488   
 1665 	16.2579   	-3.250113   
 1666 	16.2677   	-3.687613   
 1667 	16.2775   	-4.031363   
 1668 	16.2873   	-3.875113   
 1669 	16.2970   	-3.781363   
 1670 	16.3068   	-3.203238   
 1671 	16.3166   	-2.765676   
 1672 	16.3263   	-2.140677   
 1673 	16.3361   	-1.281302   
 1674 	16.3459   	-0.843741   
 1675 	16.3556   	-0.203116   
 1676 	16.3654   	-0.281241   
 1677 	16.3752   	-0.718741   
 1678 	16.3850   	-1.343802   
 1679 	16.3947   	-2.187551   
 1680 	16.4045   	-2.843801   
 1681 	16.4143   	-3.093863   
 1682 	16.4240   	-3.125113   
 1683 	16.4338   	-3.234488   
 1684 	16.4436   	-2.968801   
 1685 	16.4533   	-2.359427   
 1686 	16.4631   	-1.718802   
 1687 	16.4729   	-1.109427   
 1688 	16.4827   	-1.125052   
 1689 	16.4924   	-1.718802   
 1690 	16.5022   	-1.890677   
 1691 	16.5120   	-2.500052   
 1692 	16.5217   	-2.578177   
 1693 	16.5315   	-3.000051   
 1694 	16.5413   	-3.781363   
 1695 	16.5511   	-3.515738   
 1696 	16.5608   	-3.671988   
 1697 	16.5706   	-3.484488   
 1698 	16.5804   	-2.781302   
 1699 	16.5901   	-2.218802   
 1700 	16.5999   	-1.218802   
 1701 	16.6097   	-0.640616   
 1702 	16.6194   	0.046884    
 1703 	16.6292   	-0.046866   
 1704 	16.6390   	-0.484366   
 1705 	16.6488   	-1.156302   
 1706 	16.6585   	-2.093802   
 1707 	16.6683   	-2.625052   
 1708 	16.6781   	-3.265738   
 1709 	16.6878   	-3.625113   
 1710 	16.6976   	-4.109488   
 1711 	16.7074   	-4.000113   
 1712 	16.7171   	-3.656363   
 1713 	16.7269   	-2.687551   
 1714 	16.7367   	-1.828177   
 1715 	16.7465   	-1.437552   
 1716 	16.7562   	-1.312552   
 1717 	16.7660   	-1.578177   
 1718 	16.7758   	-1.828177   
 1719 	16.7855   	-1.953177   
 1720 	16.7953   	-2.156302   
 1721 	16.8051   	-2.406302   
 1722 	16.8149   	-2.546926   
 1723 	16.8246   	-2.281302   
 1724 	16.8344   	-2.328176   
 1725 	16.8442   	-1.953177   
 1726 	16.8539   	-1.875052   
 1727 	16.8637   	-1.750052   
 1728 	16.8735   	-1.406302   
 1729 	16.8832   	-1.468802   
 1730 	16.8930   	-1.578177   
 1731 	16.9028   	-1.937552   
 1732 	16.9126   	-2.109426   
 1733 	16.9223   	-2.218802   
 1734 	16.9321   	-2.546926   
 1735 	16.9419   	-2.937551   
 1736 	16.9516   	-3.359488   
 1737 	16.9614   	-3.718863   
 1738 	16.9712   	-3.562613   
 1739 	16.9809   	-3.015676   
 1740 	16.9907   	-2.625052   
 1741 	17.0005   	-1.968802   
 1742 	17.0103   	-1.421927   
 1743 	17.0200   	-1.125052   
 1744 	17.0298   	-0.984427   
 1745 	17.0396   	-1.250052   
 1746 	17.0493   	-1.421927   
 1747 	17.0591   	-1.812552   
 1748 	17.0689   	-2.343802   
 1749 	17.0787   	-2.453176   
 1750 	17.0884   	-2.796926   
 1751 	17.0982   	-2.843801   
 1752 	17.1080   	-2.625052   
 1753 	17.1177   	-2.250051   
 1754 	17.1275   	-1.546927   
 1755 	17.1373   	-1.234427   
 1756 	17.1470   	-1.500052   
 1757 	17.1568   	-1.562552   
 1758 	17.1666   	-2.093802   
 1759 	17.1764   	-2.421927   
 1760 	17.1861   	-3.062552   
 1761 	17.1959   	-3.359488   
 1762 	17.2057   	-3.421988   
 1763 	17.2154   	-3.484488   
 1764 	17.2252   	-3.015676   
 1765 	17.2350   	-2.718801   
 1766 	17.2447   	-2.328176   
 1767 	17.2545   	-2.062552   
 1768 	17.2643   	-1.656302   
 1769 	17.2741   	-1.296927   
 1770 	17.2838   	-1.015677   
 1771 	17.2936   	-0.890677   
 1772 	17.3034   	-0.875052   
 1773 	17.3131   	-1.593802   
 1774 	17.3229   	-1.968802   
 1775 	17.3327   	-2.406302   
 1776 	17.3425   	-2.906302   
 1777 	17.3522   	-3.515738   
 1778 	17.3620   	-3.843863   
 1779 	17.3718   	-3.546988   
 1780 	17.3815   	-3.093863   
 1781 	17.3913   	-2.468801   
 1782 	17.4011   	-1.796927   
 1783 	17.4108   	-1.250052   
 1784 	17.4206   	-1.046927   
 1785 	17.4304   	-1.484427   
 1786 	17.4402   	-2.250051   
 1787 	17.4499   	-2.750052   
 1788 	17.4597   	-3.359488   
 1789 	17.4695   	-3.156363   
 1790 	17.4792   	-2.718801   
 1791 	17.4890   	-2.671927   
 1792 	17.4988   	-2.531301   
 1793 	17.5085   	-2.421927   
 1794 	17.5183   	-2.187551   
 1795 	17.5281   	-1.937552   
 1796 	17.5379   	-1.468802   
 1797 	17.5476   	-0.859427   
 1798 	17.5574   	-0.843741   
 1799 	17.5672   	-0.968802   
 1800 	17.5769   	-1.218802   
 1801 	17.5867   	-1.671927   
 1802 	17.5965   	-2.203177   
 1803 	17.6063   	-2.906302   
 1804 	17.6160   	-3.281363   
 1805 	17.6258   	-3.578238   
 1806 	17.6356   	-3.828238   
 1807 	17.6453   	-3.921988   
 1808 	17.6551   	-3.656363   
 1809 	17.6649   	-3.062552   
 1810 	17.6746   	-2.750052   
 1811 	17.6844   	-2.109426   
 1812 	17.6942   	-1.546927   
 1813 	17.7040   	-1.093802   
 1814 	17.7137   	-0.937552   
 1815 	17.7235   	-0.828116   
 1816 	17.7333   	-1.015677   
 1817 	17.7430   	-0.734366   
 1818 	17.7528   	-0.937552   
 1819 	17.7626   	-1.609427   
 1820 	17.7724   	-2.109426   
 1821 	17.7821   	-2.593801   
 1822 	17.7919   	-2.765676   
 1823 	17.8017   	-2.687551   
 1824 	17.8114   	-2.921926   
 1825 	17.8212   	-3.187613   
 1826 	17.8310   	-3.312613   
 1827 	17.8407   	-3.734488   
 1828 	17.8505   	-3.484488   
 1829 	17.8603   	-3.109488   
 1830 	17.8701   	-2.593801   
 1831 	17.8798   	-1.906302   
 1832 	17.8896   	-1.671927   
 1833 	17.8994   	-1.468802   
 1834 	17.9091   	-1.421927   
 1835 	17.9189   	-1.156302   
 1836 	17.9287   	-1.031302   
 1837 	17.9384   	-0.499991   
 1838 	17.9482   	-1.015677   
 1839 	17.9580   	-1.328177   
 1840 	17.9678   	-1.859427   
 1841 	17.9775   	-2.421927   
 1842 	17.9873   	-2.640677   
 1843 	17.9971   	-2.843801   
 1844 	18.0068   	-2.953177   
 1845 	18.0166   	-3.109488   
 1846 	18.0264   	-3.218863   
 1847 	18.0362   	-2.718801   
 1848 	18.0459   	-2.640677   
 1849 	18.0557   	-2.343802   
 1850 	18.0655   	-1.875052   
 1851 	18.0752   	-1.828177   
 1852 	18.0850   	-1.937552   
 1853 	18.0948   	-1.718802   
 1854 	18.1045   	-1.984427   
 1855 	18.1143   	-2.390676   
 1856 	18.1241   	-2.421927   
 1857 	18.1339   	-2.265677   
 1858 	18.1436   	-2.140677   
 1859 	18.1534   	-2.218802   
 1860 	18.1632   	-2.593801   
 1861 	18.1729   	-2.765676   
 1862 	18.1827   	-2.390676   
 1863 	18.1925   	-2.046926   
 1864 	18.2022   	-1.843802   
 1865 	18.2120   	-1.390677   
 1866 	18.2218   	-1.109427   
 1867 	18.2316   	-1.156302   
 1868 	18.2413   	-1.531302   
 1869 	18.2511   	-1.671927   
 1870 	18.2609   	-2.437552   
 1871 	18.2706   	-2.906302   
 1872 	18.2804   	-3.343863   
 1873 	18.2902   	-3.484488   
 1874 	18.3000   	-3.281363   
 1875 	18.3097   	-3.015676   
 1876 	18.3195   	-2.812551   
 1877 	18.3293   	-2.281302   
 1878 	18.3390   	-2.000052   
 1879 	18.3488   	-1.781302   
 1880 	18.3586   	-1.890677   
 1881 	18.3683   	-2.140677   
 1882 	18.3781   	-2.125052   
 1883 	18.3879   	-1.906302   
 1884 	18.3977   	-1.781302   
 1885 	18.4074   	-1.437552   
 1886 	18.4172   	-1.406302   
 1887 	18.4270   	-1.453177   
 1888 	18.4367   	-1.578177   
 1889 	18.4465   	-1.890677   
 1890 	18.4563   	-2.109426   
 1891 	18.4660   	-2.484427   
 1892 	18.4758   	-2.218802   
 1893 	18.4856   	-2.203177   
 1894 	18.4954   	-2.390676   
 1895 	18.5051   	-2.453176   
 1896 	18.5149   	-3.000051   
 1897 	18.5247   	-3.078238   
 1898 	18.5344   	-3.062552   
 1899 	18.5442   	-2.890676   
 1900 	18.5540   	-2.875052   
 1901 	18.5638   	-2.593801   
 1902 	18.5735   	-2.375052   
 1903 	18.5833   	-2.093802   
 1904 	18.5931   	-1.328177   
 1905 	18.6028   	-0.906302   
 1906 	18.6126   	-0.796866   
 1907 	18.6224   	-1.000052   
 1908 	18.6321   	-1.171927   
 1909 	18.6419   	-1.406302   
 1910 	18.6517   	-2.187551   
 1911 	18.6615   	-2.406302   
 1912 	18.6712   	-2.421927   
 1913 	18.6810   	-2.500052   
 1914 	18.6908   	-2.484427   
 1915 	18.7005   	-2.437552   
 1916 	18.7103   	-2.718801   
 1917 	18.7201   	-2.640677   
 1918 	18.7298   	-2.906302   
 1919 	18.7396   	-2.859427   
 1920 	18.7494   	-2.750052   
 1921 	18.7592   	-2.906302   
 1922 	18.7689   	-2.843801   
 1923 	18.7787   	-2.906302   
 1924 	18.7885   	-2.703177   
 1925 	18.7982   	-2.468801   
 1926 	18.8080   	-2.218802   
 1927 	18.8178   	-1.578177   
 1928 	18.8276   	-1.109427   
 1929 	18.8373   	-0.578116   
 1930 	18.8471   	-0.593741   
 1931 	18.8569   	-0.796866   
 1932 	18.8666   	-1.203177   
 1933 	18.8764   	-1.953177   
 1934 	18.8862   	-2.484427   
 1935 	18.8959   	-2.875052   
 1936 	18.9057   	-3.250113   
 1937 	18.9155   	-2.968801   
 1938 	18.9253   	-3.078238   
 1939 	18.9350   	-3.312613   
 1940 	18.9448   	-3.062552   
 1941 	18.9546   	-3.375113   
 1942 	18.9643   	-3.093863   
 1943 	18.9741   	-2.812551   
 1944 	18.9839   	-2.359427   
 1945 	18.9937   	-1.890677   
 1946 	19.0034   	-1.578177   
 1947 	19.0132   	-1.484427   
 1948 	19.0230   	-1.484427   
 1949 	19.0327   	-1.625052   
 1950 	19.0425   	-1.421927   
 1951 	19.0523   	-1.390677   
 1952 	19.0620   	-1.484427   
 1953 	19.0718   	-1.875052   
 1954 	19.0816   	-1.890677   
 1955 	19.0914   	-2.140677   
 1956 	19.1011   	-2.437552   
 1957 	19.1109   	-2.750052   
 1958 	19.1207   	-3.125113   
 1959 	19.1304   	-2.796926   
 1960 	19.1402   	-2.421927   
 1961 	19.1500   	-2.218802   
 1962 	19.1597   	-2.296927   
 1963 	19.1695   	-2.328176   
 1964 	19.1793   	-2.203177   
 1965 	19.1891   	-2.593801   
 1966 	19.1988   	-2.484427   
 1967 	19.2086   	-2.531301   
 1968 	19.2184   	-2.328176   
 1969 	19.2281   	-2.437552   
 1970 	19.2379   	-2.359427   
 1971 	19.2477   	-2.046926   
 1972 	19.2575   	-1.843802   
 1973 	19.2672   	-1.468802   
 1974 	19.2770   	-1.640677   
 1975 	19.2868   	-1.531302   
 1976 	19.2965   	-1.625052   
 1977 	19.3063   	-1.671927   
 1978 	19.3161   	-1.453177   
 1979 	19.3258   	-2.250051   
 1980 	19.3356   	-2.250051   
 1981 	19.3454   	-2.171926   
 1982 	19.3552   	-2.578177   
 1983 	19.3649   	-3.000051   
 1984 	19.3747   	-3.015676   
 1985 	19.3845   	-2.953177   
 1986 	19.3942   	-2.640677   
 1987 	19.4040   	-2.484427   
 1988 	19.4138   	-2.125052   
 1989 	19.4235   	-2.093802   
 1990 	19.4333   	-1.750052   
 1991 	19.4431   	-1.671927   
 1992 	19.4529   	-1.406302   
 1993 	19.4626   	-1.640677   
 1994 	19.4724   	-2.015677   
 1995 	19.4822   	-2.312551   
 1996 	19.4919   	-2.812551   
 1997 	19.5017   	-2.609426   
 1998 	19.5115   	-2.718801   
 1999 	19.5213   	-2.328176   
 2000 	19.5310   	-2.203177   
 2001 	19.5408   	-1.937552   
 2002 	19.5506   	-1.781302   
 2003 	19.5603   	-1.562552   
 2004 	19.5701   	-1.250052   
 2005 	19.5799   	-1.453177   
 2006 	19.5896   	-1.843802   
 2007 	19.5994   	-1.953177   
 2008 	19.6092   	-2.468801   
 2009 	19.6190   	-2.750052   
 2010 	19.6287   	-3.109488   
 2011 	19.6385   	-3.093863   
 2012 	19.6483   	-2.968801   
 2013 	19.6580   	-2.703177   
 2014 	19.6678   	-2.515677   
 2015 	19.6776   	-2.375052   
 2016 	19.6873   	-2.453176   
 2017 	19.6971   	-2.578177   
 2018 	19.7069   	-2.296927   
 2019 	19.7167   	-2.078177   
 2020 	19.7264   	-1.671927   
 2021 	19.7362   	-1.234427   
 2022 	19.7460   	-0.968802   
 2023 	19.7557   	-0.781241   
 2024 	19.7655   	-1.156302   
 2025 	19.7753   	-1.640677   
 2026 	19.7851   	-2.359427   
 2027 	19.7948   	-2.406302   
 2028 	19.8046   	-2.562552   
 2029 	19.8144   	-2.437552   
 2030 	19.8241   	-2.875052   
 2031 	19.8339   	-3.234488   
 2032 	19.8437   	-3.343863   
 2033 	19.8534   	-3.125113   
 2034 	19.8632   	-3.078238   
 2035 	19.8730   	-2.593801   
 2036 	19.8828   	-2.578177   
 2037 	19.8925   	-2.296927   
 2038 	19.9023   	-2.125052   
 2039 	19.9121   	-1.828177   
 2040 	19.9218   	-1.546927   
 2041 	19.9316   	-1.171927   
 2042 	19.9414   	-1.015677   
 2043 	19.9511   	-1.187552   
 2044 	19.9609   	-1.328177   
 2045 	19.9707   	-1.671927   
 2046 	19.9805   	-2.062552   
 2047 	19.9902   	-2.484427   
 2048 	20.0000   	-2.453176   

