
      	X(nS)     	Ch1(mV)      


 1    	0.0000    	-2.375076   
 2    	0.0098    	-2.156326   
 3    	0.0195    	-2.125076   
 4    	0.0293    	-2.109451   
 5    	0.0391    	-2.312576   
 6    	0.0489    	-2.218826   
 7    	0.0586    	-2.281326   
 8    	0.0684    	-1.953201   
 9    	0.0782    	-2.234451   
 10   	0.0879    	-2.234451   
 11   	0.0977    	-2.125076   
 12   	0.1075    	-2.109451   
 13   	0.1172    	-2.078201   
 14   	0.1270    	-2.187576   
 15   	0.1368    	-2.109451   
 16   	0.1466    	-2.234451   
 17   	0.1563    	-2.000076   
 18   	0.1661    	-1.812576   
 19   	0.1759    	-2.234451   
 20   	0.1856    	-2.343826   
 21   	0.1954    	-2.078201   
 22   	0.2052    	-2.171951   
 23   	0.2149    	-2.218826   
 24   	0.2247    	-2.250076   
 25   	0.2345    	-2.156326   
 26   	0.2443    	-2.234451   
 27   	0.2540    	-2.187576   
 28   	0.2638    	-2.218826   
 29   	0.2736    	-2.187576   
 30   	0.2833    	-2.390701   
 31   	0.2931    	-2.281326   
 32   	0.3029    	-2.406326   
 33   	0.3127    	-2.125076   
 34   	0.3224    	-2.015701   
 35   	0.3322    	-2.015701   
 36   	0.3420    	-2.250076   
 37   	0.3517    	-2.046951   
 38   	0.3615    	-2.062576   
 39   	0.3713    	-2.140701   
 40   	0.3810    	-2.250076   
 41   	0.3908    	-2.171951   
 42   	0.4006    	-2.156326   
 43   	0.4104    	-2.250076   
 44   	0.4201    	-2.000076   
 45   	0.4299    	-2.140701   
 46   	0.4397    	-2.312576   
 47   	0.4494    	-2.296951   
 48   	0.4592    	-2.281326   
 49   	0.4690    	-2.375076   
 50   	0.4787    	-2.468826   
 51   	0.4885    	-2.265701   
 52   	0.4983    	-2.234451   
 53   	0.5081    	-2.281326   
 54   	0.5178    	-2.031326   
 55   	0.5276    	-2.078201   
 56   	0.5374    	-2.203201   
 57   	0.5471    	-2.281326   
 58   	0.5569    	-2.375076   
 59   	0.5667    	-2.078201   
 60   	0.5765    	-2.187576   
 61   	0.5862    	-2.343826   
 62   	0.5960    	-2.187576   
 63   	0.6058    	-1.921951   
 64   	0.6155    	-2.046951   
 65   	0.6253    	-2.046951   
 66   	0.6351    	-1.984451   
 67   	0.6448    	-2.140701   
 68   	0.6546    	-2.406326   
 69   	0.6644    	-2.156326   
 70   	0.6742    	-2.000076   
 71   	0.6839    	-2.359451   
 72   	0.6937    	-2.671951   
 73   	0.7035    	-2.218826   
 74   	0.7132    	-2.093826   
 75   	0.7230    	-2.156326   
 76   	0.7328    	-2.312576   
 77   	0.7426    	-2.171951   
 78   	0.7523    	-2.265701   
 79   	0.7621    	-2.328201   
 80   	0.7719    	-2.250076   
 81   	0.7816    	-2.296951   
 82   	0.7914    	-2.125076   
 83   	0.8012    	-2.187576   
 84   	0.8109    	-1.890701   
 85   	0.8207    	-1.968826   
 86   	0.8305    	-2.078201   
 87   	0.8403    	-2.203201   
 88   	0.8500    	-2.078201   
 89   	0.8598    	-2.312576   
 90   	0.8696    	-2.156326   
 91   	0.8793    	-2.265701   
 92   	0.8891    	-1.843826   
 93   	0.8989    	-2.031326   
 94   	0.9086    	-1.968826   
 95   	0.9184    	-2.031326   
 96   	0.9282    	-2.078201   
 97   	0.9380    	-2.296951   
 98   	0.9477    	-2.234451   
 99   	0.9575    	-2.093826   
 100  	0.9673    	-2.250076   
 101  	0.9770    	-2.062576   
 102  	0.9868    	-2.312576   
 103  	0.9966    	-2.437576   
 104  	1.0064    	-2.171951   
 105  	1.0161    	-2.171951   
 106  	1.0259    	-2.031326   
 107  	1.0357    	-1.953201   
 108  	1.0454    	-1.890701   
 109  	1.0552    	-2.015701   
 110  	1.0650    	-2.109451   
 111  	1.0747    	-2.453201   
 112  	1.0845    	-2.546951   
 113  	1.0943    	-2.078201   
 114  	1.1041    	-2.203201   
 115  	1.1138    	-2.250076   
 116  	1.1236    	-2.000076   
 117  	1.1334    	-2.187576   
 118  	1.1431    	-2.078201   
 119  	1.1529    	-2.437576   
 120  	1.1627    	-2.109451   
 121  	1.1724    	-2.281326   
 122  	1.1822    	-2.250076   
 123  	1.1920    	-2.250076   
 124  	1.2018    	-2.296951   
 125  	1.2115    	-2.203201   
 126  	1.2213    	-2.140701   
 127  	1.2311    	-2.328201   
 128  	1.2408    	-2.484451   
 129  	1.2506    	-2.468826   
 130  	1.2604    	-2.234451   
 131  	1.2702    	-2.031326   
 132  	1.2799    	-2.062576   
 133  	1.2897    	-2.250076   
 134  	1.2995    	-2.218826   
 135  	1.3092    	-2.218826   
 136  	1.3190    	-2.234451   
 137  	1.3288    	-2.109451   
 138  	1.3385    	-2.046951   
 139  	1.3483    	-2.000076   
 140  	1.3581    	-2.265701   
 141  	1.3679    	-2.375076   
 142  	1.3776    	-2.375076   
 143  	1.3874    	-2.171951   
 144  	1.3972    	-2.265701   
 145  	1.4069    	-2.125076   
 146  	1.4167    	-2.359451   
 147  	1.4265    	-2.109451   
 148  	1.4362    	-2.187576   
 149  	1.4460    	-2.375076   
 150  	1.4558    	-2.234451   
 151  	1.4656    	-2.312576   
 152  	1.4753    	-2.031326   
 153  	1.4851    	-2.156326   
 154  	1.4949    	-2.328201   
 155  	1.5046    	-2.203201   
 156  	1.5144    	-1.968826   
 157  	1.5242    	-2.156326   
 158  	1.5340    	-2.187576   
 159  	1.5437    	-2.234451   
 160  	1.5535    	-2.187576   
 161  	1.5633    	-1.984451   
 162  	1.5730    	-1.812576   
 163  	1.5828    	-2.187576   
 164  	1.5926    	-2.140701   
 165  	1.6023    	-2.109451   
 166  	1.6121    	-2.093826   
 167  	1.6219    	-2.000076   
 168  	1.6317    	-1.968826   
 169  	1.6414    	-1.906326   
 170  	1.6512    	-1.937576   
 171  	1.6610    	-2.078201   
 172  	1.6707    	-2.234451   
 173  	1.6805    	-2.250076   
 174  	1.6903    	-2.328201   
 175  	1.7000    	-2.421951   
 176  	1.7098    	-1.984451   
 177  	1.7196    	-2.203201   
 178  	1.7294    	-2.203201   
 179  	1.7391    	-2.171951   
 180  	1.7489    	-2.156326   
 181  	1.7587    	-2.375076   
 182  	1.7684    	-2.359451   
 183  	1.7782    	-2.250076   
 184  	1.7880    	-2.093826   
 185  	1.7978    	-2.031326   
 186  	1.8075    	-1.984451   
 187  	1.8173    	-2.203201   
 188  	1.8271    	-2.125076   
 189  	1.8368    	-2.250076   
 190  	1.8466    	-1.984451   
 191  	1.8564    	-2.015701   
 192  	1.8661    	-2.140701   
 193  	1.8759    	-2.140701   
 194  	1.8857    	-2.015701   
 195  	1.8955    	-1.968826   
 196  	1.9052    	-1.984451   
 197  	1.9150    	-2.203201   
 198  	1.9248    	-2.265701   
 199  	1.9345    	-2.000076   
 200  	1.9443    	-1.906326   
 201  	1.9541    	-2.343826   
 202  	1.9638    	-2.234451   
 203  	1.9736    	-2.296951   
 204  	1.9834    	-2.156326   
 205  	1.9932    	-2.328201   
 206  	2.0029    	-2.093826   
 207  	2.0127    	-1.843826   
 208  	2.0225    	-2.062576   
 209  	2.0322    	-2.328201   
 210  	2.0420    	-2.343826   
 211  	2.0518    	-2.187576   
 212  	2.0616    	-2.000076   
 213  	2.0713    	-2.140701   
 214  	2.0811    	-2.140701   
 215  	2.0909    	-1.968826   
 216  	2.1006    	-1.937576   
 217  	2.1104    	-1.906326   
 218  	2.1202    	-2.187576   
 219  	2.1299    	-2.171951   
 220  	2.1397    	-2.140701   
 221  	2.1495    	-2.406326   
 222  	2.1593    	-2.250076   
 223  	2.1690    	-2.171951   
 224  	2.1788    	-2.265701   
 225  	2.1886    	-2.109451   
 226  	2.1983    	-2.125076   
 227  	2.2081    	-2.281326   
 228  	2.2179    	-2.343826   
 229  	2.2277    	-2.250076   
 230  	2.2374    	-2.203201   
 231  	2.2472    	-2.265701   
 232  	2.2570    	-2.234451   
 233  	2.2667    	-2.203201   
 234  	2.2765    	-2.109451   
 235  	2.2863    	-2.156326   
 236  	2.2960    	-2.140701   
 237  	2.3058    	-2.046951   
 238  	2.3156    	-1.921951   
 239  	2.3254    	-1.968826   
 240  	2.3351    	-2.234451   
 241  	2.3449    	-2.359451   
 242  	2.3547    	-2.203201   
 243  	2.3644    	-2.203201   
 244  	2.3742    	-2.265701   
 245  	2.3840    	-2.187576   
 246  	2.3937    	-2.296951   
 247  	2.4035    	-2.421951   
 248  	2.4133    	-2.531326   
 249  	2.4231    	-2.343826   
 250  	2.4328    	-2.406326   
 251  	2.4426    	-2.109451   
 252  	2.4524    	-2.203201   
 253  	2.4621    	-2.234451   
 254  	2.4719    	-2.640701   
 255  	2.4817    	-2.281326   
 256  	2.4915    	-2.468826   
 257  	2.5012    	-2.093826   
 258  	2.5110    	-2.093826   
 259  	2.5208    	-2.234451   
 260  	2.5305    	-2.187576   
 261  	2.5403    	-2.218826   
 262  	2.5501    	-2.031326   
 263  	2.5598    	-2.328201   
 264  	2.5696    	-2.218826   
 265  	2.5794    	-2.359451   
 266  	2.5892    	-2.296951   
 267  	2.5989    	-2.359451   
 268  	2.6087    	-2.109451   
 269  	2.6185    	-2.171951   
 270  	2.6282    	-2.250076   
 271  	2.6380    	-2.125076   
 272  	2.6478    	-2.406326   
 273  	2.6575    	-2.140701   
 274  	2.6673    	-2.203201   
 275  	2.6771    	-2.187576   
 276  	2.6869    	-2.203201   
 277  	2.6966    	-2.015701   
 278  	2.7064    	-2.250076   
 279  	2.7162    	-2.218826   
 280  	2.7259    	-2.218826   
 281  	2.7357    	-2.078201   
 282  	2.7455    	-2.000076   
 283  	2.7553    	-2.031326   
 284  	2.7650    	-2.015701   
 285  	2.7748    	-2.375076   
 286  	2.7846    	-2.281326   
 287  	2.7943    	-2.218826   
 288  	2.8041    	-2.078201   
 289  	2.8139    	-2.265701   
 290  	2.8236    	-2.109451   
 291  	2.8334    	-2.187576   
 292  	2.8432    	-2.234451   
 293  	2.8530    	-2.015701   
 294  	2.8627    	-2.062576   
 295  	2.8725    	-2.140701   
 296  	2.8823    	-2.218826   
 297  	2.8920    	-2.296951   
 298  	2.9018    	-2.125076   
 299  	2.9116    	-2.203201   
 300  	2.9213    	-2.312576   
 301  	2.9311    	-2.078201   
 302  	2.9409    	-2.031326   
 303  	2.9507    	-2.187576   
 304  	2.9604    	-2.109451   
 305  	2.9702    	-2.218826   
 306  	2.9800    	-2.015701   
 307  	2.9897    	-2.265701   
 308  	2.9995    	-2.250076   
 309  	3.0093    	-2.156326   
 310  	3.0191    	-2.437576   
 311  	3.0288    	-2.359451   
 312  	3.0386    	-2.156326   
 313  	3.0484    	-2.203201   
 314  	3.0581    	-1.921951   
 315  	3.0679    	-2.343826   
 316  	3.0777    	-1.937576   
 317  	3.0874    	-2.156326   
 318  	3.0972    	-2.218826   
 319  	3.1070    	-2.562576   
 320  	3.1168    	-2.093826   
 321  	3.1265    	-2.218826   
 322  	3.1363    	-2.140701   
 323  	3.1461    	-1.968826   
 324  	3.1558    	-1.953201   
 325  	3.1656    	-2.296951   
 326  	3.1754    	-2.296951   
 327  	3.1851    	-2.296951   
 328  	3.1949    	-2.203201   
 329  	3.2047    	-2.218826   
 330  	3.2145    	-1.843826   
 331  	3.2242    	-2.140701   
 332  	3.2340    	-2.375076   
 333  	3.2438    	-2.312576   
 334  	3.2535    	-2.203201   
 335  	3.2633    	-2.140701   
 336  	3.2731    	-2.093826   
 337  	3.2829    	-2.031326   
 338  	3.2926    	-2.468826   
 339  	3.3024    	-2.468826   
 340  	3.3122    	-2.281326   
 341  	3.3219    	-2.109451   
 342  	3.3317    	-2.015701   
 343  	3.3415    	-1.953201   
 344  	3.3512    	-2.203201   
 345  	3.3610    	-2.031326   
 346  	3.3708    	-2.234451   
 347  	3.3806    	-2.031326   
 348  	3.3903    	-2.171951   
 349  	3.4001    	-2.234451   
 350  	3.4099    	-2.000076   
 351  	3.4196    	-2.140701   
 352  	3.4294    	-2.109451   
 353  	3.4392    	-2.250076   
 354  	3.4489    	-2.062576   
 355  	3.4587    	-2.421951   
 356  	3.4685    	-2.437576   
 357  	3.4783    	-2.218826   
 358  	3.4880    	-2.281326   
 359  	3.4978    	-2.156326   
 360  	3.5076    	-2.046951   
 361  	3.5173    	-2.203201   
 362  	3.5271    	-2.187576   
 363  	3.5369    	-2.078201   
 364  	3.5467    	-2.328201   
 365  	3.5564    	-2.125076   
 366  	3.5662    	-2.250076   
 367  	3.5760    	-2.265701   
 368  	3.5857    	-2.171951   
 369  	3.5955    	-2.296951   
 370  	3.6053    	-2.203201   
 371  	3.6150    	-2.109451   
 372  	3.6248    	-2.000076   
 373  	3.6346    	-2.421951   
 374  	3.6444    	-2.187576   
 375  	3.6541    	-2.281326   
 376  	3.6639    	-2.250076   
 377  	3.6737    	-2.312576   
 378  	3.6834    	-2.140701   
 379  	3.6932    	-2.265701   
 380  	3.7030    	-2.078201   
 381  	3.7128    	-1.953201   
 382  	3.7225    	-2.000076   
 383  	3.7323    	-2.312576   
 384  	3.7421    	-1.937576   
 385  	3.7518    	-2.015701   
 386  	3.7616    	-2.406326   
 387  	3.7714    	-2.218826   
 388  	3.7811    	-2.078201   
 389  	3.7909    	-1.968826   
 390  	3.8007    	-2.265701   
 391  	3.8105    	-2.140701   
 392  	3.8202    	-2.093826   
 393  	3.8300    	-2.296951   
 394  	3.8398    	-2.156326   
 395  	3.8495    	-2.046951   
 396  	3.8593    	-2.125076   
 397  	3.8691    	-2.046951   
 398  	3.8788    	-2.203201   
 399  	3.8886    	-2.078201   
 400  	3.8984    	-2.125076   
 401  	3.9082    	-2.078201   
 402  	3.9179    	-1.953201   
 403  	3.9277    	-2.000076   
 404  	3.9375    	-2.015701   
 405  	3.9472    	-2.421951   
 406  	3.9570    	-2.328201   
 407  	3.9668    	-2.046951   
 408  	3.9766    	-1.953201   
 409  	3.9863    	-2.171951   
 410  	3.9961    	-2.156326   
 411  	4.0059    	-2.187576   
 412  	4.0156    	-2.203201   
 413  	4.0254    	-2.062576   
 414  	4.0352    	-2.062576   
 415  	4.0449    	-2.234451   
 416  	4.0547    	-2.140701   
 417  	4.0645    	-2.437576   
 418  	4.0743    	-2.296951   
 419  	4.0840    	-2.218826   
 420  	4.0938    	-1.906326   
 421  	4.1036    	-2.390701   
 422  	4.1133    	-2.265701   
 423  	4.1231    	-2.281326   
 424  	4.1329    	-2.125076   
 425  	4.1426    	-1.953201   
 426  	4.1524    	-1.937576   
 427  	4.1622    	-1.984451   
 428  	4.1720    	-2.031326   
 429  	4.1817    	-2.031326   
 430  	4.1915    	-2.031326   
 431  	4.2013    	-2.328201   
 432  	4.2110    	-2.265701   
 433  	4.2208    	-2.171951   
 434  	4.2306    	-2.265701   
 435  	4.2404    	-2.390701   
 436  	4.2501    	-2.250076   
 437  	4.2599    	-2.453201   
 438  	4.2697    	-2.531326   
 439  	4.2794    	-2.390701   
 440  	4.2892    	-2.406326   
 441  	4.2990    	-2.578201   
 442  	4.3087    	-2.312576   
 443  	4.3185    	-2.140701   
 444  	4.3283    	-2.234451   
 445  	4.3381    	-2.234451   
 446  	4.3478    	-2.171951   
 447  	4.3576    	-2.046951   
 448  	4.3674    	-2.015701   
 449  	4.3771    	-2.046951   
 450  	4.3869    	-2.343826   
 451  	4.3967    	-2.156326   
 452  	4.4064    	-2.203201   
 453  	4.4162    	-2.203201   
 454  	4.4260    	-2.046951   
 455  	4.4358    	-1.921951   
 456  	4.4455    	-2.000076   
 457  	4.4553    	-2.296951   
 458  	4.4651    	-2.281326   
 459  	4.4748    	-2.171951   
 460  	4.4846    	-2.250076   
 461  	4.4944    	-2.218826   
 462  	4.5042    	-2.046951   
 463  	4.5139    	-2.031326   
 464  	4.5237    	-2.265701   
 465  	4.5335    	-2.156326   
 466  	4.5432    	-2.468826   
 467  	4.5530    	-2.468826   
 468  	4.5628    	-2.187576   
 469  	4.5725    	-2.203201   
 470  	4.5823    	-2.109451   
 471  	4.5921    	-2.203201   
 472  	4.6019    	-2.031326   
 473  	4.6116    	-2.125076   
 474  	4.6214    	-2.359451   
 475  	4.6312    	-2.140701   
 476  	4.6409    	-2.203201   
 477  	4.6507    	-2.031326   
 478  	4.6605    	-2.109451   
 479  	4.6702    	-2.109451   
 480  	4.6800    	-2.125076   
 481  	4.6898    	-2.250076   
 482  	4.6996    	-2.406326   
 483  	4.7093    	-2.343826   
 484  	4.7191    	-2.109451   
 485  	4.7289    	-2.109451   
 486  	4.7386    	-1.984451   
 487  	4.7484    	-2.000076   
 488  	4.7582    	-2.109451   
 489  	4.7680    	-2.437576   
 490  	4.7777    	-2.328201   
 491  	4.7875    	-2.390701   
 492  	4.7973    	-2.062576   
 493  	4.8070    	-1.921951   
 494  	4.8168    	-2.109451   
 495  	4.8266    	-2.187576   
 496  	4.8363    	-2.468826   
 497  	4.8461    	-2.343826   
 498  	4.8559    	-2.343826   
 499  	4.8657    	-2.312576   
 500  	4.8754    	-2.421951   
 501  	4.8852    	-2.187576   
 502  	4.8950    	-2.093826   
 503  	4.9047    	-2.109451   
 504  	4.9145    	-2.203201   
 505  	4.9243    	-2.312576   
 506  	4.9341    	-2.375076   
 507  	4.9438    	-2.203201   
 508  	4.9536    	-2.187576   
 509  	4.9634    	-2.250076   
 510  	4.9731    	-1.953201   
 511  	4.9829    	-1.906326   
 512  	4.9927    	-2.156326   
 513  	5.0024    	-2.218826   
 514  	5.0122    	-2.203201   
 515  	5.0220    	-2.078201   
 516  	5.0318    	-2.343826   
 517  	5.0415    	-2.421951   
 518  	5.0513    	-2.218826   
 519  	5.0611    	-2.171951   
 520  	5.0708    	-2.343826   
 521  	5.0806    	-2.171951   
 522  	5.0904    	-2.218826   
 523  	5.1001    	-2.171951   
 524  	5.1099    	-2.171951   
 525  	5.1197    	-2.062576   
 526  	5.1295    	-2.359451   
 527  	5.1392    	-2.312576   
 528  	5.1490    	-2.078201   
 529  	5.1588    	-1.968826   
 530  	5.1685    	-2.328201   
 531  	5.1783    	-2.062576   
 532  	5.1881    	-1.968826   
 533  	5.1979    	-2.046951   
 534  	5.2076    	-2.218826   
 535  	5.2174    	-2.343826   
 536  	5.2272    	-2.375076   
 537  	5.2369    	-2.140701   
 538  	5.2467    	-2.312576   
 539  	5.2565    	-2.234451   
 540  	5.2662    	-2.218826   
 541  	5.2760    	-2.140701   
 542  	5.2858    	-2.343826   
 543  	5.2956    	-2.218826   
 544  	5.3053    	-2.125076   
 545  	5.3151    	-2.359451   
 546  	5.3249    	-2.218826   
 547  	5.3346    	-2.171951   
 548  	5.3444    	-2.140701   
 549  	5.3542    	-2.171951   
 550  	5.3639    	-2.250076   
 551  	5.3737    	-2.203201   
 552  	5.3835    	-2.093826   
 553  	5.3933    	-2.140701   
 554  	5.4030    	-2.171951   
 555  	5.4128    	-2.125076   
 556  	5.4226    	-2.343826   
 557  	5.4323    	-2.187576   
 558  	5.4421    	-2.250076   
 559  	5.4519    	-2.468826   
 560  	5.4617    	-2.375076   
 561  	5.4714    	-2.515701   
 562  	5.4812    	-2.375076   
 563  	5.4910    	-2.234451   
 564  	5.5007    	-2.000076   
 565  	5.5105    	-2.140701   
 566  	5.5203    	-1.984451   
 567  	5.5300    	-2.140701   
 568  	5.5398    	-2.171951   
 569  	5.5496    	-2.390701   
 570  	5.5594    	-2.437576   
 571  	5.5691    	-2.171951   
 572  	5.5789    	-2.000076   
 573  	5.5887    	-2.109451   
 574  	5.5984    	-2.312576   
 575  	5.6082    	-2.203201   
 576  	5.6180    	-2.296951   
 577  	5.6277    	-1.890701   
 578  	5.6375    	-2.093826   
 579  	5.6473    	-2.093826   
 580  	5.6571    	-2.296951   
 581  	5.6668    	-2.562576   
 582  	5.6766    	-2.140701   
 583  	5.6864    	-2.250076   
 584  	5.6961    	-2.062576   
 585  	5.7059    	-2.328201   
 586  	5.7157    	-2.390701   
 587  	5.7255    	-2.093826   
 588  	5.7352    	-2.156326   
 589  	5.7450    	-2.203201   
 590  	5.7548    	-2.140701   
 591  	5.7645    	-2.296951   
 592  	5.7743    	-2.234451   
 593  	5.7841    	-2.171951   
 594  	5.7938    	-2.234451   
 595  	5.8036    	-2.140701   
 596  	5.8134    	-2.093826   
 597  	5.8232    	-2.234451   
 598  	5.8329    	-2.171951   
 599  	5.8427    	-2.109451   
 600  	5.8525    	-1.968826   
 601  	5.8622    	-1.343826   
 602  	5.8720    	-1.312576   
 603  	5.8818    	-1.500076   
 604  	5.8915    	-2.296951   
 605  	5.9013    	-3.125137   
 606  	5.9111    	-3.468887   
 607  	5.9209    	-3.453262   
 608  	5.9306    	-3.468887   
 609  	5.9404    	-4.312637   
 610  	5.9502    	-5.281387   
 611  	5.9599    	-5.531448   
 612  	5.9697    	-5.265762   
 613  	5.9795    	-5.140762   
 614  	5.9893    	-5.750198   
 615  	5.9990    	-6.297073   
 616  	6.0088    	-6.250198   
 617  	6.0186    	-5.515823   
 618  	6.0283    	-4.250137   
 619  	6.0381    	-3.234512   
 620  	6.0479    	-2.406326   
 621  	6.0576    	-1.312576   
 622  	6.0674    	0.640610    
 623  	6.0772    	3.078232    
 624  	6.0870    	6.125107    
 625  	6.0967    	9.312729    
 626  	6.1065    	11.344101   
 627  	6.1163    	12.578476   
 628  	6.1260    	12.531601   
 629  	6.1358    	11.484726   
 630  	6.1456    	10.359604   
 631  	6.1553    	8.890854    
 632  	6.1651    	7.203354    
 633  	6.1749    	4.468857    
 634  	6.1847    	1.890610    
 635  	6.1944    	-0.593765   
 636  	6.2042    	-2.843826   
 637  	6.2140    	-5.750198   
 638  	6.2237    	-9.781569   
 639  	6.2335    	-15.844192  
 640  	6.2433    	-22.094376  
 641  	6.2531    	-27.860182  
 642  	6.2628    	-31.078993  
 643  	6.2726    	-32.000931  
 644  	6.2824    	-30.750868  
 645  	6.2921    	-28.125809  
 646  	6.3019    	-23.860062  
 647  	6.3117    	-19.453690  
 648  	6.3214    	-13.891006  
 649  	6.3312    	-8.734633   
 650  	6.3410    	-4.515762   
 651  	6.3508    	-1.484451   
 652  	6.3605    	2.046860    
 653  	6.3703    	7.593979    
 654  	6.3801    	14.906600   
 655  	6.3898    	22.047470   
 656  	6.3996    	28.172592   
 657  	6.4094    	31.907089   
 658  	6.4192    	33.125839   
 659  	6.4289    	32.625839   
 660  	6.4387    	30.266462   
 661  	6.4485    	25.625715   
 662  	6.4582    	19.828598   
 663  	6.4680    	13.078476   
 664  	6.4778    	7.484604    
 665  	6.4875    	2.453110    
 666  	6.4973    	-2.015701   
 667  	6.5071    	-7.140823   
 668  	6.5169    	-12.937881  
 669  	6.5266    	-18.844313  
 670  	6.5364    	-24.297562  
 671  	6.5462    	-28.860182  
 672  	6.5559    	-31.688368  
 673  	6.5657    	-32.625931  
 674  	6.5755    	-31.516493  
 675  	6.5852    	-28.735184  
 676  	6.5950    	-24.547560  
 677  	6.6048    	-19.734940  
 678  	6.6146    	-14.812943  
 679  	6.6243    	-10.531569  
 680  	6.6341    	-7.125198   
 681  	6.6439    	-4.078262   
 682  	6.6536    	-0.343765   
 683  	6.6634    	3.687607    
 684  	6.6732    	7.531479    
 685  	6.6830    	10.906479   
 686  	6.6927    	13.469101   
 687  	6.7025    	14.828476   
 688  	6.7123    	14.578476   
 689  	6.7220    	12.719101   
 690  	6.7318    	10.718979   
 691  	6.7416    	8.625229    
 692  	6.7513    	6.156357    
 693  	6.7611    	3.781357    
 694  	6.7709    	1.874985    
 695  	6.7807    	0.624985    
 696  	6.7904    	-0.125015   
 697  	6.8002    	-1.046951   
 698  	6.8100    	-2.109451   
 699  	6.8197    	-3.015701   
 700  	6.8295    	-3.406387   
 701  	6.8393    	-3.718887   
 702  	6.8490    	-3.437637   
 703  	6.8588    	-3.015701   
 704  	6.8686    	-2.531326   
 705  	6.8784    	-1.812576   
 706  	6.8881    	-1.093826   
 707  	6.8979    	-0.625015   
 708  	6.9077    	-0.859451   
 709  	6.9174    	-2.218826   
 710  	6.9272    	-3.515762   
 711  	6.9370    	-4.453262   
 712  	6.9468    	-5.656448   
 713  	6.9565    	-6.468948   
 714  	6.9663    	-7.859634   
 715  	6.9761    	-8.937758   
 716  	6.9858    	-9.328383   
 717  	6.9956    	-9.687759   
 718  	7.0054    	-10.234695  
 719  	7.0151    	-10.531569  
 720  	7.0249    	-10.656569  
 721  	7.0347    	-10.156569  
 722  	7.0445    	-9.047134   
 723  	7.0542    	-6.937698   
 724  	7.0640    	-4.859512   
 725  	7.0738    	-2.765701   
 726  	7.0835    	-0.421890   
 727  	7.0933    	1.312485    
 728  	7.1031    	3.390732    
 729  	7.1128    	4.671982    
 730  	7.1226    	5.843857    
 731  	7.1324    	6.250107    
 732  	7.1422    	6.140732    
 733  	7.1519    	6.062607    
 734  	7.1617    	5.546982    
 735  	7.1715    	5.093857    
 736  	7.1812    	4.484482    
 737  	7.1910    	3.531357    
 738  	7.2008    	2.203110    
 739  	7.2106    	0.749985    
 740  	7.2203    	-0.796890   
 741  	7.2301    	-2.234451   
 742  	7.2399    	-3.625137   
 743  	7.2496    	-4.484512   
 744  	7.2594    	-5.328323   
 745  	7.2692    	-5.593948   
 746  	7.2789    	-5.781448   
 747  	7.2887    	-5.703323   
 748  	7.2985    	-5.375198   
 749  	7.3083    	-4.625137   
 750  	7.3180    	-3.937637   
 751  	7.3278    	-3.562637   
 752  	7.3376    	-3.500137   
 753  	7.3473    	-3.578262   
 754  	7.3571    	-3.625137   
 755  	7.3669    	-3.609512   
 756  	7.3766    	-3.250137   
 757  	7.3864    	-2.828201   
 758  	7.3962    	-3.156387   
 759  	7.4060    	-3.250137   
 760  	7.4157    	-4.078262   
 761  	7.4255    	-4.718887   
 762  	7.4353    	-5.172012   
 763  	7.4450    	-5.187637   
 764  	7.4548    	-5.625198   
 765  	7.4646    	-5.625198   
 766  	7.4744    	-5.343948   
 767  	7.4841    	-4.672012   
 768  	7.4939    	-3.718887   
 769  	7.5037    	-2.859451   
 770  	7.5134    	-2.015701   
 771  	7.5232    	-0.968826   
 772  	7.5330    	0.203110    
 773  	7.5427    	1.187485    
 774  	7.5525    	1.765610    
 775  	7.5623    	2.593857    
 776  	7.5721    	3.062607    
 777  	7.5818    	3.531357    
 778  	7.5916    	3.828232    
 779  	7.6014    	3.671982    
 780  	7.6111    	3.046982    
 781  	7.6209    	2.203110    
 782  	7.6307    	1.171860    
 783  	7.6404    	0.124985    
 784  	7.6502    	-0.875076   
 785  	7.6600    	-2.015701   
 786  	7.6698    	-2.984451   
 787  	7.6795    	-3.781387   
 788  	7.6893    	-4.500137   
 789  	7.6991    	-5.359573   
 790  	7.7088    	-6.000198   
 791  	7.7186    	-6.390823   
 792  	7.7284    	-6.437698   
 793  	7.7382    	-6.328323   
 794  	7.7479    	-6.093948   
 795  	7.7577    	-5.593948   
 796  	7.7675    	-5.062637   
 797  	7.7772    	-4.437637   
 798  	7.7870    	-3.593887   
 799  	7.7968    	-3.265762   
 800  	7.8065    	-2.828201   
 801  	7.8163    	-2.578201   
 802  	7.8261    	-2.171951   
 803  	7.8359    	-2.078201   
 804  	7.8456    	-1.781326   
 805  	7.8554    	-1.296951   
 806  	7.8652    	-1.375076   
 807  	7.8749    	-1.515701   
 808  	7.8847    	-1.656326   
 809  	7.8945    	-1.593826   
 810  	7.9043    	-1.937576   
 811  	7.9140    	-2.140701   
 812  	7.9238    	-2.515701   
 813  	7.9336    	-2.109451   
 814  	7.9433    	-1.703201   
 815  	7.9531    	-1.390701   
 816  	7.9629    	-1.000076   
 817  	7.9726    	-0.687515   
 818  	7.9824    	-0.296890   
 819  	7.9922    	0.187485    
 820  	8.0020    	0.171860    
 821  	8.0117    	0.296860    
 822  	8.0215    	-0.000015   
 823  	8.0313    	-0.500015   
 824  	8.0410    	-0.531265   
 825  	8.0508    	-0.453140   
 826  	8.0606    	-0.656265   
 827  	8.0703    	-0.625015   
 828  	8.0801    	-0.921951   
 829  	8.0899    	-1.484451   
 830  	8.0997    	-1.906326   
 831  	8.1094    	-2.640701   
 832  	8.1192    	-3.328262   
 833  	8.1290    	-3.984512   
 834  	8.1387    	-4.437637   
 835  	8.1485    	-4.718887   
 836  	8.1583    	-4.781387   
 837  	8.1681    	-4.578262   
 838  	8.1778    	-4.187637   
 839  	8.1876    	-3.672012   
 840  	8.1974    	-3.593887   
 841  	8.2071    	-3.187637   
 842  	8.2169    	-3.265762   
 843  	8.2267    	-3.250137   
 844  	8.2364    	-3.265762   
 845  	8.2462    	-2.890701   
 846  	8.2560    	-2.281326   
 847  	8.2658    	-1.812576   
 848  	8.2755    	-1.609451   
 849  	8.2853    	-1.484451   
 850  	8.2951    	-1.328201   
 851  	8.3048    	-1.656326   
 852  	8.3146    	-2.093826   
 853  	8.3244    	-2.312576   
 854  	8.3341    	-2.781326   
 855  	8.3439    	-2.718826   
 856  	8.3537    	-2.125076   
 857  	8.3635    	-2.078201   
 858  	8.3732    	-1.906326   
 859  	8.3830    	-1.656326   
 860  	8.3928    	-1.515701   
 861  	8.4025    	-1.203201   
 862  	8.4123    	-1.125076   
 863  	8.4221    	-1.140701   
 864  	8.4319    	-1.156326   
 865  	8.4416    	-0.562515   
 866  	8.4514    	-0.515640   
 867  	8.4612    	-0.156265   
 868  	8.4709    	-0.078140   
 869  	8.4807    	-0.125015   
 870  	8.4905    	-0.296890   
 871  	8.5002    	-0.781265   
 872  	8.5100    	-1.359451   
 873  	8.5198    	-2.156326   
 874  	8.5296    	-2.812576   
 875  	8.5393    	-3.062576   
 876  	8.5491    	-3.234512   
 877  	8.5589    	-3.375137   
 878  	8.5686    	-3.812637   
 879  	8.5784    	-4.484512   
 880  	8.5882    	-4.609512   
 881  	8.5979    	-4.515762   
 882  	8.6077    	-4.687637   
 883  	8.6175    	-4.531387   
 884  	8.6273    	-4.484512   
 885  	8.6370    	-3.843887   
 886  	8.6468    	-3.484512   
 887  	8.6566    	-2.921951   
 888  	8.6663    	-2.625076   
 889  	8.6761    	-2.328201   
 890  	8.6859    	-1.906326   
 891  	8.6957    	-1.468826   
 892  	8.7054    	-1.125076   
 893  	8.7152    	-0.937576   
 894  	8.7250    	-1.046951   
 895  	8.7347    	-1.234451   
 896  	8.7445    	-1.171951   
 897  	8.7543    	-0.671890   
 898  	8.7640    	-0.953201   
 899  	8.7738    	-1.328201   
 900  	8.7836    	-1.468826   
 901  	8.7934    	-1.796951   
 902  	8.8031    	-1.750076   
 903  	8.8129    	-1.937576   
 904  	8.8227    	-2.156326   
 905  	8.8324    	-2.218826   
 906  	8.8422    	-2.531326   
 907  	8.8520    	-2.265701   
 908  	8.8617    	-1.968826   
 909  	8.8715    	-1.921951   
 910  	8.8813    	-1.812576   
 911  	8.8911    	-1.796951   
 912  	8.9008    	-1.531326   
 913  	8.9106    	-1.453201   
 914  	8.9204    	-1.500076   
 915  	8.9301    	-1.656326   
 916  	8.9399    	-1.640701   
 917  	8.9497    	-2.078201   
 918  	8.9595    	-2.093826   
 919  	8.9692    	-2.546951   
 920  	8.9790    	-2.546951   
 921  	8.9888    	-2.828201   
 922  	8.9985    	-3.297012   
 923  	9.0083    	-3.375137   
 924  	9.0181    	-3.484512   
 925  	9.0278    	-3.437637   
 926  	9.0376    	-3.890762   
 927  	9.0474    	-4.156387   
 928  	9.0572    	-3.984512   
 929  	9.0669    	-3.422012   
 930  	9.0767    	-3.187637   
 931  	9.0865    	-3.000076   
 932  	9.0962    	-2.562576   
 933  	9.1060    	-2.203201   
 934  	9.1158    	-1.859451   
 935  	9.1256    	-1.828201   
 936  	9.1353    	-1.421951   
 937  	9.1451    	-0.984451   
 938  	9.1549    	-0.609390   
 939  	9.1646    	-0.656265   
 940  	9.1744    	-0.625015   
 941  	9.1842    	-0.593765   
 942  	9.1939    	-0.781265   
 943  	9.2037    	-0.843765   
 944  	9.2135    	-1.328201   
 945  	9.2233    	-1.609451   
 946  	9.2330    	-2.000076   
 947  	9.2428    	-2.531326   
 948  	9.2526    	-2.406326   
 949  	9.2623    	-2.515701   
 950  	9.2721    	-2.734451   
 951  	9.2819    	-2.750076   
 952  	9.2916    	-2.984451   
 953  	9.3014    	-2.828201   
 954  	9.3112    	-2.953201   
 955  	9.3210    	-2.796951   
 956  	9.3307    	-2.796951   
 957  	9.3405    	-2.718826   
 958  	9.3503    	-2.687576   
 959  	9.3600    	-2.296951   
 960  	9.3698    	-2.062576   
 961  	9.3796    	-2.218826   
 962  	9.3894    	-2.156326   
 963  	9.3991    	-1.953201   
 964  	9.4089    	-2.062576   
 965  	9.4187    	-2.375076   
 966  	9.4284    	-2.562576   
 967  	9.4382    	-2.859451   
 968  	9.4480    	-2.656326   
 969  	9.4577    	-2.687576   
 970  	9.4675    	-2.906326   
 971  	9.4773    	-2.781326   
 972  	9.4871    	-3.187637   
 973  	9.4968    	-3.062576   
 974  	9.5066    	-3.000076   
 975  	9.5164    	-3.265762   
 976  	9.5261    	-3.031326   
 977  	9.5359    	-2.593826   
 978  	9.5457    	-2.031326   
 979  	9.5554    	-1.890701   
 980  	9.5652    	-1.718826   
 981  	9.5750    	-1.625076   
 982  	9.5848    	-1.046951   
 983  	9.5945    	-0.843765   
 984  	9.6043    	-0.750015   
 985  	9.6141    	-0.828140   
 986  	9.6238    	-1.062576   
 987  	9.6336    	-1.015701   
 988  	9.6434    	-1.234451   
 989  	9.6532    	-1.203201   
 990  	9.6629    	-1.625076   
 991  	9.6727    	-2.093826   
 992  	9.6825    	-2.062576   
 993  	9.6922    	-2.078201   
 994  	9.7020    	-2.484451   
 995  	9.7118    	-2.640701   
 996  	9.7215    	-2.796951   
 997  	9.7313    	-2.843826   
 998  	9.7411    	-2.750076   
 999  	9.7509    	-2.953201   
 1000 	9.7606    	-2.937576   
 1001 	9.7704    	-2.750076   
 1002 	9.7802    	-2.843826   
 1003 	9.7899    	-2.812576   
 1004 	9.7997    	-2.546951   
 1005 	9.8095    	-2.421951   
 1006 	9.8192    	-2.234451   
 1007 	9.8290    	-2.125076   
 1008 	9.8388    	-2.000076   
 1009 	9.8486    	-1.906326   
 1010 	9.8583    	-1.750076   
 1011 	9.8681    	-1.921951   
 1012 	9.8779    	-1.906326   
 1013 	9.8876    	-1.984451   
 1014 	9.8974    	-1.968826   
 1015 	9.9072    	-2.281326   
 1016 	9.9170    	-2.375076   
 1017 	9.9267    	-2.484451   
 1018 	9.9365    	-2.671951   
 1019 	9.9463    	-2.515701   
 1020 	9.9560    	-2.343826   
 1021 	9.9658    	-2.328201   
 1022 	9.9756    	-2.437576   
 1023 	9.9853    	-2.218826   
 1024 	9.9951    	-2.109451   
 1025 	10.0049   	-2.046951   
 1026 	10.0147   	-1.937576   
 1027 	10.0244   	-1.515701   
 1028 	10.0342   	-1.531326   
 1029 	10.0440   	-1.312576   
 1030 	10.0537   	-1.421951   
 1031 	10.0635   	-1.453201   
 1032 	10.0733   	-1.296951   
 1033 	10.0830   	-1.593826   
 1034 	10.0928   	-1.484451   
 1035 	10.1026   	-1.609451   
 1036 	10.1124   	-1.984451   
 1037 	10.1221   	-2.218826   
 1038 	10.1319   	-2.453201   
 1039 	10.1417   	-2.390701   
 1040 	10.1514   	-2.656326   
 1041 	10.1612   	-2.734451   
 1042 	10.1710   	-2.906326   
 1043 	10.1808   	-3.000076   
 1044 	10.1905   	-2.984451   
 1045 	10.2003   	-3.093887   
 1046 	10.2101   	-2.937576   
 1047 	10.2198   	-2.890701   
 1048 	10.2296   	-2.796951   
 1049 	10.2394   	-2.546951   
 1050 	10.2491   	-2.531326   
 1051 	10.2589   	-2.125076   
 1052 	10.2687   	-2.031326   
 1053 	10.2785   	-1.953201   
 1054 	10.2882   	-1.671951   
 1055 	10.2980   	-1.921951   
 1056 	10.3078   	-1.718826   
 1057 	10.3175   	-1.750076   
 1058 	10.3273   	-1.812576   
 1059 	10.3371   	-1.750076   
 1060 	10.3468   	-1.890701   
 1061 	10.3566   	-1.968826   
 1062 	10.3664   	-2.125076   
 1063 	10.3762   	-2.156326   
 1064 	10.3859   	-2.406326   
 1065 	10.3957   	-2.390701   
 1066 	10.4055   	-2.234451   
 1067 	10.4152   	-2.093826   
 1068 	10.4250   	-2.171951   
 1069 	10.4348   	-2.046951   
 1070 	10.4446   	-2.125076   
 1071 	10.4543   	-2.328201   
 1072 	10.4641   	-2.140701   
 1073 	10.4739   	-2.015701   
 1074 	10.4836   	-1.875076   
 1075 	10.4934   	-1.906326   
 1076 	10.5032   	-1.921951   
 1077 	10.5129   	-1.984451   
 1078 	10.5227   	-1.968826   
 1079 	10.5325   	-2.078201   
 1080 	10.5423   	-2.046951   
 1081 	10.5520   	-2.062576   
 1082 	10.5618   	-2.140701   
 1083 	10.5716   	-2.687576   
 1084 	10.5813   	-2.375076   
 1085 	10.5911   	-2.390701   
 1086 	10.6009   	-2.296951   
 1087 	10.6107   	-2.546951   
 1088 	10.6204   	-2.765701   
 1089 	10.6302   	-2.796951   
 1090 	10.6400   	-2.703201   
 1091 	10.6497   	-2.718826   
 1092 	10.6595   	-2.828201   
 1093 	10.6693   	-2.515701   
 1094 	10.6790   	-2.453201   
 1095 	10.6888   	-2.218826   
 1096 	10.6986   	-2.375076   
 1097 	10.7084   	-2.093826   
 1098 	10.7181   	-2.046951   
 1099 	10.7279   	-2.062576   
 1100 	10.7377   	-2.031326   
 1101 	10.7474   	-1.781326   
 1102 	10.7572   	-1.687576   
 1103 	10.7670   	-1.484451   
 1104 	10.7767   	-1.750076   
 1105 	10.7865   	-1.812576   
 1106 	10.7963   	-1.875076   
 1107 	10.8061   	-2.093826   
 1108 	10.8158   	-2.343826   
 1109 	10.8256   	-2.281326   
 1110 	10.8354   	-2.031326   
 1111 	10.8451   	-2.187576   
 1112 	10.8549   	-2.453201   
 1113 	10.8647   	-2.125076   
 1114 	10.8745   	-2.312576   
 1115 	10.8842   	-2.062576   
 1116 	10.8940   	-2.078201   
 1117 	10.9038   	-2.390701   
 1118 	10.9135   	-2.328201   
 1119 	10.9233   	-2.218826   
 1120 	10.9331   	-1.968826   
 1121 	10.9428   	-2.203201   
 1122 	10.9526   	-2.062576   
 1123 	10.9624   	-2.187576   
 1124 	10.9722   	-2.187576   
 1125 	10.9819   	-2.187576   
 1126 	10.9917   	-2.156326   
 1127 	11.0015   	-2.234451   
 1128 	11.0112   	-2.234451   
 1129 	11.0210   	-2.046951   
 1130 	11.0308   	-2.125076   
 1131 	11.0405   	-2.328201   
 1132 	11.0503   	-2.234451   
 1133 	11.0601   	-2.671951   
 1134 	11.0699   	-2.578201   
 1135 	11.0796   	-2.750076   
 1136 	11.0894   	-2.671951   
 1137 	11.0992   	-2.703201   
 1138 	11.1089   	-2.656326   
 1139 	11.1187   	-2.359451   
 1140 	11.1285   	-1.968826   
 1141 	11.1383   	-1.828201   
 1142 	11.1480   	-1.859451   
 1143 	11.1578   	-1.671951   
 1144 	11.1676   	-1.671951   
 1145 	11.1773   	-1.796951   
 1146 	11.1871   	-1.578201   
 1147 	11.1969   	-1.578201   
 1148 	11.2066   	-1.734451   
 1149 	11.2164   	-1.515701   
 1150 	11.2262   	-1.750076   
 1151 	11.2360   	-1.750076   
 1152 	11.2457   	-2.062576   
 1153 	11.2555   	-1.937576   
 1154 	11.2653   	-1.750076   
 1155 	11.2750   	-2.515701   
 1156 	11.2848   	-2.546951   
 1157 	11.2946   	-2.453201   
 1158 	11.3043   	-2.406326   
 1159 	11.3141   	-2.140701   
 1160 	11.3239   	-2.265701   
 1161 	11.3337   	-2.390701   
 1162 	11.3434   	-2.562576   
 1163 	11.3532   	-2.562576   
 1164 	11.3630   	-2.593826   
 1165 	11.3727   	-2.593826   
 1166 	11.3825   	-2.437576   
 1167 	11.3923   	-2.328201   
 1168 	11.4021   	-2.296951   
 1169 	11.4118   	-2.062576   
 1170 	11.4216   	-2.171951   
 1171 	11.4314   	-2.156326   
 1172 	11.4411   	-2.093826   
 1173 	11.4509   	-2.046951   
 1174 	11.4607   	-2.109451   
 1175 	11.4704   	-1.984451   
 1176 	11.4802   	-2.343826   
 1177 	11.4900   	-2.375076   
 1178 	11.4998   	-2.281326   
 1179 	11.5095   	-2.203201   
 1180 	11.5193   	-2.109451   
 1181 	11.5291   	-2.156326   
 1182 	11.5388   	-2.187576   
 1183 	11.5486   	-1.984451   
 1184 	11.5584   	-1.984451   
 1185 	11.5681   	-2.187576   
 1186 	11.5779   	-2.187576   
 1187 	11.5877   	-2.078201   
 1188 	11.5975   	-2.265701   
 1189 	11.6072   	-2.265701   
 1190 	11.6170   	-2.265701   
 1191 	11.6268   	-2.234451   
 1192 	11.6365   	-2.390701   
 1193 	11.6463   	-2.281326   
 1194 	11.6561   	-2.140701   
 1195 	11.6659   	-2.031326   
 1196 	11.6756   	-2.218826   
 1197 	11.6854   	-2.015701   
 1198 	11.6952   	-2.140701   
 1199 	11.7049   	-2.281326   
 1200 	11.7147   	-2.109451   
 1201 	11.7245   	-2.218826   
 1202 	11.7342   	-2.562576   
 1203 	11.7440   	-2.359451   
 1204 	11.7538   	-2.140701   
 1205 	11.7636   	-2.281326   
 1206 	11.7733   	-2.343826   
 1207 	11.7831   	-2.343826   
 1208 	11.7929   	-2.406326   
 1209 	11.8026   	-2.265701   
 1210 	11.8124   	-2.531326   
 1211 	11.8222   	-2.234451   
 1212 	11.8319   	-2.078201   
 1213 	11.8417   	-2.093826   
 1214 	11.8515   	-2.000076   
 1215 	11.8613   	-1.968826   
 1216 	11.8710   	-1.921951   
 1217 	11.8808   	-1.953201   
 1218 	11.8906   	-1.890701   
 1219 	11.9003   	-1.968826   
 1220 	11.9101   	-2.203201   
 1221 	11.9199   	-1.984451   
 1222 	11.9297   	-2.234451   
 1223 	11.9394   	-1.937576   
 1224 	11.9492   	-2.343826   
 1225 	11.9590   	-2.234451   
 1226 	11.9687   	-2.281326   
 1227 	11.9785   	-1.984451   
 1228 	11.9883   	-2.359451   
 1229 	11.9980   	-2.343826   
 1230 	12.0078   	-2.328201   
 1231 	12.0176   	-2.218826   
 1232 	12.0274   	-2.250076   
 1233 	12.0371   	-2.078201   
 1234 	12.0469   	-2.296951   
 1235 	12.0567   	-2.156326   
 1236 	12.0664   	-2.062576   
 1237 	12.0762   	-1.953201   
 1238 	12.0860   	-2.343826   
 1239 	12.0958   	-2.234451   
 1240 	12.1055   	-2.109451   
 1241 	12.1153   	-2.015701   
 1242 	12.1251   	-2.046951   
 1243 	12.1348   	-2.203201   
 1244 	12.1446   	-2.281326   
 1245 	12.1544   	-2.125076   
 1246 	12.1641   	-2.250076   
 1247 	12.1739   	-2.500076   
 1248 	12.1837   	-2.546951   
 1249 	12.1935   	-2.343826   
 1250 	12.2032   	-2.203201   
 1251 	12.2130   	-2.453201   
 1252 	12.2228   	-2.546951   
 1253 	12.2325   	-2.468826   
 1254 	12.2423   	-2.609451   
 1255 	12.2521   	-2.359451   
 1256 	12.2618   	-2.390701   
 1257 	12.2716   	-2.484451   
 1258 	12.2814   	-2.187576   
 1259 	12.2912   	-2.203201   
 1260 	12.3009   	-2.031326   
 1261 	12.3107   	-1.921951   
 1262 	12.3205   	-1.937576   
 1263 	12.3302   	-1.765701   
 1264 	12.3400   	-1.828201   
 1265 	12.3498   	-1.906326   
 1266 	12.3596   	-2.109451   
 1267 	12.3693   	-1.968826   
 1268 	12.3791   	-2.093826   
 1269 	12.3889   	-2.218826   
 1270 	12.3986   	-2.031326   
 1271 	12.4084   	-2.234451   
 1272 	12.4182   	-1.953201   
 1273 	12.4279   	-1.984451   
 1274 	12.4377   	-2.343826   
 1275 	12.4475   	-2.296951   
 1276 	12.4573   	-2.328201   
 1277 	12.4670   	-2.546951   
 1278 	12.4768   	-2.375076   
 1279 	12.4866   	-2.281326   
 1280 	12.4963   	-2.156326   
 1281 	12.5061   	-2.140701   
 1282 	12.5159   	-2.265701   
 1283 	12.5256   	-2.328201   
 1284 	12.5354   	-2.421951   
 1285 	12.5452   	-2.437576   
 1286 	12.5550   	-2.125076   
 1287 	12.5647   	-2.062576   
 1288 	12.5745   	-2.125076   
 1289 	12.5843   	-2.203201   
 1290 	12.5940   	-1.984451   
 1291 	12.6038   	-1.953201   
 1292 	12.6136   	-2.234451   
 1293 	12.6234   	-2.453201   
 1294 	12.6331   	-2.250076   
 1295 	12.6429   	-2.125076   
 1296 	12.6527   	-2.156326   
 1297 	12.6624   	-2.203201   
 1298 	12.6722   	-2.328201   
 1299 	12.6820   	-2.125076   
 1300 	12.6917   	-2.171951   
 1301 	12.7015   	-2.187576   
 1302 	12.7113   	-2.250076   
 1303 	12.7211   	-2.156326   
 1304 	12.7308   	-2.328201   
 1305 	12.7406   	-2.140701   
 1306 	12.7504   	-2.187576   
 1307 	12.7601   	-2.156326   
 1308 	12.7699   	-2.328201   
 1309 	12.7797   	-2.406326   
 1310 	12.7894   	-2.171951   
 1311 	12.7992   	-2.187576   
 1312 	12.8090   	-2.359451   
 1313 	12.8188   	-2.093826   
 1314 	12.8285   	-2.093826   
 1315 	12.8383   	-2.078201   
 1316 	12.8481   	-2.250076   
 1317 	12.8578   	-2.140701   
 1318 	12.8676   	-2.203201   
 1319 	12.8774   	-2.312576   
 1320 	12.8872   	-2.375076   
 1321 	12.8969   	-2.421951   
 1322 	12.9067   	-2.296951   
 1323 	12.9165   	-2.078201   
 1324 	12.9262   	-2.250076   
 1325 	12.9360   	-2.000076   
 1326 	12.9458   	-2.156326   
 1327 	12.9555   	-2.281326   
 1328 	12.9653   	-2.468826   
 1329 	12.9751   	-2.296951   
 1330 	12.9849   	-2.421951   
 1331 	12.9946   	-2.375076   
 1332 	13.0044   	-2.140701   
 1333 	13.0142   	-2.093826   
 1334 	13.0239   	-2.156326   
 1335 	13.0337   	-1.937576   
 1336 	13.0435   	-1.984451   
 1337 	13.0532   	-2.203201   
 1338 	13.0630   	-2.312576   
 1339 	13.0728   	-2.234451   
 1340 	13.0826   	-2.125076   
 1341 	13.0923   	-2.140701   
 1342 	13.1021   	-2.312576   
 1343 	13.1119   	-2.437576   
 1344 	13.1216   	-2.015701   
 1345 	13.1314   	-2.328201   
 1346 	13.1412   	-2.203201   
 1347 	13.1510   	-2.187576   
 1348 	13.1607   	-2.000076   
 1349 	13.1705   	-2.234451   
 1350 	13.1803   	-2.265701   
 1351 	13.1900   	-1.812576   
 1352 	13.1998   	-1.921951   
 1353 	13.2096   	-2.203201   
 1354 	13.2193   	-2.234451   
 1355 	13.2291   	-2.109451   
 1356 	13.2389   	-1.984451   
 1357 	13.2487   	-2.015701   
 1358 	13.2584   	-2.156326   
 1359 	13.2682   	-2.343826   
 1360 	13.2780   	-2.109451   
 1361 	13.2877   	-2.218826   
 1362 	13.2975   	-2.109451   
 1363 	13.3073   	-2.421951   
 1364 	13.3170   	-2.390701   
 1365 	13.3268   	-2.093826   
 1366 	13.3366   	-1.921951   
 1367 	13.3464   	-2.062576   
 1368 	13.3561   	-2.359451   
 1369 	13.3659   	-2.187576   
 1370 	13.3757   	-1.968826   
 1371 	13.3854   	-2.140701   
 1372 	13.3952   	-2.296951   
 1373 	13.4050   	-2.421951   
 1374 	13.4148   	-2.500076   
 1375 	13.4245   	-2.328201   
 1376 	13.4343   	-2.046951   
 1377 	13.4441   	-2.062576   
 1378 	13.4538   	-2.296951   
 1379 	13.4636   	-2.203201   
 1380 	13.4734   	-2.093826   
 1381 	13.4831   	-2.218826   
 1382 	13.4929   	-2.328201   
 1383 	13.5027   	-2.265701   
 1384 	13.5125   	-2.187576   
 1385 	13.5222   	-2.281326   
 1386 	13.5320   	-2.390701   
 1387 	13.5418   	-2.562576   
 1388 	13.5515   	-2.265701   
 1389 	13.5613   	-2.281326   
 1390 	13.5711   	-2.093826   
 1391 	13.5809   	-2.156326   
 1392 	13.5906   	-2.312576   
 1393 	13.6004   	-2.296951   
 1394 	13.6102   	-1.984451   
 1395 	13.6199   	-2.046951   
 1396 	13.6297   	-2.046951   
 1397 	13.6395   	-2.015701   
 1398 	13.6492   	-1.890701   
 1399 	13.6590   	-1.796951   
 1400 	13.6688   	-1.984451   
 1401 	13.6786   	-2.296951   
 1402 	13.6883   	-2.187576   
 1403 	13.6981   	-2.015701   
 1404 	13.7079   	-2.218826   
 1405 	13.7176   	-2.296951   
 1406 	13.7274   	-2.328201   
 1407 	13.7372   	-2.125076   
 1408 	13.7469   	-2.343826   
 1409 	13.7567   	-2.187576   
 1410 	13.7665   	-2.343826   
 1411 	13.7763   	-2.437576   
 1412 	13.7860   	-2.078201   
 1413 	13.7958   	-2.187576   
 1414 	13.8056   	-2.375076   
 1415 	13.8153   	-2.375076   
 1416 	13.8251   	-2.265701   
 1417 	13.8349   	-2.312576   
 1418 	13.8447   	-2.406326   
 1419 	13.8544   	-2.296951   
 1420 	13.8642   	-2.218826   
 1421 	13.8740   	-2.562576   
 1422 	13.8837   	-2.250076   
 1423 	13.8935   	-2.015701   
 1424 	13.9033   	-2.078201   
 1425 	13.9130   	-2.265701   
 1426 	13.9228   	-2.187576   
 1427 	13.9326   	-2.203201   
 1428 	13.9424   	-2.343826   
 1429 	13.9521   	-2.125076   
 1430 	13.9619   	-2.015701   
 1431 	13.9717   	-2.265701   
 1432 	13.9814   	-2.203201   
 1433 	13.9912   	-2.078201   
 1434 	14.0010   	-2.093826   
 1435 	14.0107   	-2.234451   
 1436 	14.0205   	-2.078201   
 1437 	14.0303   	-2.296951   
 1438 	14.0401   	-2.250076   
 1439 	14.0498   	-2.296951   
 1440 	14.0596   	-2.015701   
 1441 	14.0694   	-2.140701   
 1442 	14.0791   	-1.875076   
 1443 	14.0889   	-1.828201   
 1444 	14.0987   	-2.046951   
 1445 	14.1085   	-1.968826   
 1446 	14.1182   	-1.953201   
 1447 	14.1280   	-2.046951   
 1448 	14.1378   	-2.187576   
 1449 	14.1475   	-2.062576   
 1450 	14.1573   	-2.109451   
 1451 	14.1671   	-1.906326   
 1452 	14.1768   	-2.078201   
 1453 	14.1866   	-2.265701   
 1454 	14.1964   	-2.156326   
 1455 	14.2062   	-2.140701   
 1456 	14.2159   	-2.328201   
 1457 	14.2257   	-2.359451   
 1458 	14.2355   	-2.156326   
 1459 	14.2452   	-2.171951   
 1460 	14.2550   	-2.250076   
 1461 	14.2648   	-2.281326   
 1462 	14.2745   	-2.218826   
 1463 	14.2843   	-2.234451   
 1464 	14.2941   	-2.203201   
 1465 	14.3039   	-2.218826   
 1466 	14.3136   	-2.171951   
 1467 	14.3234   	-2.109451   
 1468 	14.3332   	-2.171951   
 1469 	14.3429   	-2.156326   
 1470 	14.3527   	-2.046951   
 1471 	14.3625   	-2.265701   
 1472 	14.3723   	-2.109451   
 1473 	14.3820   	-2.218826   
 1474 	14.3918   	-2.093826   
 1475 	14.4016   	-2.046951   
 1476 	14.4113   	-1.968826   
 1477 	14.4211   	-2.046951   
 1478 	14.4309   	-2.187576   
 1479 	14.4406   	-2.062576   
 1480 	14.4504   	-1.953201   
 1481 	14.4602   	-2.093826   
 1482 	14.4700   	-2.328201   
 1483 	14.4797   	-2.312576   
 1484 	14.4895   	-2.125076   
 1485 	14.4993   	-2.218826   
 1486 	14.5090   	-2.343826   
 1487 	14.5188   	-2.375076   
 1488 	14.5286   	-2.093826   
 1489 	14.5383   	-2.265701   
 1490 	14.5481   	-2.312576   
 1491 	14.5579   	-2.218826   
 1492 	14.5677   	-2.265701   
 1493 	14.5774   	-1.921951   
 1494 	14.5872   	-2.093826   
 1495 	14.5970   	-1.796951   
 1496 	14.6067   	-2.015701   
 1497 	14.6165   	-2.203201   
 1498 	14.6263   	-2.187576   
 1499 	14.6361   	-2.140701   
 1500 	14.6458   	-2.031326   
 1501 	14.6556   	-2.125076   
 1502 	14.6654   	-2.078201   
 1503 	14.6751   	-2.234451   
 1504 	14.6849   	-2.343826   
 1505 	14.6947   	-2.328201   
 1506 	14.7044   	-2.140701   
 1507 	14.7142   	-2.062576   
 1508 	14.7240   	-2.359451   
 1509 	14.7338   	-2.296951   
 1510 	14.7435   	-2.343826   
 1511 	14.7533   	-2.343826   
 1512 	14.7631   	-2.375076   
 1513 	14.7728   	-2.265701   
 1514 	14.7826   	-2.343826   
 1515 	14.7924   	-2.281326   
 1516 	14.8022   	-2.218826   
 1517 	14.8119   	-2.234451   
 1518 	14.8217   	-1.953201   
 1519 	14.8315   	-1.796951   
 1520 	14.8412   	-2.140701   
 1521 	14.8510   	-2.171951   
 1522 	14.8608   	-2.156326   
 1523 	14.8705   	-1.937576   
 1524 	14.8803   	-1.875076   
 1525 	14.8901   	-1.968826   
 1526 	14.8999   	-2.156326   
 1527 	14.9096   	-2.234451   
 1528 	14.9194   	-2.078201   
 1529 	14.9292   	-1.968826   
 1530 	14.9389   	-2.109451   
 1531 	14.9487   	-2.359451   
 1532 	14.9585   	-2.343826   
 1533 	14.9682   	-2.453201   
 1534 	14.9780   	-2.421951   
 1535 	14.9878   	-2.062576   
 1536 	14.9976   	-2.046951   
 1537 	15.0073   	-2.171951   
 1538 	15.0171   	-2.343826   
 1539 	15.0269   	-2.437576   
 1540 	15.0366   	-2.015701   
 1541 	15.0464   	-2.265701   
 1542 	15.0562   	-2.203201   
 1543 	15.0660   	-2.437576   
 1544 	15.0757   	-2.296951   
 1545 	15.0855   	-2.250076   
 1546 	15.0953   	-2.359451   
 1547 	15.1050   	-2.078201   
 1548 	15.1148   	-2.250076   
 1549 	15.1246   	-2.171951   
 1550 	15.1343   	-2.140701   
 1551 	15.1441   	-2.234451   
 1552 	15.1539   	-1.906326   
 1553 	15.1637   	-2.078201   
 1554 	15.1734   	-2.171951   
 1555 	15.1832   	-2.328201   
 1556 	15.1930   	-2.234451   
 1557 	15.2027   	-2.281326   
 1558 	15.2125   	-2.312576   
 1559 	15.2223   	-2.093826   
 1560 	15.2320   	-2.140701   
 1561 	15.2418   	-2.031326   
 1562 	15.2516   	-2.171951   
 1563 	15.2614   	-1.906326   
 1564 	15.2711   	-2.281326   
 1565 	15.2809   	-2.250076   
 1566 	15.2907   	-2.062576   
 1567 	15.3004   	-1.890701   
 1568 	15.3102   	-2.312576   
 1569 	15.3200   	-2.296951   
 1570 	15.3298   	-2.187576   
 1571 	15.3395   	-2.375076   
 1572 	15.3493   	-2.187576   
 1573 	15.3591   	-2.203201   
 1574 	15.3688   	-2.000076   
 1575 	15.3786   	-2.000076   
 1576 	15.3884   	-2.015701   
 1577 	15.3981   	-2.187576   
 1578 	15.4079   	-2.000076   
 1579 	15.4177   	-2.328201   
 1580 	15.4275   	-2.265701   
 1581 	15.4372   	-2.187576   
 1582 	15.4470   	-2.093826   
 1583 	15.4568   	-2.312576   
 1584 	15.4665   	-2.093826   
 1585 	15.4763   	-2.140701   
 1586 	15.4861   	-2.421951   
 1587 	15.4958   	-2.250076   
 1588 	15.5056   	-2.421951   
 1589 	15.5154   	-2.250076   
 1590 	15.5252   	-2.343826   
 1591 	15.5349   	-2.093826   
 1592 	15.5447   	-2.281326   
 1593 	15.5545   	-2.140701   
 1594 	15.5642   	-2.296951   
 1595 	15.5740   	-2.031326   
 1596 	15.5838   	-1.953201   
 1597 	15.5936   	-2.171951   
 1598 	15.6033   	-2.218826   
 1599 	15.6131   	-2.187576   
 1600 	15.6229   	-2.218826   
 1601 	15.6326   	-2.156326   
 1602 	15.6424   	-2.046951   
 1603 	15.6522   	-2.187576   
 1604 	15.6619   	-1.875076   
 1605 	15.6717   	-1.937576   
 1606 	15.6815   	-2.203201   
 1607 	15.6913   	-2.359451   
 1608 	15.7010   	-2.125076   
 1609 	15.7108   	-1.921951   
 1610 	15.7206   	-2.031326   
 1611 	15.7303   	-2.109451   
 1612 	15.7401   	-2.406326   
 1613 	15.7499   	-2.125076   
 1614 	15.7596   	-2.046951   
 1615 	15.7694   	-2.281326   
 1616 	15.7792   	-2.218826   
 1617 	15.7890   	-2.265701   
 1618 	15.7987   	-2.109451   
 1619 	15.8085   	-2.171951   
 1620 	15.8183   	-1.921951   
 1621 	15.8280   	-2.140701   
 1622 	15.8378   	-2.187576   
 1623 	15.8476   	-1.937576   
 1624 	15.8574   	-1.953201   
 1625 	15.8671   	-1.937576   
 1626 	15.8769   	-2.046951   
 1627 	15.8867   	-2.187576   
 1628 	15.8964   	-2.296951   
 1629 	15.9062   	-2.312576   
 1630 	15.9160   	-2.406326   
 1631 	15.9257   	-2.203201   
 1632 	15.9355   	-2.234451   
 1633 	15.9453   	-2.203201   
 1634 	15.9551   	-2.390701   
 1635 	15.9648   	-2.234451   
 1636 	15.9746   	-2.062576   
 1637 	15.9844   	-2.062576   
 1638 	15.9941   	-2.375076   
 1639 	16.0039   	-2.093826   
 1640 	16.0137   	-2.515701   
 1641 	16.0234   	-2.390701   
 1642 	16.0332   	-2.093826   
 1643 	16.0430   	-1.968826   
 1644 	16.0528   	-2.046951   
 1645 	16.0625   	-2.078201   
 1646 	16.0723   	-2.140701   
 1647 	16.0821   	-2.031326   
 1648 	16.0918   	-2.125076   
 1649 	16.1016   	-2.031326   
 1650 	16.1114   	-2.093826   
 1651 	16.1212   	-1.937576   
 1652 	16.1309   	-2.109451   
 1653 	16.1407   	-2.296951   
 1654 	16.1505   	-2.031326   
 1655 	16.1602   	-2.046951   
 1656 	16.1700   	-1.812576   
 1657 	16.1798   	-1.921951   
 1658 	16.1895   	-2.265701   
 1659 	16.1993   	-2.218826   
 1660 	16.2091   	-2.265701   
 1661 	16.2189   	-2.265701   
 1662 	16.2286   	-2.046951   
 1663 	16.2384   	-2.125076   
 1664 	16.2482   	-2.312576   
 1665 	16.2579   	-2.218826   
 1666 	16.2677   	-2.093826   
 1667 	16.2775   	-1.906326   
 1668 	16.2873   	-1.968826   
 1669 	16.2970   	-2.109451   
 1670 	16.3068   	-2.156326   
 1671 	16.3166   	-2.250076   
 1672 	16.3263   	-2.171951   
 1673 	16.3361   	-2.125076   
 1674 	16.3459   	-1.968826   
 1675 	16.3556   	-2.171951   
 1676 	16.3654   	-2.250076   
 1677 	16.3752   	-2.187576   
 1678 	16.3850   	-2.296951   
 1679 	16.3947   	-2.375076   
 1680 	16.4045   	-2.296951   
 1681 	16.4143   	-2.031326   
 1682 	16.4240   	-1.937576   
 1683 	16.4338   	-2.125076   
 1684 	16.4436   	-2.296951   
 1685 	16.4533   	-2.015701   
 1686 	16.4631   	-2.265701   
 1687 	16.4729   	-2.156326   
 1688 	16.4827   	-2.078201   
 1689 	16.4924   	-2.078201   
 1690 	16.5022   	-1.968826   
 1691 	16.5120   	-2.031326   
 1692 	16.5217   	-2.265701   
 1693 	16.5315   	-2.187576   
 1694 	16.5413   	-2.140701   
 1695 	16.5511   	-1.984451   
 1696 	16.5608   	-2.140701   
 1697 	16.5706   	-2.015701   
 1698 	16.5804   	-2.296951   
 1699 	16.5901   	-2.140701   
 1700 	16.5999   	-2.062576   
 1701 	16.6097   	-2.296951   
 1702 	16.6194   	-2.078201   
 1703 	16.6292   	-2.328201   
 1704 	16.6390   	-2.421951   
 1705 	16.6488   	-2.109451   
 1706 	16.6585   	-2.171951   
 1707 	16.6683   	-1.937576   
 1708 	16.6781   	-2.156326   
 1709 	16.6878   	-2.156326   
 1710 	16.6976   	-2.328201   
 1711 	16.7074   	-2.203201   
 1712 	16.7171   	-2.234451   
 1713 	16.7269   	-2.312576   
 1714 	16.7367   	-2.359451   
 1715 	16.7465   	-2.578201   
 1716 	16.7562   	-2.187576   
 1717 	16.7660   	-2.296951   
 1718 	16.7758   	-2.031326   
 1719 	16.7855   	-2.109451   
 1720 	16.7953   	-2.234451   
 1721 	16.8051   	-2.093826   
 1722 	16.8149   	-2.187576   
 1723 	16.8246   	-2.125076   
 1724 	16.8344   	-2.500076   
 1725 	16.8442   	-2.234451   
 1726 	16.8539   	-2.062576   
 1727 	16.8637   	-2.109451   
 1728 	16.8735   	-2.312576   
 1729 	16.8832   	-2.046951   
 1730 	16.8930   	-2.078201   
 1731 	16.9028   	-2.140701   
 1732 	16.9126   	-1.937576   
 1733 	16.9223   	-1.968826   
 1734 	16.9321   	-1.984451   
 1735 	16.9419   	-1.562576   
 1736 	16.9516   	-2.015701   
 1737 	16.9614   	-2.140701   
 1738 	16.9712   	-2.437576   
 1739 	16.9809   	-2.437576   
 1740 	16.9907   	-2.171951   
 1741 	17.0005   	-1.937576   
 1742 	17.0103   	-2.218826   
 1743 	17.0200   	-2.125076   
 1744 	17.0298   	-2.218826   
 1745 	17.0396   	-2.343826   
 1746 	17.0493   	-2.281326   
 1747 	17.0591   	-2.156326   
 1748 	17.0689   	-2.343826   
 1749 	17.0787   	-2.359451   
 1750 	17.0884   	-2.531326   
 1751 	17.0982   	-2.187576   
 1752 	17.1080   	-2.078201   
 1753 	17.1177   	-2.093826   
 1754 	17.1275   	-1.984451   
 1755 	17.1373   	-2.296951   
 1756 	17.1470   	-2.265701   
 1757 	17.1568   	-2.140701   
 1758 	17.1666   	-1.859451   
 1759 	17.1764   	-2.000076   
 1760 	17.1861   	-2.312576   
 1761 	17.1959   	-2.187576   
 1762 	17.2057   	-2.250076   
 1763 	17.2154   	-2.234451   
 1764 	17.2252   	-2.484451   
 1765 	17.2350   	-2.140701   
 1766 	17.2447   	-2.109451   
 1767 	17.2545   	-2.062576   
 1768 	17.2643   	-2.421951   
 1769 	17.2741   	-2.250076   
 1770 	17.2838   	-2.359451   
 1771 	17.2936   	-2.203201   
 1772 	17.3034   	-2.093826   
 1773 	17.3131   	-2.390701   
 1774 	17.3229   	-2.156326   
 1775 	17.3327   	-2.078201   
 1776 	17.3425   	-2.125076   
 1777 	17.3522   	-2.031326   
 1778 	17.3620   	-2.109451   
 1779 	17.3718   	-2.171951   
 1780 	17.3815   	-2.359451   
 1781 	17.3913   	-2.078201   
 1782 	17.4011   	-2.046951   
 1783 	17.4108   	-2.078201   
 1784 	17.4206   	-2.359451   
 1785 	17.4304   	-2.125076   
 1786 	17.4402   	-1.781326   
 1787 	17.4499   	-2.015701   
 1788 	17.4597   	-2.250076   
 1789 	17.4695   	-2.218826   
 1790 	17.4792   	-2.281326   
 1791 	17.4890   	-2.359451   
 1792 	17.4988   	-2.281326   
 1793 	17.5085   	-2.218826   
 1794 	17.5183   	-2.250076   
 1795 	17.5281   	-1.984451   
 1796 	17.5379   	-2.250076   
 1797 	17.5476   	-1.937576   
 1798 	17.5574   	-2.328201   
 1799 	17.5672   	-2.187576   
 1800 	17.5769   	-2.015701   
 1801 	17.5867   	-2.218826   
 1802 	17.5965   	-2.234451   
 1803 	17.6063   	-2.375076   
 1804 	17.6160   	-2.281326   
 1805 	17.6258   	-2.187576   
 1806 	17.6356   	-2.187576   
 1807 	17.6453   	-1.984451   
 1808 	17.6551   	-2.312576   
 1809 	17.6649   	-2.125076   
 1810 	17.6746   	-2.140701   
 1811 	17.6844   	-2.015701   
 1812 	17.6942   	-2.031326   
 1813 	17.7040   	-2.234451   
 1814 	17.7137   	-2.453201   
 1815 	17.7235   	-2.406326   
 1816 	17.7333   	-2.062576   
 1817 	17.7430   	-2.000076   
 1818 	17.7528   	-2.000076   
 1819 	17.7626   	-2.203201   
 1820 	17.7724   	-2.328201   
 1821 	17.7821   	-2.234451   
 1822 	17.7919   	-2.218826   
 1823 	17.8017   	-2.203201   
 1824 	17.8114   	-2.296951   
 1825 	17.8212   	-2.125076   
 1826 	17.8310   	-2.109451   
 1827 	17.8407   	-2.421951   
 1828 	17.8505   	-2.109451   
 1829 	17.8603   	-2.171951   
 1830 	17.8701   	-2.203201   
 1831 	17.8798   	-2.062576   
 1832 	17.8896   	-2.296951   
 1833 	17.8994   	-2.140701   
 1834 	17.9091   	-2.265701   
 1835 	17.9189   	-2.171951   
 1836 	17.9287   	-2.187576   
 1837 	17.9384   	-2.203201   
 1838 	17.9482   	-2.234451   
 1839 	17.9580   	-2.265701   
 1840 	17.9678   	-2.140701   
 1841 	17.9775   	-2.031326   
 1842 	17.9873   	-2.218826   
 1843 	17.9971   	-2.062576   
 1844 	18.0068   	-2.156326   
 1845 	18.0166   	-2.031326   
 1846 	18.0264   	-2.171951   
 1847 	18.0362   	-2.406326   
 1848 	18.0459   	-2.218826   
 1849 	18.0557   	-2.375076   
 1850 	18.0655   	-2.156326   
 1851 	18.0752   	-2.265701   
 1852 	18.0850   	-2.250076   
 1853 	18.0948   	-2.093826   
 1854 	18.1045   	-2.000076   
 1855 	18.1143   	-2.140701   
 1856 	18.1241   	-2.203201   
 1857 	18.1339   	-2.062576   
 1858 	18.1436   	-2.000076   
 1859 	18.1534   	-2.281326   
 1860 	18.1632   	-2.234451   
 1861 	18.1729   	-2.031326   
 1862 	18.1827   	-2.218826   
 1863 	18.1925   	-2.156326   
 1864 	18.2022   	-2.125076   
 1865 	18.2120   	-2.125076   
 1866 	18.2218   	-2.437576   
 1867 	18.2316   	-2.328201   
 1868 	18.2413   	-2.265701   
 1869 	18.2511   	-2.265701   
 1870 	18.2609   	-2.171951   
 1871 	18.2706   	-2.562576   
 1872 	18.2804   	-2.234451   
 1873 	18.2902   	-2.140701   
 1874 	18.3000   	-2.328201   
 1875 	18.3097   	-2.250076   
 1876 	18.3195   	-2.140701   
 1877 	18.3293   	-2.296951   
 1878 	18.3390   	-1.953201   
 1879 	18.3488   	-1.750076   
 1880 	18.3586   	-2.031326   
 1881 	18.3683   	-2.187576   
 1882 	18.3781   	-2.312576   
 1883 	18.3879   	-2.078201   
 1884 	18.3977   	-2.312576   
 1885 	18.4074   	-2.453201   
 1886 	18.4172   	-2.140701   
 1887 	18.4270   	-2.312576   
 1888 	18.4367   	-2.453201   
 1889 	18.4465   	-2.062576   
 1890 	18.4563   	-2.171951   
 1891 	18.4660   	-2.062576   
 1892 	18.4758   	-1.828201   
 1893 	18.4856   	-2.093826   
 1894 	18.4954   	-2.453201   
 1895 	18.5051   	-2.500076   
 1896 	18.5149   	-2.375076   
 1897 	18.5247   	-2.125076   
 1898 	18.5344   	-2.015701   
 1899 	18.5442   	-2.093826   
 1900 	18.5540   	-1.890701   
 1901 	18.5638   	-1.953201   
 1902 	18.5735   	-1.968826   
 1903 	18.5833   	-2.000076   
 1904 	18.5931   	-1.953201   
 1905 	18.6028   	-1.859451   
 1906 	18.6126   	-2.234451   
 1907 	18.6224   	-2.500076   
 1908 	18.6321   	-2.328201   
 1909 	18.6419   	-2.234451   
 1910 	18.6517   	-1.937576   
 1911 	18.6615   	-1.765701   
 1912 	18.6712   	-2.046951   
 1913 	18.6810   	-2.140701   
 1914 	18.6908   	-2.109451   
 1915 	18.7005   	-2.359451   
 1916 	18.7103   	-2.234451   
 1917 	18.7201   	-2.203201   
 1918 	18.7298   	-2.281326   
 1919 	18.7396   	-2.359451   
 1920 	18.7494   	-2.375076   
 1921 	18.7592   	-2.140701   
 1922 	18.7689   	-2.171951   
 1923 	18.7787   	-2.218826   
 1924 	18.7885   	-1.937576   
 1925 	18.7982   	-1.890701   
 1926 	18.8080   	-2.281326   
 1927 	18.8178   	-2.203201   
 1928 	18.8276   	-2.187576   
 1929 	18.8373   	-2.296951   
 1930 	18.8471   	-2.437576   
 1931 	18.8569   	-2.312576   
 1932 	18.8666   	-2.359451   
 1933 	18.8764   	-2.156326   
 1934 	18.8862   	-2.203201   
 1935 	18.8959   	-2.296951   
 1936 	18.9057   	-2.296951   
 1937 	18.9155   	-2.328201   
 1938 	18.9253   	-2.109451   
 1939 	18.9350   	-2.265701   
 1940 	18.9448   	-1.906326   
 1941 	18.9546   	-2.250076   
 1942 	18.9643   	-2.312576   
 1943 	18.9741   	-2.109451   
 1944 	18.9839   	-2.218826   
 1945 	18.9937   	-2.406326   
 1946 	19.0034   	-2.421951   
 1947 	19.0132   	-2.203201   
 1948 	19.0230   	-2.406326   
 1949 	19.0327   	-2.312576   
 1950 	19.0425   	-2.234451   
 1951 	19.0523   	-2.218826   
 1952 	19.0620   	-2.140701   
 1953 	19.0718   	-2.156326   
 1954 	19.0816   	-2.062576   
 1955 	19.0914   	-2.093826   
 1956 	19.1011   	-2.250076   
 1957 	19.1109   	-2.375076   
 1958 	19.1207   	-2.140701   
 1959 	19.1304   	-1.937576   
 1960 	19.1402   	-2.093826   
 1961 	19.1500   	-2.390701   
 1962 	19.1597   	-2.500076   
 1963 	19.1695   	-2.359451   
 1964 	19.1793   	-2.046951   
 1965 	19.1891   	-2.093826   
 1966 	19.1988   	-2.250076   
 1967 	19.2086   	-2.156326   
 1968 	19.2184   	-2.328201   
 1969 	19.2281   	-2.359451   
 1970 	19.2379   	-2.156326   
 1971 	19.2477   	-2.156326   
 1972 	19.2575   	-2.156326   
 1973 	19.2672   	-2.109451   
 1974 	19.2770   	-1.984451   
 1975 	19.2868   	-2.250076   
 1976 	19.2965   	-2.453201   
 1977 	19.3063   	-2.281326   
 1978 	19.3161   	-2.062576   
 1979 	19.3258   	-2.125076   
 1980 	19.3356   	-2.156326   
 1981 	19.3454   	-2.062576   
 1982 	19.3552   	-2.093826   
 1983 	19.3649   	-2.203201   
 1984 	19.3747   	-2.265701   
 1985 	19.3845   	-1.843826   
 1986 	19.3942   	-2.000076   
 1987 	19.4040   	-1.906326   
 1988 	19.4138   	-2.234451   
 1989 	19.4235   	-2.437576   
 1990 	19.4333   	-2.218826   
 1991 	19.4431   	-1.921951   
 1992 	19.4529   	-2.203201   
 1993 	19.4626   	-2.375076   
 1994 	19.4724   	-2.375076   
 1995 	19.4822   	-2.140701   
 1996 	19.4919   	-2.218826   
 1997 	19.5017   	-2.156326   
 1998 	19.5115   	-2.281326   
 1999 	19.5213   	-2.281326   
 2000 	19.5310   	-2.125076   
 2001 	19.5408   	-2.203201   
 2002 	19.5506   	-2.140701   
 2003 	19.5603   	-2.187576   
 2004 	19.5701   	-2.406326   
 2005 	19.5799   	-2.234451   
 2006 	19.5896   	-2.218826   
 2007 	19.5994   	-2.109451   
 2008 	19.6092   	-2.281326   
 2009 	19.6190   	-2.031326   
 2010 	19.6287   	-2.171951   
 2011 	19.6385   	-2.343826   
 2012 	19.6483   	-2.265701   
 2013 	19.6580   	-2.296951   
 2014 	19.6678   	-2.234451   
 2015 	19.6776   	-2.359451   
 2016 	19.6873   	-2.265701   
 2017 	19.6971   	-2.328201   
 2018 	19.7069   	-1.953201   
 2019 	19.7167   	-2.062576   
 2020 	19.7264   	-2.093826   
 2021 	19.7362   	-2.140701   
 2022 	19.7460   	-2.265701   
 2023 	19.7557   	-2.390701   
 2024 	19.7655   	-2.078201   
 2025 	19.7753   	-2.359451   
 2026 	19.7851   	-2.281326   
 2027 	19.7948   	-2.078201   
 2028 	19.8046   	-1.953201   
 2029 	19.8144   	-1.875076   
 2030 	19.8241   	-2.265701   
 2031 	19.8339   	-2.187576   
 2032 	19.8437   	-2.218826   
 2033 	19.8534   	-2.218826   
 2034 	19.8632   	-2.031326   
 2035 	19.8730   	-2.125076   
 2036 	19.8828   	-1.875076   
 2037 	19.8925   	-2.171951   
 2038 	19.9023   	-2.265701   
 2039 	19.9121   	-2.312576   
 2040 	19.9218   	-2.359451   
 2041 	19.9316   	-2.218826   
 2042 	19.9414   	-2.156326   
 2043 	19.9511   	-1.921951   
 2044 	19.9609   	-2.140701   
 2045 	19.9707   	-2.250076   
 2046 	19.9805   	-2.218826   
 2047 	19.9902   	-2.359451   
 2048 	20.0000   	-2.187576   

