
      	X(nS)     	Ch1(mV)      


 1    	0.0000    	-2.031328   
 2    	0.0098    	-2.218828   
 3    	0.0195    	-2.265703   
 4    	0.0293    	-2.250078   
 5    	0.0391    	-2.250078   
 6    	0.0489    	-2.437578   
 7    	0.0586    	-2.437578   
 8    	0.0684    	-2.312578   
 9    	0.0782    	-2.031328   
 10   	0.0879    	-2.078203   
 11   	0.0977    	-2.015703   
 12   	0.1075    	-2.125078   
 13   	0.1172    	-2.390703   
 14   	0.1270    	-2.296953   
 15   	0.1368    	-1.984453   
 16   	0.1466    	-2.250078   
 17   	0.1563    	-2.140703   
 18   	0.1661    	-2.281328   
 19   	0.1759    	-2.203202   
 20   	0.1856    	-2.234452   
 21   	0.1954    	-2.281328   
 22   	0.2052    	-2.125078   
 23   	0.2149    	-2.203202   
 24   	0.2247    	-2.187578   
 25   	0.2345    	-1.984453   
 26   	0.2443    	-2.046953   
 27   	0.2540    	-2.140703   
 28   	0.2638    	-2.218828   
 29   	0.2736    	-2.312578   
 30   	0.2833    	-2.265703   
 31   	0.2931    	-2.203202   
 32   	0.3029    	-2.171953   
 33   	0.3127    	-2.281328   
 34   	0.3224    	-2.156328   
 35   	0.3322    	-2.187578   
 36   	0.3420    	-2.546952   
 37   	0.3517    	-2.203202   
 38   	0.3615    	-2.109453   
 39   	0.3713    	-2.140703   
 40   	0.3810    	-2.156328   
 41   	0.3908    	-2.218828   
 42   	0.4006    	-2.484453   
 43   	0.4104    	-2.046953   
 44   	0.4201    	-2.062577   
 45   	0.4299    	-2.171953   
 46   	0.4397    	-2.140703   
 47   	0.4494    	-2.312578   
 48   	0.4592    	-2.484453   
 49   	0.4690    	-2.578203   
 50   	0.4787    	-2.218828   
 51   	0.4885    	-2.109453   
 52   	0.4983    	-2.328203   
 53   	0.5081    	-2.078203   
 54   	0.5178    	-2.140703   
 55   	0.5276    	-2.218828   
 56   	0.5374    	-2.265703   
 57   	0.5471    	-2.062577   
 58   	0.5569    	-2.218828   
 59   	0.5667    	-2.015703   
 60   	0.5765    	-2.218828   
 61   	0.5862    	-2.062577   
 62   	0.5960    	-2.296953   
 63   	0.6058    	-2.359453   
 64   	0.6155    	-2.125078   
 65   	0.6253    	-1.937578   
 66   	0.6351    	-1.953203   
 67   	0.6448    	-1.953203   
 68   	0.6546    	-2.000078   
 69   	0.6644    	-2.093827   
 70   	0.6742    	-2.265703   
 71   	0.6839    	-2.015703   
 72   	0.6937    	-2.031328   
 73   	0.7035    	-1.890703   
 74   	0.7132    	-2.093827   
 75   	0.7230    	-2.390703   
 76   	0.7328    	-2.406327   
 77   	0.7426    	-2.328203   
 78   	0.7523    	-2.437578   
 79   	0.7621    	-2.406327   
 80   	0.7719    	-2.296953   
 81   	0.7816    	-2.109453   
 82   	0.7914    	-2.421953   
 83   	0.8012    	-1.984453   
 84   	0.8109    	-2.140703   
 85   	0.8207    	-2.046953   
 86   	0.8305    	-2.093827   
 87   	0.8403    	-2.109453   
 88   	0.8500    	-1.906328   
 89   	0.8598    	-2.046953   
 90   	0.8696    	-2.390703   
 91   	0.8793    	-2.031328   
 92   	0.8891    	-2.187578   
 93   	0.8989    	-2.500078   
 94   	0.9086    	-2.359453   
 95   	0.9184    	-2.062577   
 96   	0.9282    	-2.218828   
 97   	0.9380    	-2.187578   
 98   	0.9477    	-2.250078   
 99   	0.9575    	-2.281328   
 100  	0.9673    	-2.093827   
 101  	0.9770    	-2.078203   
 102  	0.9868    	-2.000078   
 103  	0.9966    	-2.140703   
 104  	1.0064    	-2.203202   
 105  	1.0161    	-1.937578   
 106  	1.0259    	-2.140703   
 107  	1.0357    	-2.109453   
 108  	1.0454    	-2.093827   
 109  	1.0552    	-2.078203   
 110  	1.0650    	-2.281328   
 111  	1.0747    	-2.046953   
 112  	1.0845    	-2.093827   
 113  	1.0943    	-2.250078   
 114  	1.1041    	-2.031328   
 115  	1.1138    	-2.062577   
 116  	1.1236    	-2.046953   
 117  	1.1334    	-2.312578   
 118  	1.1431    	-2.218828   
 119  	1.1529    	-2.109453   
 120  	1.1627    	-2.156328   
 121  	1.1724    	-2.468828   
 122  	1.1822    	-2.078203   
 123  	1.1920    	-1.968828   
 124  	1.2018    	-2.015703   
 125  	1.2115    	-2.421953   
 126  	1.2213    	-2.281328   
 127  	1.2311    	-2.312578   
 128  	1.2408    	-1.921953   
 129  	1.2506    	-2.015703   
 130  	1.2604    	-2.062577   
 131  	1.2702    	-2.031328   
 132  	1.2799    	-1.890703   
 133  	1.2897    	-2.187578   
 134  	1.2995    	-2.250078   
 135  	1.3092    	-2.500078   
 136  	1.3190    	-2.265703   
 137  	1.3288    	-2.125078   
 138  	1.3385    	-1.906328   
 139  	1.3483    	-2.250078   
 140  	1.3581    	-2.171953   
 141  	1.3679    	-1.953203   
 142  	1.3776    	-1.937578   
 143  	1.3874    	-2.093827   
 144  	1.3972    	-2.265703   
 145  	1.4069    	-2.000078   
 146  	1.4167    	-1.828203   
 147  	1.4265    	-2.015703   
 148  	1.4362    	-2.109453   
 149  	1.4460    	-1.984453   
 150  	1.4558    	-2.093827   
 151  	1.4656    	-2.593828   
 152  	1.4753    	-2.421953   
 153  	1.4851    	-2.187578   
 154  	1.4949    	-2.203202   
 155  	1.5046    	-2.000078   
 156  	1.5144    	-2.031328   
 157  	1.5242    	-2.234452   
 158  	1.5340    	-2.125078   
 159  	1.5437    	-2.093827   
 160  	1.5535    	-2.156328   
 161  	1.5633    	-2.062577   
 162  	1.5730    	-2.187578   
 163  	1.5828    	-2.140703   
 164  	1.5926    	-2.062577   
 165  	1.6023    	-2.296953   
 166  	1.6121    	-2.062577   
 167  	1.6219    	-1.968828   
 168  	1.6317    	-1.984453   
 169  	1.6414    	-1.890703   
 170  	1.6512    	-2.375077   
 171  	1.6610    	-2.046953   
 172  	1.6707    	-2.296953   
 173  	1.6805    	-2.359453   
 174  	1.6903    	-2.296953   
 175  	1.7000    	-2.296953   
 176  	1.7098    	-2.218828   
 177  	1.7196    	-2.187578   
 178  	1.7294    	-2.203202   
 179  	1.7391    	-2.625078   
 180  	1.7489    	-2.531328   
 181  	1.7587    	-2.156328   
 182  	1.7684    	-2.156328   
 183  	1.7782    	-2.234452   
 184  	1.7880    	-2.093827   
 185  	1.7978    	-2.390703   
 186  	1.8075    	-2.140703   
 187  	1.8173    	-2.250078   
 188  	1.8271    	-2.234452   
 189  	1.8368    	-2.046953   
 190  	1.8466    	-1.984453   
 191  	1.8564    	-2.125078   
 192  	1.8661    	-1.921953   
 193  	1.8759    	-1.968828   
 194  	1.8857    	-2.015703   
 195  	1.8955    	-1.984453   
 196  	1.9052    	-2.109453   
 197  	1.9150    	-2.250078   
 198  	1.9248    	-2.171953   
 199  	1.9345    	-2.234452   
 200  	1.9443    	-2.203202   
 201  	1.9541    	-2.390703   
 202  	1.9638    	-2.109453   
 203  	1.9736    	-2.062577   
 204  	1.9834    	-2.109453   
 205  	1.9932    	-2.390703   
 206  	2.0029    	-2.281328   
 207  	2.0127    	-2.218828   
 208  	2.0225    	-2.015703   
 209  	2.0322    	-2.093827   
 210  	2.0420    	-2.015703   
 211  	2.0518    	-2.093827   
 212  	2.0616    	-2.500078   
 213  	2.0713    	-2.484453   
 214  	2.0811    	-2.187578   
 215  	2.0909    	-2.375077   
 216  	2.1006    	-2.218828   
 217  	2.1104    	-2.312578   
 218  	2.1202    	-2.218828   
 219  	2.1299    	-1.968828   
 220  	2.1397    	-2.125078   
 221  	2.1495    	-2.078203   
 222  	2.1593    	-2.218828   
 223  	2.1690    	-2.140703   
 224  	2.1788    	-2.031328   
 225  	2.1886    	-2.125078   
 226  	2.1983    	-2.031328   
 227  	2.2081    	-2.078203   
 228  	2.2179    	-2.328203   
 229  	2.2277    	-2.359453   
 230  	2.2374    	-2.421953   
 231  	2.2472    	-2.140703   
 232  	2.2570    	-2.171953   
 233  	2.2667    	-2.421953   
 234  	2.2765    	-2.375077   
 235  	2.2863    	-2.156328   
 236  	2.2960    	-2.125078   
 237  	2.3058    	-2.312578   
 238  	2.3156    	-2.171953   
 239  	2.3254    	-2.171953   
 240  	2.3351    	-2.031328   
 241  	2.3449    	-2.031328   
 242  	2.3547    	-2.062577   
 243  	2.3644    	-2.265703   
 244  	2.3742    	-2.156328   
 245  	2.3840    	-2.375077   
 246  	2.3937    	-2.171953   
 247  	2.4035    	-2.062577   
 248  	2.4133    	-2.125078   
 249  	2.4231    	-2.234452   
 250  	2.4328    	-2.187578   
 251  	2.4426    	-2.281328   
 252  	2.4524    	-2.015703   
 253  	2.4621    	-2.281328   
 254  	2.4719    	-2.125078   
 255  	2.4817    	-2.015703   
 256  	2.4915    	-2.281328   
 257  	2.5012    	-2.156328   
 258  	2.5110    	-2.218828   
 259  	2.5208    	-2.203202   
 260  	2.5305    	-2.250078   
 261  	2.5403    	-2.078203   
 262  	2.5501    	-2.156328   
 263  	2.5598    	-2.171953   
 264  	2.5696    	-1.984453   
 265  	2.5794    	-2.109453   
 266  	2.5892    	-2.281328   
 267  	2.5989    	-2.125078   
 268  	2.6087    	-2.156328   
 269  	2.6185    	-2.281328   
 270  	2.6282    	-2.312578   
 271  	2.6380    	-2.203202   
 272  	2.6478    	-2.359453   
 273  	2.6575    	-2.468828   
 274  	2.6673    	-2.312578   
 275  	2.6771    	-2.281328   
 276  	2.6869    	-2.140703   
 277  	2.6966    	-2.343827   
 278  	2.7064    	-2.390703   
 279  	2.7162    	-2.125078   
 280  	2.7259    	-2.296953   
 281  	2.7357    	-2.000078   
 282  	2.7455    	-2.218828   
 283  	2.7553    	-2.406327   
 284  	2.7650    	-2.359453   
 285  	2.7748    	-2.250078   
 286  	2.7846    	-2.062577   
 287  	2.7943    	-2.187578   
 288  	2.8041    	-2.203202   
 289  	2.8139    	-2.078203   
 290  	2.8236    	-2.000078   
 291  	2.8334    	-2.250078   
 292  	2.8432    	-2.343827   
 293  	2.8530    	-2.187578   
 294  	2.8627    	-2.140703   
 295  	2.8725    	-2.031328   
 296  	2.8823    	-2.281328   
 297  	2.8920    	-2.187578   
 298  	2.9018    	-2.046953   
 299  	2.9116    	-2.078203   
 300  	2.9213    	-1.921953   
 301  	2.9311    	-2.312578   
 302  	2.9409    	-2.140703   
 303  	2.9507    	-2.062577   
 304  	2.9604    	-2.234452   
 305  	2.9702    	-2.187578   
 306  	2.9800    	-2.093827   
 307  	2.9897    	-1.875078   
 308  	2.9995    	-2.078203   
 309  	3.0093    	-2.281328   
 310  	3.0191    	-2.250078   
 311  	3.0288    	-2.078203   
 312  	3.0386    	-2.046953   
 313  	3.0484    	-2.234452   
 314  	3.0581    	-2.234452   
 315  	3.0679    	-2.421953   
 316  	3.0777    	-2.187578   
 317  	3.0874    	-2.140703   
 318  	3.0972    	-2.000078   
 319  	3.1070    	-2.125078   
 320  	3.1168    	-1.937578   
 321  	3.1265    	-2.078203   
 322  	3.1363    	-2.171953   
 323  	3.1461    	-1.984453   
 324  	3.1558    	-2.203202   
 325  	3.1656    	-1.984453   
 326  	3.1754    	-2.000078   
 327  	3.1851    	-2.109453   
 328  	3.1949    	-2.359453   
 329  	3.2047    	-2.562578   
 330  	3.2145    	-2.187578   
 331  	3.2242    	-2.171953   
 332  	3.2340    	-2.093827   
 333  	3.2438    	-2.343827   
 334  	3.2535    	-2.375077   
 335  	3.2633    	-2.265703   
 336  	3.2731    	-2.265703   
 337  	3.2829    	-2.312578   
 338  	3.2926    	-1.937578   
 339  	3.3024    	-2.015703   
 340  	3.3122    	-2.265703   
 341  	3.3219    	-2.281328   
 342  	3.3317    	-2.062577   
 343  	3.3415    	-2.203202   
 344  	3.3512    	-2.281328   
 345  	3.3610    	-2.218828   
 346  	3.3708    	-2.250078   
 347  	3.3806    	-2.203202   
 348  	3.3903    	-2.218828   
 349  	3.4001    	-2.453203   
 350  	3.4099    	-2.328203   
 351  	3.4196    	-2.046953   
 352  	3.4294    	-2.062577   
 353  	3.4392    	-2.234452   
 354  	3.4489    	-2.093827   
 355  	3.4587    	-2.187578   
 356  	3.4685    	-2.328203   
 357  	3.4783    	-2.078203   
 358  	3.4880    	-1.921953   
 359  	3.4978    	-2.046953   
 360  	3.5076    	-2.078203   
 361  	3.5173    	-2.250078   
 362  	3.5271    	-2.515702   
 363  	3.5369    	-2.343827   
 364  	3.5467    	-2.125078   
 365  	3.5564    	-2.250078   
 366  	3.5662    	-2.078203   
 367  	3.5760    	-2.218828   
 368  	3.5857    	-2.156328   
 369  	3.5955    	-2.000078   
 370  	3.6053    	-2.140703   
 371  	3.6150    	-2.015703   
 372  	3.6248    	-2.062577   
 373  	3.6346    	-2.265703   
 374  	3.6444    	-2.406327   
 375  	3.6541    	-2.156328   
 376  	3.6639    	-2.171953   
 377  	3.6737    	-2.421953   
 378  	3.6834    	-1.937578   
 379  	3.6932    	-2.375077   
 380  	3.7030    	-2.312578   
 381  	3.7128    	-2.156328   
 382  	3.7225    	-2.437578   
 383  	3.7323    	-2.453203   
 384  	3.7421    	-2.484453   
 385  	3.7518    	-2.343827   
 386  	3.7616    	-2.406327   
 387  	3.7714    	-2.390703   
 388  	3.7811    	-2.343827   
 389  	3.7909    	-2.203202   
 390  	3.8007    	-2.078203   
 391  	3.8105    	-1.984453   
 392  	3.8202    	-1.984453   
 393  	3.8300    	-2.015703   
 394  	3.8398    	-2.359453   
 395  	3.8495    	-2.062577   
 396  	3.8593    	-2.234452   
 397  	3.8691    	-2.171953   
 398  	3.8788    	-2.218828   
 399  	3.8886    	-2.078203   
 400  	3.8984    	-2.250078   
 401  	3.9082    	-2.234452   
 402  	3.9179    	-2.156328   
 403  	3.9277    	-2.171953   
 404  	3.9375    	-2.093827   
 405  	3.9472    	-2.031328   
 406  	3.9570    	-2.218828   
 407  	3.9668    	-2.125078   
 408  	3.9766    	-2.343827   
 409  	3.9863    	-2.234452   
 410  	3.9961    	-2.234452   
 411  	4.0059    	-2.312578   
 412  	4.0156    	-2.109453   
 413  	4.0254    	-2.156328   
 414  	4.0352    	-2.390703   
 415  	4.0449    	-2.171953   
 416  	4.0547    	-2.015703   
 417  	4.0645    	-2.281328   
 418  	4.0743    	-2.265703   
 419  	4.0840    	-2.203202   
 420  	4.0938    	-2.187578   
 421  	4.1036    	-2.203202   
 422  	4.1133    	-2.093827   
 423  	4.1231    	-2.187578   
 424  	4.1329    	-2.421953   
 425  	4.1426    	-2.390703   
 426  	4.1524    	-2.343827   
 427  	4.1622    	-2.265703   
 428  	4.1720    	-2.171953   
 429  	4.1817    	-2.421953   
 430  	4.1915    	-2.312578   
 431  	4.2013    	-2.125078   
 432  	4.2110    	-2.281328   
 433  	4.2208    	-2.156328   
 434  	4.2306    	-2.359453   
 435  	4.2404    	-2.156328   
 436  	4.2501    	-1.984453   
 437  	4.2599    	-1.953203   
 438  	4.2697    	-2.203202   
 439  	4.2794    	-2.234452   
 440  	4.2892    	-2.187578   
 441  	4.2990    	-2.078203   
 442  	4.3087    	-2.296953   
 443  	4.3185    	-2.156328   
 444  	4.3283    	-2.375077   
 445  	4.3381    	-2.281328   
 446  	4.3478    	-2.015703   
 447  	4.3576    	-2.109453   
 448  	4.3674    	-2.078203   
 449  	4.3771    	-2.093827   
 450  	4.3869    	-2.218828   
 451  	4.3967    	-2.343827   
 452  	4.4064    	-2.250078   
 453  	4.4162    	-2.437578   
 454  	4.4260    	-2.203202   
 455  	4.4358    	-1.984453   
 456  	4.4455    	-2.203202   
 457  	4.4553    	-2.203202   
 458  	4.4651    	-2.203202   
 459  	4.4748    	-2.187578   
 460  	4.4846    	-2.187578   
 461  	4.4944    	-2.484453   
 462  	4.5042    	-2.328203   
 463  	4.5139    	-2.359453   
 464  	4.5237    	-2.312578   
 465  	4.5335    	-2.312578   
 466  	4.5432    	-2.109453   
 467  	4.5530    	-2.343827   
 468  	4.5628    	-2.015703   
 469  	4.5725    	-2.031328   
 470  	4.5823    	-2.234452   
 471  	4.5921    	-2.203202   
 472  	4.6019    	-2.046953   
 473  	4.6116    	-2.078203   
 474  	4.6214    	-1.937578   
 475  	4.6312    	-2.171953   
 476  	4.6409    	-2.109453   
 477  	4.6507    	-1.890703   
 478  	4.6605    	-2.140703   
 479  	4.6702    	-1.953203   
 480  	4.6800    	-2.140703   
 481  	4.6898    	-2.312578   
 482  	4.6996    	-2.093827   
 483  	4.7093    	-2.359453   
 484  	4.7191    	-2.281328   
 485  	4.7289    	-2.015703   
 486  	4.7386    	-2.078203   
 487  	4.7484    	-2.062577   
 488  	4.7582    	-2.218828   
 489  	4.7680    	-2.187578   
 490  	4.7777    	-2.203202   
 491  	4.7875    	-2.187578   
 492  	4.7973    	-2.140703   
 493  	4.8070    	-2.281328   
 494  	4.8168    	-2.218828   
 495  	4.8266    	-2.125078   
 496  	4.8363    	-1.953203   
 497  	4.8461    	-2.031328   
 498  	4.8559    	-2.093827   
 499  	4.8657    	-2.000078   
 500  	4.8754    	-1.953203   
 501  	4.8852    	-1.843828   
 502  	4.8950    	-2.125078   
 503  	4.9047    	-1.703203   
 504  	4.9145    	-1.828203   
 505  	4.9243    	-2.125078   
 506  	4.9341    	-2.078203   
 507  	4.9438    	-2.093827   
 508  	4.9536    	-2.328203   
 509  	4.9634    	-1.953203   
 510  	4.9731    	-2.000078   
 511  	4.9829    	-2.265703   
 512  	4.9927    	-2.093827   
 513  	5.0024    	-2.250078   
 514  	5.0122    	-2.156328   
 515  	5.0220    	-2.171953   
 516  	5.0318    	-2.234452   
 517  	5.0415    	-2.234452   
 518  	5.0513    	-2.046953   
 519  	5.0611    	-1.968828   
 520  	5.0708    	-2.250078   
 521  	5.0806    	-2.218828   
 522  	5.0904    	-2.250078   
 523  	5.1001    	-2.171953   
 524  	5.1099    	-1.953203   
 525  	5.1197    	-2.000078   
 526  	5.1295    	-2.015703   
 527  	5.1392    	-2.296953   
 528  	5.1490    	-2.453203   
 529  	5.1588    	-2.125078   
 530  	5.1685    	-2.171953   
 531  	5.1783    	-2.062577   
 532  	5.1881    	-1.843828   
 533  	5.1979    	-2.125078   
 534  	5.2076    	-1.953203   
 535  	5.2174    	-2.062577   
 536  	5.2272    	-2.218828   
 537  	5.2369    	-2.062577   
 538  	5.2467    	-2.140703   
 539  	5.2565    	-2.328203   
 540  	5.2662    	-2.343827   
 541  	5.2760    	-2.390703   
 542  	5.2858    	-2.296953   
 543  	5.2956    	-2.125078   
 544  	5.3053    	-2.171953   
 545  	5.3151    	-2.265703   
 546  	5.3249    	-2.218828   
 547  	5.3346    	-2.062577   
 548  	5.3444    	-1.968828   
 549  	5.3542    	-2.031328   
 550  	5.3639    	-2.078203   
 551  	5.3737    	-2.203202   
 552  	5.3835    	-2.203202   
 553  	5.3933    	-2.187578   
 554  	5.4030    	-1.968828   
 555  	5.4128    	-2.250078   
 556  	5.4226    	-2.218828   
 557  	5.4323    	-2.343827   
 558  	5.4421    	-2.484453   
 559  	5.4519    	-2.296953   
 560  	5.4617    	-2.171953   
 561  	5.4714    	-2.187578   
 562  	5.4812    	-2.312578   
 563  	5.4910    	-2.140703   
 564  	5.5007    	-2.296953   
 565  	5.5105    	-2.125078   
 566  	5.5203    	-2.390703   
 567  	5.5300    	-2.234452   
 568  	5.5398    	-2.203202   
 569  	5.5496    	-1.906328   
 570  	5.5594    	-2.218828   
 571  	5.5691    	-2.250078   
 572  	5.5789    	-1.953203   
 573  	5.5887    	-2.171953   
 574  	5.5984    	-2.218828   
 575  	5.6082    	-2.062577   
 576  	5.6180    	-2.156328   
 577  	5.6277    	-2.531328   
 578  	5.6375    	-2.281328   
 579  	5.6473    	-2.234452   
 580  	5.6571    	-2.125078   
 581  	5.6668    	-2.171953   
 582  	5.6766    	-2.218828   
 583  	5.6864    	-2.078203   
 584  	5.6961    	-2.031328   
 585  	5.7059    	-2.406327   
 586  	5.7157    	-2.062577   
 587  	5.7255    	-2.281328   
 588  	5.7352    	-2.109453   
 589  	5.7450    	-2.375077   
 590  	5.7548    	-2.234452   
 591  	5.7645    	-2.203202   
 592  	5.7743    	-2.375077   
 593  	5.7841    	-2.234452   
 594  	5.7938    	-2.296953   
 595  	5.8036    	-2.156328   
 596  	5.8134    	-2.375077   
 597  	5.8232    	-2.406327   
 598  	5.8329    	-2.359453   
 599  	5.8427    	-1.890703   
 600  	5.8525    	-1.484453   
 601  	5.8622    	-1.296953   
 602  	5.8720    	-1.609453   
 603  	5.8818    	-2.390703   
 604  	5.8915    	-3.453264   
 605  	5.9013    	-4.000138   
 606  	5.9111    	-3.359514   
 607  	5.9209    	-3.328264   
 608  	5.9306    	-3.937639   
 609  	5.9404    	-5.156389   
 610  	5.9502    	-5.640824   
 611  	5.9599    	-5.359574   
 612  	5.9697    	-4.937639   
 613  	5.9795    	-5.359574   
 614  	5.9893    	-6.468949   
 615  	5.9990    	-6.718949   
 616  	6.0088    	-6.031450   
 617  	6.0186    	-4.187639   
 618  	6.0283    	-2.984453   
 619  	6.0381    	-2.390703   
 620  	6.0479    	-1.375078   
 621  	6.0576    	0.468733    
 622  	6.0674    	3.265730    
 623  	6.0772    	6.546979    
 624  	6.0870    	9.515851    
 625  	6.0967    	11.906598   
 626  	6.1065    	13.406599   
 627  	6.1163    	13.031598   
 628  	6.1260    	11.203351   
 629  	6.1358    	9.625227    
 630  	6.1456    	8.172102    
 631  	6.1553    	6.421979    
 632  	6.1651    	4.296980    
 633  	6.1749    	1.499983    
 634  	6.1847    	-1.031328   
 635  	6.1944    	-3.562639   
 636  	6.2042    	-6.093950   
 637  	6.2140    	-10.344071  
 638  	6.2237    	-16.688004  
 639  	6.2335    	-23.656935  
 640  	6.2433    	-29.844620  
 641  	6.2531    	-33.172806  
 642  	6.2628    	-32.938431  
 643  	6.2726    	-30.297745  
 644  	6.2824    	-26.063248  
 645  	6.2921    	-22.235001  
 646  	6.3019    	-17.734879  
 647  	6.3117    	-12.656632  
 648  	6.3214    	-7.156450   
 649  	6.3312    	-3.218889   
 650  	6.3410    	-0.312517   
 651  	6.3508    	3.140730    
 652  	6.3605    	8.312727    
 653  	6.3703    	16.141094   
 654  	6.3801    	24.125593   
 655  	6.3898    	30.813335   
 656  	6.3996    	33.954082   
 657  	6.4094    	34.219707   
 658  	6.4192    	32.328960   
 659  	6.4289    	28.766338   
 660  	6.4387    	24.000591   
 661  	6.4485    	17.125471   
 662  	6.4582    	10.703352   
 663  	6.4680    	5.171980    
 664  	6.4778    	0.609358    
 665  	6.4875    	-3.422014   
 666  	6.4973    	-8.203385   
 667  	6.5071    	-13.953506  
 668  	6.5169    	-20.438065  
 669  	6.5266    	-26.344498  
 670  	6.5364    	-30.485243  
 671  	6.5462    	-32.500931  
 672  	6.5559    	-32.016552  
 673  	6.5657    	-30.375868  
 674  	6.5755    	-27.172623  
 675  	6.5852    	-22.953751  
 676  	6.5950    	-18.484879  
 677  	6.6048    	-13.922256  
 678  	6.6146    	-9.781571   
 679  	6.6243    	-6.468949   
 680  	6.6341    	-3.172014   
 681  	6.6439    	0.953108    
 682  	6.6536    	4.734480    
 683  	6.6634    	8.625227    
 684  	6.6732    	11.859723   
 685  	6.6830    	13.734724   
 686  	6.6927    	14.312848   
 687  	6.7025    	13.437848   
 688  	6.7123    	11.312727   
 689  	6.7220    	8.687726    
 690  	6.7318    	6.718855    
 691  	6.7416    	5.015730    
 692  	6.7513    	3.203230    
 693  	6.7611    	1.531233    
 694  	6.7709    	0.859358    
 695  	6.7807    	0.109358    
 696  	6.7904    	-0.875078   
 697  	6.8002    	-2.000078   
 698  	6.8100    	-3.250139   
 699  	6.8197    	-3.625139   
 700  	6.8295    	-3.718889   
 701  	6.8393    	-3.406389   
 702  	6.8490    	-2.593828   
 703  	6.8588    	-1.765703   
 704  	6.8686    	-0.578142   
 705  	6.8784    	-0.062517   
 706  	6.8881    	0.015608    
 707  	6.8979    	-0.812517   
 708  	6.9077    	-2.453203   
 709  	6.9174    	-3.906389   
 710  	6.9272    	-4.859514   
 711  	6.9370    	-5.640824   
 712  	6.9468    	-6.656450   
 713  	6.9565    	-8.031510   
 714  	6.9663    	-9.422135   
 715  	6.9761    	-9.984696   
 716  	6.9858    	-9.969071   
 717  	6.9956    	-10.390945  
 718  	7.0054    	-10.734696  
 719  	7.0151    	-10.687821  
 720  	7.0249    	-10.250321  
 721  	7.0347    	-8.844010   
 722  	7.0445    	-6.640824   
 723  	7.0542    	-4.547013   
 724  	7.0640    	-2.406327   
 725  	7.0738    	-0.343767   
 726  	7.0835    	1.531233    
 727  	7.0933    	2.984480    
 728  	7.1031    	4.531355    
 729  	7.1128    	5.625105    
 730  	7.1226    	6.375105    
 731  	7.1324    	6.078229    
 732  	7.1422    	5.656354    
 733  	7.1519    	5.390730    
 734  	7.1617    	4.937605    
 735  	7.1715    	4.234480    
 736  	7.1812    	3.406355    
 737  	7.1910    	2.437483    
 738  	7.2008    	0.999983    
 739  	7.2106    	-0.859453   
 740  	7.2203    	-2.812578   
 741  	7.2301    	-4.031388   
 742  	7.2399    	-4.500139   
 743  	7.2496    	-4.765763   
 744  	7.2594    	-5.375199   
 745  	7.2692    	-5.172013   
 746  	7.2789    	-5.250138   
 747  	7.2887    	-4.828263   
 748  	7.2985    	-4.218889   
 749  	7.3083    	-3.859514   
 750  	7.3180    	-3.453264   
 751  	7.3278    	-3.593889   
 752  	7.3376    	-3.609514   
 753  	7.3473    	-3.968889   
 754  	7.3571    	-4.250139   
 755  	7.3669    	-3.593889   
 756  	7.3766    	-3.203264   
 757  	7.3864    	-3.328264   
 758  	7.3962    	-3.797014   
 759  	7.4060    	-4.437639   
 760  	7.4157    	-4.859514   
 761  	7.4255    	-5.062639   
 762  	7.4353    	-5.250138   
 763  	7.4450    	-5.547075   
 764  	7.4548    	-5.734574   
 765  	7.4646    	-5.031388   
 766  	7.4744    	-4.297014   
 767  	7.4841    	-3.531389   
 768  	7.4939    	-2.656327   
 769  	7.5037    	-1.953203   
 770  	7.5134    	-1.093828   
 771  	7.5232    	0.156233    
 772  	7.5330    	0.984358    
 773  	7.5427    	1.812483    
 774  	7.5525    	2.359358    
 775  	7.5623    	3.031355    
 776  	7.5721    	3.312605    
 777  	7.5818    	3.640730    
 778  	7.5916    	3.031355    
 779  	7.6014    	2.406233    
 780  	7.6111    	1.609358    
 781  	7.6209    	0.812483    
 782  	7.6307    	0.156233    
 783  	7.6404    	-0.734392   
 784  	7.6502    	-1.609453   
 785  	7.6600    	-2.437578   
 786  	7.6698    	-3.328264   
 787  	7.6795    	-4.343888   
 788  	7.6893    	-5.078264   
 789  	7.6991    	-5.812700   
 790  	7.7088    	-5.750200   
 791  	7.7186    	-5.609575   
 792  	7.7284    	-5.515824   
 793  	7.7382    	-5.375199   
 794  	7.7479    	-4.828263   
 795  	7.7577    	-4.750138   
 796  	7.7675    	-4.422014   
 797  	7.7772    	-4.047014   
 798  	7.7870    	-3.500139   
 799  	7.7968    	-3.359514   
 800  	7.8065    	-3.156389   
 801  	7.8163    	-2.781328   
 802  	7.8261    	-2.750078   
 803  	7.8359    	-2.375077   
 804  	7.8456    	-1.921953   
 805  	7.8554    	-2.015703   
 806  	7.8652    	-2.156328   
 807  	7.8749    	-2.437578   
 808  	7.8847    	-2.343827   
 809  	7.8945    	-2.015703   
 810  	7.9043    	-2.031328   
 811  	7.9140    	-2.234452   
 812  	7.9238    	-2.171953   
 813  	7.9336    	-1.687578   
 814  	7.9433    	-1.015703   
 815  	7.9531    	-0.687517   
 816  	7.9629    	-0.609392   
 817  	7.9726    	-0.328142   
 818  	7.9824    	0.437483    
 819  	7.9922    	0.749983    
 820  	8.0020    	0.718733    
 821  	8.0117    	0.374983    
 822  	8.0215    	-0.109392   
 823  	8.0313    	-0.218767   
 824  	8.0410    	0.062483    
 825  	8.0508    	-0.265642   
 826  	8.0606    	-1.015703   
 827  	8.0703    	-1.406328   
 828  	8.0801    	-1.890703   
 829  	8.0899    	-2.250078   
 830  	8.0997    	-3.109514   
 831  	8.1094    	-3.906389   
 832  	8.1192    	-4.375139   
 833  	8.1290    	-4.515764   
 834  	8.1387    	-4.500139   
 835  	8.1485    	-4.547013   
 836  	8.1583    	-4.484513   
 837  	8.1681    	-4.218889   
 838  	8.1778    	-3.734514   
 839  	8.1876    	-3.375139   
 840  	8.1974    	-3.453264   
 841  	8.2071    	-3.031327   
 842  	8.2169    	-2.781328   
 843  	8.2267    	-2.593828   
 844  	8.2364    	-2.562578   
 845  	8.2462    	-2.187578   
 846  	8.2560    	-1.781328   
 847  	8.2658    	-1.421953   
 848  	8.2755    	-1.375078   
 849  	8.2853    	-1.468828   
 850  	8.2951    	-1.484453   
 851  	8.3048    	-1.671953   
 852  	8.3146    	-1.781328   
 853  	8.3244    	-2.375077   
 854  	8.3341    	-2.421953   
 855  	8.3439    	-2.406327   
 856  	8.3537    	-2.265703   
 857  	8.3635    	-2.046953   
 858  	8.3732    	-1.890703   
 859  	8.3830    	-1.921953   
 860  	8.3928    	-1.625078   
 861  	8.4025    	-1.328203   
 862  	8.4123    	-1.109453   
 863  	8.4221    	-1.109453   
 864  	8.4319    	-0.750017   
 865  	8.4416    	-0.734392   
 866  	8.4514    	-0.421892   
 867  	8.4612    	-0.328142   
 868  	8.4709    	-0.546892   
 869  	8.4807    	-0.468767   
 870  	8.4905    	-0.750017   
 871  	8.5002    	-1.078203   
 872  	8.5100    	-1.593828   
 873  	8.5198    	-2.156328   
 874  	8.5296    	-2.718827   
 875  	8.5393    	-2.765703   
 876  	8.5491    	-3.172014   
 877  	8.5589    	-3.578264   
 878  	8.5686    	-4.125139   
 879  	8.5784    	-4.156389   
 880  	8.5882    	-4.328263   
 881  	8.5979    	-4.375139   
 882  	8.6077    	-4.484513   
 883  	8.6175    	-4.422014   
 884  	8.6273    	-4.156389   
 885  	8.6370    	-3.625139   
 886  	8.6468    	-3.218889   
 887  	8.6566    	-2.703203   
 888  	8.6663    	-2.500078   
 889  	8.6761    	-2.453203   
 890  	8.6859    	-1.828203   
 891  	8.6957    	-1.500078   
 892  	8.7054    	-1.265703   
 893  	8.7152    	-1.000078   
 894  	8.7250    	-0.921953   
 895  	8.7347    	-1.015703   
 896  	8.7445    	-1.234453   
 897  	8.7543    	-1.250078   
 898  	8.7640    	-1.359453   
 899  	8.7738    	-1.546953   
 900  	8.7836    	-1.812578   
 901  	8.7934    	-2.000078   
 902  	8.8031    	-1.812578   
 903  	8.8129    	-2.015703   
 904  	8.8227    	-2.359453   
 905  	8.8324    	-2.359453   
 906  	8.8422    	-2.312578   
 907  	8.8520    	-2.218828   
 908  	8.8617    	-1.984453   
 909  	8.8715    	-1.562578   
 910  	8.8813    	-1.796953   
 911  	8.8911    	-1.703203   
 912  	8.9008    	-1.718828   
 913  	8.9106    	-1.500078   
 914  	8.9204    	-1.515703   
 915  	8.9301    	-1.453203   
 916  	8.9399    	-1.984453   
 917  	8.9497    	-2.156328   
 918  	8.9595    	-2.484453   
 919  	8.9692    	-2.484453   
 920  	8.9790    	-2.703203   
 921  	8.9888    	-3.015703   
 922  	8.9985    	-3.062578   
 923  	9.0083    	-3.281389   
 924  	9.0181    	-3.562639   
 925  	9.0278    	-3.937639   
 926  	9.0376    	-3.531389   
 927  	9.0474    	-3.703264   
 928  	9.0572    	-3.703264   
 929  	9.0669    	-3.515764   
 930  	9.0767    	-3.031327   
 931  	9.0865    	-2.734453   
 932  	9.0962    	-2.578203   
 933  	9.1060    	-2.453203   
 934  	9.1158    	-2.187578   
 935  	9.1256    	-1.875078   
 936  	9.1353    	-1.562578   
 937  	9.1451    	-1.265703   
 938  	9.1549    	-0.937578   
 939  	9.1646    	-0.937578   
 940  	9.1744    	-0.609392   
 941  	9.1842    	-0.828142   
 942  	9.1939    	-0.906328   
 943  	9.2037    	-1.156328   
 944  	9.2135    	-1.390703   
 945  	9.2233    	-1.546953   
 946  	9.2330    	-2.062577   
 947  	9.2428    	-2.109453   
 948  	9.2526    	-1.828203   
 949  	9.2623    	-2.250078   
 950  	9.2721    	-2.609453   
 951  	9.2819    	-2.765703   
 952  	9.2916    	-2.625078   
 953  	9.3014    	-2.859452   
 954  	9.3112    	-2.734453   
 955  	9.3210    	-2.671953   
 956  	9.3307    	-2.562578   
 957  	9.3405    	-2.296953   
 958  	9.3503    	-1.921953   
 959  	9.3600    	-2.015703   
 960  	9.3698    	-2.265703   
 961  	9.3796    	-2.109453   
 962  	9.3894    	-2.187578   
 963  	9.3991    	-2.187578   
 964  	9.4089    	-2.218828   
 965  	9.4187    	-2.421953   
 966  	9.4284    	-2.703203   
 967  	9.4382    	-2.562578   
 968  	9.4480    	-2.437578   
 969  	9.4577    	-2.687577   
 970  	9.4675    	-2.796952   
 971  	9.4773    	-3.172014   
 972  	9.4871    	-3.109514   
 973  	9.4968    	-2.937577   
 974  	9.5066    	-2.890703   
 975  	9.5164    	-2.828202   
 976  	9.5261    	-2.781328   
 977  	9.5359    	-2.484453   
 978  	9.5457    	-2.218828   
 979  	9.5554    	-1.921953   
 980  	9.5652    	-2.171953   
 981  	9.5750    	-1.781328   
 982  	9.5848    	-1.625078   
 983  	9.5945    	-1.328203   
 984  	9.6043    	-1.062578   
 985  	9.6141    	-1.203203   
 986  	9.6238    	-1.093828   
 987  	9.6336    	-1.187578   
 988  	9.6434    	-1.468828   
 989  	9.6532    	-1.328203   
 990  	9.6629    	-1.609453   
 991  	9.6727    	-2.046953   
 992  	9.6825    	-2.156328   
 993  	9.6922    	-2.359453   
 994  	9.7020    	-2.515702   
 995  	9.7118    	-2.734453   
 996  	9.7215    	-2.734453   
 997  	9.7313    	-2.562578   
 998  	9.7411    	-2.890703   
 999  	9.7509    	-2.765703   
 1000 	9.7606    	-2.953203   
 1001 	9.7704    	-2.812578   
 1002 	9.7802    	-2.734453   
 1003 	9.7899    	-2.671953   
 1004 	9.7997    	-2.390703   
 1005 	9.8095    	-2.328203   
 1006 	9.8192    	-2.437578   
 1007 	9.8290    	-2.468828   
 1008 	9.8388    	-2.125078   
 1009 	9.8486    	-2.046953   
 1010 	9.8583    	-1.843828   
 1011 	9.8681    	-2.031328   
 1012 	9.8779    	-2.187578   
 1013 	9.8876    	-2.328203   
 1014 	9.8974    	-2.265703   
 1015 	9.9072    	-2.359453   
 1016 	9.9170    	-2.187578   
 1017 	9.9267    	-2.484453   
 1018 	9.9365    	-2.593828   
 1019 	9.9463    	-2.312578   
 1020 	9.9560    	-2.218828   
 1021 	9.9658    	-2.234452   
 1022 	9.9756    	-2.328203   
 1023 	9.9853    	-2.125078   
 1024 	9.9951    	-2.046953   
 1025 	10.0049   	-1.875078   
 1026 	10.0147   	-1.671953   
 1027 	10.0244   	-1.906328   
 1028 	10.0342   	-1.843828   
 1029 	10.0440   	-1.562578   
 1030 	10.0537   	-1.718828   
 1031 	10.0635   	-1.656328   
 1032 	10.0733   	-1.640703   
 1033 	10.0830   	-1.671953   
 1034 	10.0928   	-1.937578   
 1035 	10.1026   	-1.953203   
 1036 	10.1124   	-2.171953   
 1037 	10.1221   	-2.203202   
 1038 	10.1319   	-2.328203   
 1039 	10.1417   	-2.296953   
 1040 	10.1514   	-2.609453   
 1041 	10.1612   	-2.796952   
 1042 	10.1710   	-2.906328   
 1043 	10.1808   	-2.671953   
 1044 	10.1905   	-2.968827   
 1045 	10.2003   	-2.937577   
 1046 	10.2101   	-2.687577   
 1047 	10.2198   	-2.875078   
 1048 	10.2296   	-2.875078   
 1049 	10.2394   	-2.656327   
 1050 	10.2491   	-2.656327   
 1051 	10.2589   	-2.437578   
 1052 	10.2687   	-2.421953   
 1053 	10.2785   	-2.265703   
 1054 	10.2882   	-2.156328   
 1055 	10.2980   	-1.984453   
 1056 	10.3078   	-2.250078   
 1057 	10.3175   	-1.828203   
 1058 	10.3273   	-1.984453   
 1059 	10.3371   	-1.968828   
 1060 	10.3468   	-1.781328   
 1061 	10.3566   	-1.906328   
 1062 	10.3664   	-2.140703   
 1063 	10.3762   	-2.281328   
 1064 	10.3859   	-2.093827   
 1065 	10.3957   	-2.109453   
 1066 	10.4055   	-2.234452   
 1067 	10.4152   	-1.937578   
 1068 	10.4250   	-2.000078   
 1069 	10.4348   	-2.265703   
 1070 	10.4446   	-2.265703   
 1071 	10.4543   	-2.171953   
 1072 	10.4641   	-2.062577   
 1073 	10.4739   	-1.968828   
 1074 	10.4836   	-2.031328   
 1075 	10.4934   	-1.906328   
 1076 	10.5032   	-1.937578   
 1077 	10.5129   	-1.953203   
 1078 	10.5227   	-1.718828   
 1079 	10.5325   	-1.687578   
 1080 	10.5423   	-2.000078   
 1081 	10.5520   	-2.015703   
 1082 	10.5618   	-2.109453   
 1083 	10.5716   	-2.093827   
 1084 	10.5813   	-2.156328   
 1085 	10.5911   	-2.406327   
 1086 	10.6009   	-2.609453   
 1087 	10.6107   	-2.609453   
 1088 	10.6204   	-2.453203   
 1089 	10.6302   	-2.484453   
 1090 	10.6400   	-2.484453   
 1091 	10.6497   	-2.500078   
 1092 	10.6595   	-2.406327   
 1093 	10.6693   	-2.546952   
 1094 	10.6790   	-2.312578   
 1095 	10.6888   	-2.218828   
 1096 	10.6986   	-2.406327   
 1097 	10.7084   	-2.375077   
 1098 	10.7181   	-2.062577   
 1099 	10.7279   	-2.109453   
 1100 	10.7377   	-1.984453   
 1101 	10.7474   	-1.921953   
 1102 	10.7572   	-2.015703   
 1103 	10.7670   	-1.859453   
 1104 	10.7767   	-1.906328   
 1105 	10.7865   	-1.812578   
 1106 	10.7963   	-1.828203   
 1107 	10.8061   	-2.046953   
 1108 	10.8158   	-2.015703   
 1109 	10.8256   	-2.250078   
 1110 	10.8354   	-2.421953   
 1111 	10.8451   	-2.218828   
 1112 	10.8549   	-2.078203   
 1113 	10.8647   	-1.984453   
 1114 	10.8745   	-2.187578   
 1115 	10.8842   	-2.078203   
 1116 	10.8940   	-2.328203   
 1117 	10.9038   	-2.328203   
 1118 	10.9135   	-2.281328   
 1119 	10.9233   	-2.171953   
 1120 	10.9331   	-2.218828   
 1121 	10.9428   	-2.109453   
 1122 	10.9526   	-2.171953   
 1123 	10.9624   	-2.093827   
 1124 	10.9722   	-2.156328   
 1125 	10.9819   	-2.156328   
 1126 	10.9917   	-1.796953   
 1127 	11.0015   	-2.015703   
 1128 	11.0112   	-2.234452   
 1129 	11.0210   	-2.281328   
 1130 	11.0308   	-2.234452   
 1131 	11.0405   	-2.546952   
 1132 	11.0503   	-2.671953   
 1133 	11.0601   	-2.515702   
 1134 	11.0699   	-2.375077   
 1135 	11.0796   	-2.312578   
 1136 	11.0894   	-2.390703   
 1137 	11.0992   	-2.343827   
 1138 	11.1089   	-2.234452   
 1139 	11.1187   	-2.218828   
 1140 	11.1285   	-2.328203   
 1141 	11.1383   	-2.234452   
 1142 	11.1480   	-2.218828   
 1143 	11.1578   	-1.609453   
 1144 	11.1676   	-2.000078   
 1145 	11.1773   	-2.078203   
 1146 	11.1871   	-1.968828   
 1147 	11.1969   	-1.828203   
 1148 	11.2066   	-2.046953   
 1149 	11.2164   	-1.984453   
 1150 	11.2262   	-1.968828   
 1151 	11.2360   	-1.984453   
 1152 	11.2457   	-1.953203   
 1153 	11.2555   	-2.078203   
 1154 	11.2653   	-2.296953   
 1155 	11.2750   	-2.109453   
 1156 	11.2848   	-2.265703   
 1157 	11.2946   	-2.453203   
 1158 	11.3043   	-2.531328   
 1159 	11.3141   	-2.390703   
 1160 	11.3239   	-2.437578   
 1161 	11.3337   	-2.406327   
 1162 	11.3434   	-2.562578   
 1163 	11.3532   	-2.578203   
 1164 	11.3630   	-2.562578   
 1165 	11.3727   	-2.562578   
 1166 	11.3825   	-2.500078   
 1167 	11.3923   	-2.343827   
 1168 	11.4021   	-2.296953   
 1169 	11.4118   	-2.046953   
 1170 	11.4216   	-2.296953   
 1171 	11.4314   	-2.109453   
 1172 	11.4411   	-2.109453   
 1173 	11.4509   	-2.140703   
 1174 	11.4607   	-1.859453   
 1175 	11.4704   	-1.968828   
 1176 	11.4802   	-1.953203   
 1177 	11.4900   	-2.062577   
 1178 	11.4998   	-2.218828   
 1179 	11.5095   	-2.000078   
 1180 	11.5193   	-2.078203   
 1181 	11.5291   	-2.046953   
 1182 	11.5388   	-1.984453   
 1183 	11.5486   	-2.187578   
 1184 	11.5584   	-2.234452   
 1185 	11.5681   	-1.906328   
 1186 	11.5779   	-1.968828   
 1187 	11.5877   	-2.031328   
 1188 	11.5975   	-1.937578   
 1189 	11.6072   	-2.250078   
 1190 	11.6170   	-2.343827   
 1191 	11.6268   	-2.375077   
 1192 	11.6365   	-2.437578   
 1193 	11.6463   	-2.218828   
 1194 	11.6561   	-2.234452   
 1195 	11.6659   	-2.046953   
 1196 	11.6756   	-2.000078   
 1197 	11.6854   	-2.265703   
 1198 	11.6952   	-2.296953   
 1199 	11.7049   	-2.546952   
 1200 	11.7147   	-2.312578   
 1201 	11.7245   	-2.343827   
 1202 	11.7342   	-2.234452   
 1203 	11.7440   	-2.218828   
 1204 	11.7538   	-2.046953   
 1205 	11.7636   	-2.109453   
 1206 	11.7733   	-2.234452   
 1207 	11.7831   	-2.203202   
 1208 	11.7929   	-2.234452   
 1209 	11.8026   	-2.078203   
 1210 	11.8124   	-2.312578   
 1211 	11.8222   	-2.234452   
 1212 	11.8319   	-2.000078   
 1213 	11.8417   	-2.218828   
 1214 	11.8515   	-1.953203   
 1215 	11.8613   	-2.218828   
 1216 	11.8710   	-2.093827   
 1217 	11.8808   	-2.015703   
 1218 	11.8906   	-1.843828   
 1219 	11.9003   	-1.875078   
 1220 	11.9101   	-2.046953   
 1221 	11.9199   	-2.281328   
 1222 	11.9297   	-2.343827   
 1223 	11.9394   	-2.359453   
 1224 	11.9492   	-2.312578   
 1225 	11.9590   	-2.156328   
 1226 	11.9687   	-2.125078   
 1227 	11.9785   	-2.187578   
 1228 	11.9883   	-2.468828   
 1229 	11.9980   	-2.437578   
 1230 	12.0078   	-2.390703   
 1231 	12.0176   	-2.296953   
 1232 	12.0274   	-2.203202   
 1233 	12.0371   	-2.296953   
 1234 	12.0469   	-2.390703   
 1235 	12.0567   	-2.109453   
 1236 	12.0664   	-2.281328   
 1237 	12.0762   	-2.234452   
 1238 	12.0860   	-2.421953   
 1239 	12.0958   	-2.187578   
 1240 	12.1055   	-2.171953   
 1241 	12.1153   	-2.140703   
 1242 	12.1251   	-2.328203   
 1243 	12.1348   	-2.203202   
 1244 	12.1446   	-2.171953   
 1245 	12.1544   	-2.093827   
 1246 	12.1641   	-2.093827   
 1247 	12.1739   	-2.093827   
 1248 	12.1837   	-2.328203   
 1249 	12.1935   	-2.437578   
 1250 	12.2032   	-2.265703   
 1251 	12.2130   	-2.500078   
 1252 	12.2228   	-2.437578   
 1253 	12.2325   	-2.375077   
 1254 	12.2423   	-2.359453   
 1255 	12.2521   	-2.296953   
 1256 	12.2618   	-2.421953   
 1257 	12.2716   	-2.343827   
 1258 	12.2814   	-2.281328   
 1259 	12.2912   	-2.250078   
 1260 	12.3009   	-2.140703   
 1261 	12.3107   	-1.953203   
 1262 	12.3205   	-1.796953   
 1263 	12.3302   	-1.781328   
 1264 	12.3400   	-1.859453   
 1265 	12.3498   	-1.937578   
 1266 	12.3596   	-2.093827   
 1267 	12.3693   	-2.171953   
 1268 	12.3791   	-2.093827   
 1269 	12.3889   	-2.296953   
 1270 	12.3986   	-2.468828   
 1271 	12.4084   	-2.296953   
 1272 	12.4182   	-2.109453   
 1273 	12.4279   	-2.109453   
 1274 	12.4377   	-2.140703   
 1275 	12.4475   	-1.937578   
 1276 	12.4573   	-2.250078   
 1277 	12.4670   	-2.265703   
 1278 	12.4768   	-2.437578   
 1279 	12.4866   	-2.250078   
 1280 	12.4963   	-2.421953   
 1281 	12.5061   	-2.515702   
 1282 	12.5159   	-2.281328   
 1283 	12.5256   	-2.343827   
 1284 	12.5354   	-2.500078   
 1285 	12.5452   	-2.296953   
 1286 	12.5550   	-2.265703   
 1287 	12.5647   	-2.125078   
 1288 	12.5745   	-2.187578   
 1289 	12.5843   	-2.312578   
 1290 	12.5940   	-2.328203   
 1291 	12.6038   	-2.343827   
 1292 	12.6136   	-2.328203   
 1293 	12.6234   	-2.390703   
 1294 	12.6331   	-2.453203   
 1295 	12.6429   	-2.390703   
 1296 	12.6527   	-2.390703   
 1297 	12.6624   	-2.406327   
 1298 	12.6722   	-2.328203   
 1299 	12.6820   	-2.437578   
 1300 	12.6917   	-2.062577   
 1301 	12.7015   	-1.953203   
 1302 	12.7113   	-2.093827   
 1303 	12.7211   	-2.000078   
 1304 	12.7308   	-2.468828   
 1305 	12.7406   	-2.250078   
 1306 	12.7504   	-2.312578   
 1307 	12.7601   	-2.500078   
 1308 	12.7699   	-2.156328   
 1309 	12.7797   	-2.093827   
 1310 	12.7894   	-1.984453   
 1311 	12.7992   	-2.218828   
 1312 	12.8090   	-1.984453   
 1313 	12.8188   	-2.296953   
 1314 	12.8285   	-2.453203   
 1315 	12.8383   	-2.453203   
 1316 	12.8481   	-2.578203   
 1317 	12.8578   	-2.406327   
 1318 	12.8676   	-2.000078   
 1319 	12.8774   	-2.000078   
 1320 	12.8872   	-2.078203   
 1321 	12.8969   	-2.187578   
 1322 	12.9067   	-2.109453   
 1323 	12.9165   	-2.046953   
 1324 	12.9262   	-2.187578   
 1325 	12.9360   	-2.546952   
 1326 	12.9458   	-2.203202   
 1327 	12.9555   	-2.296953   
 1328 	12.9653   	-2.140703   
 1329 	12.9751   	-2.187578   
 1330 	12.9849   	-2.250078   
 1331 	12.9946   	-2.171953   
 1332 	13.0044   	-2.375077   
 1333 	13.0142   	-2.265703   
 1334 	13.0239   	-2.234452   
 1335 	13.0337   	-2.250078   
 1336 	13.0435   	-2.203202   
 1337 	13.0532   	-2.234452   
 1338 	13.0630   	-2.109453   
 1339 	13.0728   	-2.046953   
 1340 	13.0826   	-2.093827   
 1341 	13.0923   	-2.234452   
 1342 	13.1021   	-2.421953   
 1343 	13.1119   	-2.296953   
 1344 	13.1216   	-2.171953   
 1345 	13.1314   	-2.125078   
 1346 	13.1412   	-2.234452   
 1347 	13.1510   	-2.265703   
 1348 	13.1607   	-2.359453   
 1349 	13.1705   	-2.281328   
 1350 	13.1803   	-2.062577   
 1351 	13.1900   	-2.125078   
 1352 	13.1998   	-2.000078   
 1353 	13.2096   	-2.015703   
 1354 	13.2193   	-2.156328   
 1355 	13.2291   	-2.312578   
 1356 	13.2389   	-2.218828   
 1357 	13.2487   	-2.156328   
 1358 	13.2584   	-2.203202   
 1359 	13.2682   	-2.265703   
 1360 	13.2780   	-2.281328   
 1361 	13.2877   	-2.093827   
 1362 	13.2975   	-2.250078   
 1363 	13.3073   	-2.140703   
 1364 	13.3170   	-2.093827   
 1365 	13.3268   	-2.125078   
 1366 	13.3366   	-2.187578   
 1367 	13.3464   	-1.937578   
 1368 	13.3561   	-2.171953   
 1369 	13.3659   	-2.140703   
 1370 	13.3757   	-2.015703   
 1371 	13.3854   	-2.046953   
 1372 	13.3952   	-2.203202   
 1373 	13.4050   	-2.218828   
 1374 	13.4148   	-2.125078   
 1375 	13.4245   	-2.203202   
 1376 	13.4343   	-2.187578   
 1377 	13.4441   	-2.187578   
 1378 	13.4538   	-2.234452   
 1379 	13.4636   	-2.109453   
 1380 	13.4734   	-2.031328   
 1381 	13.4831   	-2.250078   
 1382 	13.4929   	-2.265703   
 1383 	13.5027   	-2.359453   
 1384 	13.5125   	-2.328203   
 1385 	13.5222   	-2.250078   
 1386 	13.5320   	-2.281328   
 1387 	13.5418   	-2.359453   
 1388 	13.5515   	-2.343827   
 1389 	13.5613   	-2.312578   
 1390 	13.5711   	-2.250078   
 1391 	13.5809   	-2.343827   
 1392 	13.5906   	-2.265703   
 1393 	13.6004   	-2.015703   
 1394 	13.6102   	-2.031328   
 1395 	13.6199   	-2.156328   
 1396 	13.6297   	-2.218828   
 1397 	13.6395   	-2.218828   
 1398 	13.6492   	-2.203202   
 1399 	13.6590   	-2.250078   
 1400 	13.6688   	-2.218828   
 1401 	13.6786   	-2.031328   
 1402 	13.6883   	-2.406327   
 1403 	13.6981   	-2.171953   
 1404 	13.7079   	-2.265703   
 1405 	13.7176   	-2.015703   
 1406 	13.7274   	-2.046953   
 1407 	13.7372   	-2.062577   
 1408 	13.7469   	-2.203202   
 1409 	13.7567   	-2.156328   
 1410 	13.7665   	-2.078203   
 1411 	13.7763   	-2.203202   
 1412 	13.7860   	-2.281328   
 1413 	13.7958   	-2.406327   
 1414 	13.8056   	-2.265703   
 1415 	13.8153   	-2.343827   
 1416 	13.8251   	-2.484453   
 1417 	13.8349   	-2.281328   
 1418 	13.8447   	-2.265703   
 1419 	13.8544   	-2.250078   
 1420 	13.8642   	-2.343827   
 1421 	13.8740   	-2.234452   
 1422 	13.8837   	-2.015703   
 1423 	13.8935   	-2.015703   
 1424 	13.9033   	-2.140703   
 1425 	13.9130   	-2.312578   
 1426 	13.9228   	-2.140703   
 1427 	13.9326   	-2.125078   
 1428 	13.9424   	-2.234452   
 1429 	13.9521   	-2.359453   
 1430 	13.9619   	-2.359453   
 1431 	13.9717   	-2.359453   
 1432 	13.9814   	-2.187578   
 1433 	13.9912   	-2.046953   
 1434 	14.0010   	-2.125078   
 1435 	14.0107   	-2.281328   
 1436 	14.0205   	-2.078203   
 1437 	14.0303   	-2.218828   
 1438 	14.0401   	-2.250078   
 1439 	14.0498   	-2.046953   
 1440 	14.0596   	-2.062577   
 1441 	14.0694   	-2.109453   
 1442 	14.0791   	-2.140703   
 1443 	14.0889   	-2.203202   
 1444 	14.0987   	-2.062577   
 1445 	14.1085   	-2.109453   
 1446 	14.1182   	-1.875078   
 1447 	14.1280   	-2.046953   
 1448 	14.1378   	-2.250078   
 1449 	14.1475   	-1.968828   
 1450 	14.1573   	-1.953203   
 1451 	14.1671   	-2.171953   
 1452 	14.1768   	-2.234452   
 1453 	14.1866   	-2.203202   
 1454 	14.1964   	-2.484453   
 1455 	14.2062   	-2.359453   
 1456 	14.2159   	-2.390703   
 1457 	14.2257   	-2.718827   
 1458 	14.2355   	-2.343827   
 1459 	14.2452   	-2.203202   
 1460 	14.2550   	-2.265703   
 1461 	14.2648   	-2.296953   
 1462 	14.2745   	-2.250078   
 1463 	14.2843   	-2.234452   
 1464 	14.2941   	-2.234452   
 1465 	14.3039   	-1.921953   
 1466 	14.3136   	-2.046953   
 1467 	14.3234   	-2.093827   
 1468 	14.3332   	-2.218828   
 1469 	14.3429   	-2.031328   
 1470 	14.3527   	-2.218828   
 1471 	14.3625   	-2.234452   
 1472 	14.3723   	-2.125078   
 1473 	14.3820   	-2.062577   
 1474 	14.3918   	-2.265703   
 1475 	14.4016   	-2.109453   
 1476 	14.4113   	-2.375077   
 1477 	14.4211   	-2.046953   
 1478 	14.4309   	-2.234452   
 1479 	14.4406   	-1.937578   
 1480 	14.4504   	-2.125078   
 1481 	14.4602   	-2.046953   
 1482 	14.4700   	-1.968828   
 1483 	14.4797   	-2.093827   
 1484 	14.4895   	-2.265703   
 1485 	14.4993   	-2.203202   
 1486 	14.5090   	-2.375077   
 1487 	14.5188   	-2.437578   
 1488 	14.5286   	-2.109453   
 1489 	14.5383   	-2.328203   
 1490 	14.5481   	-2.250078   
 1491 	14.5579   	-2.453203   
 1492 	14.5677   	-2.390703   
 1493 	14.5774   	-2.281328   
 1494 	14.5872   	-2.218828   
 1495 	14.5970   	-2.171953   
 1496 	14.6067   	-2.281328   
 1497 	14.6165   	-2.234452   
 1498 	14.6263   	-2.250078   
 1499 	14.6361   	-2.203202   
 1500 	14.6458   	-2.265703   
 1501 	14.6556   	-2.187578   
 1502 	14.6654   	-2.468828   
 1503 	14.6751   	-2.328203   
 1504 	14.6849   	-2.312578   
 1505 	14.6947   	-2.156328   
 1506 	14.7044   	-2.296953   
 1507 	14.7142   	-2.281328   
 1508 	14.7240   	-2.375077   
 1509 	14.7338   	-1.968828   
 1510 	14.7435   	-2.093827   
 1511 	14.7533   	-2.125078   
 1512 	14.7631   	-2.281328   
 1513 	14.7728   	-2.156328   
 1514 	14.7826   	-2.359453   
 1515 	14.7924   	-1.953203   
 1516 	14.8022   	-1.812578   
 1517 	14.8119   	-2.203202   
 1518 	14.8217   	-2.109453   
 1519 	14.8315   	-2.109453   
 1520 	14.8412   	-2.062577   
 1521 	14.8510   	-2.046953   
 1522 	14.8608   	-2.046953   
 1523 	14.8705   	-2.140703   
 1524 	14.8803   	-2.265703   
 1525 	14.8901   	-1.984453   
 1526 	14.8999   	-2.062577   
 1527 	14.9096   	-2.328203   
 1528 	14.9194   	-2.140703   
 1529 	14.9292   	-2.171953   
 1530 	14.9389   	-2.250078   
 1531 	14.9487   	-2.343827   
 1532 	14.9585   	-2.281328   
 1533 	14.9682   	-2.140703   
 1534 	14.9780   	-2.250078   
 1535 	14.9878   	-2.062577   
 1536 	14.9976   	-2.234452   
 1537 	15.0073   	-2.375077   
 1538 	15.0171   	-2.312578   
 1539 	15.0269   	-2.234452   
 1540 	15.0366   	-2.390703   
 1541 	15.0464   	-2.312578   
 1542 	15.0562   	-2.484453   
 1543 	15.0660   	-2.343827   
 1544 	15.0757   	-2.031328   
 1545 	15.0855   	-2.281328   
 1546 	15.0953   	-2.265703   
 1547 	15.1050   	-2.140703   
 1548 	15.1148   	-2.234452   
 1549 	15.1246   	-2.281328   
 1550 	15.1343   	-2.062577   
 1551 	15.1441   	-2.062577   
 1552 	15.1539   	-2.093827   
 1553 	15.1637   	-2.156328   
 1554 	15.1734   	-2.000078   
 1555 	15.1832   	-2.250078   
 1556 	15.1930   	-2.125078   
 1557 	15.2027   	-2.531328   
 1558 	15.2125   	-2.421953   
 1559 	15.2223   	-2.296953   
 1560 	15.2320   	-2.031328   
 1561 	15.2418   	-1.953203   
 1562 	15.2516   	-2.250078   
 1563 	15.2614   	-2.234452   
 1564 	15.2711   	-2.515702   
 1565 	15.2809   	-2.421953   
 1566 	15.2907   	-2.062577   
 1567 	15.3004   	-2.093827   
 1568 	15.3102   	-2.093827   
 1569 	15.3200   	-2.218828   
 1570 	15.3298   	-2.171953   
 1571 	15.3395   	-2.078203   
 1572 	15.3493   	-2.109453   
 1573 	15.3591   	-1.921953   
 1574 	15.3688   	-2.406327   
 1575 	15.3786   	-2.281328   
 1576 	15.3884   	-2.156328   
 1577 	15.3981   	-2.250078   
 1578 	15.4079   	-2.000078   
 1579 	15.4177   	-2.187578   
 1580 	15.4275   	-2.359453   
 1581 	15.4372   	-2.156328   
 1582 	15.4470   	-2.234452   
 1583 	15.4568   	-2.171953   
 1584 	15.4665   	-2.296953   
 1585 	15.4763   	-2.343827   
 1586 	15.4861   	-2.593828   
 1587 	15.4958   	-2.468828   
 1588 	15.5056   	-2.359453   
 1589 	15.5154   	-2.343827   
 1590 	15.5252   	-2.218828   
 1591 	15.5349   	-2.359453   
 1592 	15.5447   	-2.015703   
 1593 	15.5545   	-2.187578   
 1594 	15.5642   	-2.343827   
 1595 	15.5740   	-2.359453   
 1596 	15.5838   	-2.218828   
 1597 	15.5936   	-2.031328   
 1598 	15.6033   	-2.156328   
 1599 	15.6131   	-2.078203   
 1600 	15.6229   	-2.109453   
 1601 	15.6326   	-2.156328   
 1602 	15.6424   	-2.187578   
 1603 	15.6522   	-2.187578   
 1604 	15.6619   	-1.937578   
 1605 	15.6717   	-2.140703   
 1606 	15.6815   	-2.062577   
 1607 	15.6913   	-2.312578   
 1608 	15.7010   	-2.312578   
 1609 	15.7108   	-2.156328   
 1610 	15.7206   	-2.203202   
 1611 	15.7303   	-2.500078   
 1612 	15.7401   	-2.500078   
 1613 	15.7499   	-2.312578   
 1614 	15.7596   	-2.468828   
 1615 	15.7694   	-2.562578   
 1616 	15.7792   	-2.390703   
 1617 	15.7890   	-2.093827   
 1618 	15.7987   	-2.125078   
 1619 	15.8085   	-1.843828   
 1620 	15.8183   	-2.000078   
 1621 	15.8280   	-2.062577   
 1622 	15.8378   	-2.390703   
 1623 	15.8476   	-2.093827   
 1624 	15.8574   	-2.031328   
 1625 	15.8671   	-1.890703   
 1626 	15.8769   	-2.046953   
 1627 	15.8867   	-2.468828   
 1628 	15.8964   	-2.265703   
 1629 	15.9062   	-2.265703   
 1630 	15.9160   	-2.265703   
 1631 	15.9257   	-2.250078   
 1632 	15.9355   	-2.156328   
 1633 	15.9453   	-2.531328   
 1634 	15.9551   	-2.375077   
 1635 	15.9648   	-2.109453   
 1636 	15.9746   	-2.390703   
 1637 	15.9844   	-2.343827   
 1638 	15.9941   	-2.421953   
 1639 	16.0039   	-2.390703   
 1640 	16.0137   	-2.437578   
 1641 	16.0234   	-2.265703   
 1642 	16.0332   	-2.218828   
 1643 	16.0430   	-2.375077   
 1644 	16.0528   	-2.046953   
 1645 	16.0625   	-2.281328   
 1646 	16.0723   	-1.968828   
 1647 	16.0821   	-1.968828   
 1648 	16.0918   	-1.734453   
 1649 	16.1016   	-2.125078   
 1650 	16.1114   	-2.093827   
 1651 	16.1212   	-2.078203   
 1652 	16.1309   	-2.062577   
 1653 	16.1407   	-1.937578   
 1654 	16.1505   	-2.218828   
 1655 	16.1602   	-2.375077   
 1656 	16.1700   	-2.015703   
 1657 	16.1798   	-2.031328   
 1658 	16.1895   	-2.250078   
 1659 	16.1993   	-2.203202   
 1660 	16.2091   	-2.078203   
 1661 	16.2189   	-2.203202   
 1662 	16.2286   	-1.984453   
 1663 	16.2384   	-2.140703   
 1664 	16.2482   	-2.078203   
 1665 	16.2579   	-2.218828   
 1666 	16.2677   	-2.203202   
 1667 	16.2775   	-1.890703   
 1668 	16.2873   	-2.187578   
 1669 	16.2970   	-1.984453   
 1670 	16.3068   	-1.953203   
 1671 	16.3166   	-2.203202   
 1672 	16.3263   	-2.234452   
 1673 	16.3361   	-2.125078   
 1674 	16.3459   	-2.234452   
 1675 	16.3556   	-2.156328   
 1676 	16.3654   	-2.281328   
 1677 	16.3752   	-1.875078   
 1678 	16.3850   	-2.109453   
 1679 	16.3947   	-1.984453   
 1680 	16.4045   	-2.125078   
 1681 	16.4143   	-2.203202   
 1682 	16.4240   	-2.265703   
 1683 	16.4338   	-2.359453   
 1684 	16.4436   	-2.265703   
 1685 	16.4533   	-2.250078   
 1686 	16.4631   	-2.500078   
 1687 	16.4729   	-2.437578   
 1688 	16.4827   	-2.281328   
 1689 	16.4924   	-2.453203   
 1690 	16.5022   	-2.296953   
 1691 	16.5120   	-2.015703   
 1692 	16.5217   	-2.015703   
 1693 	16.5315   	-2.343827   
 1694 	16.5413   	-2.171953   
 1695 	16.5511   	-2.140703   
 1696 	16.5608   	-2.125078   
 1697 	16.5706   	-2.171953   
 1698 	16.5804   	-2.156328   
 1699 	16.5901   	-2.281328   
 1700 	16.5999   	-2.171953   
 1701 	16.6097   	-2.140703   
 1702 	16.6194   	-2.328203   
 1703 	16.6292   	-2.234452   
 1704 	16.6390   	-2.375077   
 1705 	16.6488   	-2.484453   
 1706 	16.6585   	-2.250078   
 1707 	16.6683   	-2.203202   
 1708 	16.6781   	-2.000078   
 1709 	16.6878   	-2.046953   
 1710 	16.6976   	-2.156328   
 1711 	16.7074   	-2.109453   
 1712 	16.7171   	-2.406327   
 1713 	16.7269   	-2.343827   
 1714 	16.7367   	-2.000078   
 1715 	16.7465   	-2.234452   
 1716 	16.7562   	-2.343827   
 1717 	16.7660   	-2.406327   
 1718 	16.7758   	-2.406327   
 1719 	16.7855   	-2.250078   
 1720 	16.7953   	-2.406327   
 1721 	16.8051   	-2.453203   
 1722 	16.8149   	-2.234452   
 1723 	16.8246   	-2.312578   
 1724 	16.8344   	-2.046953   
 1725 	16.8442   	-2.125078   
 1726 	16.8539   	-1.921953   
 1727 	16.8637   	-2.343827   
 1728 	16.8735   	-2.328203   
 1729 	16.8832   	-2.125078   
 1730 	16.8930   	-2.328203   
 1731 	16.9028   	-2.156328   
 1732 	16.9126   	-2.312578   
 1733 	16.9223   	-2.140703   
 1734 	16.9321   	-2.375077   
 1735 	16.9419   	-2.109453   
 1736 	16.9516   	-2.156328   
 1737 	16.9614   	-2.281328   
 1738 	16.9712   	-2.281328   
 1739 	16.9809   	-2.156328   
 1740 	16.9907   	-2.171953   
 1741 	17.0005   	-2.265703   
 1742 	17.0103   	-2.250078   
 1743 	17.0200   	-2.187578   
 1744 	17.0298   	-2.093827   
 1745 	17.0396   	-2.078203   
 1746 	17.0493   	-2.250078   
 1747 	17.0591   	-2.171953   
 1748 	17.0689   	-2.000078   
 1749 	17.0787   	-2.265703   
 1750 	17.0884   	-2.281328   
 1751 	17.0982   	-2.265703   
 1752 	17.1080   	-2.343827   
 1753 	17.1177   	-2.312578   
 1754 	17.1275   	-2.343827   
 1755 	17.1373   	-2.218828   
 1756 	17.1470   	-2.156328   
 1757 	17.1568   	-2.078203   
 1758 	17.1666   	-1.921953   
 1759 	17.1764   	-2.078203   
 1760 	17.1861   	-2.296953   
 1761 	17.1959   	-2.328203   
 1762 	17.2057   	-1.875078   
 1763 	17.2154   	-2.156328   
 1764 	17.2252   	-2.343827   
 1765 	17.2350   	-2.359453   
 1766 	17.2447   	-2.265703   
 1767 	17.2545   	-2.156328   
 1768 	17.2643   	-2.187578   
 1769 	17.2741   	-2.125078   
 1770 	17.2838   	-2.046953   
 1771 	17.2936   	-2.265703   
 1772 	17.3034   	-2.187578   
 1773 	17.3131   	-2.171953   
 1774 	17.3229   	-2.015703   
 1775 	17.3327   	-2.125078   
 1776 	17.3425   	-2.203202   
 1777 	17.3522   	-2.265703   
 1778 	17.3620   	-2.015703   
 1779 	17.3718   	-2.093827   
 1780 	17.3815   	-1.859453   
 1781 	17.3913   	-1.984453   
 1782 	17.4011   	-2.046953   
 1783 	17.4108   	-2.031328   
 1784 	17.4206   	-2.125078   
 1785 	17.4304   	-1.968828   
 1786 	17.4402   	-2.171953   
 1787 	17.4499   	-2.187578   
 1788 	17.4597   	-2.250078   
 1789 	17.4695   	-2.468828   
 1790 	17.4792   	-2.125078   
 1791 	17.4890   	-2.250078   
 1792 	17.4988   	-2.359453   
 1793 	17.5085   	-2.562578   
 1794 	17.5183   	-2.312578   
 1795 	17.5281   	-2.281328   
 1796 	17.5379   	-2.234452   
 1797 	17.5476   	-2.437578   
 1798 	17.5574   	-2.375077   
 1799 	17.5672   	-2.156328   
 1800 	17.5769   	-2.078203   
 1801 	17.5867   	-2.015703   
 1802 	17.5965   	-2.125078   
 1803 	17.6063   	-2.390703   
 1804 	17.6160   	-2.312578   
 1805 	17.6258   	-2.265703   
 1806 	17.6356   	-2.265703   
 1807 	17.6453   	-1.968828   
 1808 	17.6551   	-2.234452   
 1809 	17.6649   	-2.281328   
 1810 	17.6746   	-2.078203   
 1811 	17.6844   	-2.046953   
 1812 	17.6942   	-2.218828   
 1813 	17.7040   	-2.250078   
 1814 	17.7137   	-2.187578   
 1815 	17.7235   	-2.218828   
 1816 	17.7333   	-2.343827   
 1817 	17.7430   	-2.265703   
 1818 	17.7528   	-2.250078   
 1819 	17.7626   	-2.343827   
 1820 	17.7724   	-2.109453   
 1821 	17.7821   	-2.093827   
 1822 	17.7919   	-2.093827   
 1823 	17.8017   	-2.218828   
 1824 	17.8114   	-2.156328   
 1825 	17.8212   	-2.281328   
 1826 	17.8310   	-2.281328   
 1827 	17.8407   	-2.078203   
 1828 	17.8505   	-2.093827   
 1829 	17.8603   	-2.265703   
 1830 	17.8701   	-2.328203   
 1831 	17.8798   	-2.187578   
 1832 	17.8896   	-2.046953   
 1833 	17.8994   	-2.359453   
 1834 	17.9091   	-2.453203   
 1835 	17.9189   	-2.187578   
 1836 	17.9287   	-2.250078   
 1837 	17.9384   	-2.140703   
 1838 	17.9482   	-2.296953   
 1839 	17.9580   	-2.296953   
 1840 	17.9678   	-2.125078   
 1841 	17.9775   	-2.171953   
 1842 	17.9873   	-2.328203   
 1843 	17.9971   	-1.984453   
 1844 	18.0068   	-2.171953   
 1845 	18.0166   	-2.015703   
 1846 	18.0264   	-2.234452   
 1847 	18.0362   	-2.234452   
 1848 	18.0459   	-2.031328   
 1849 	18.0557   	-2.046953   
 1850 	18.0655   	-2.093827   
 1851 	18.0752   	-2.359453   
 1852 	18.0850   	-2.281328   
 1853 	18.0948   	-2.000078   
 1854 	18.1045   	-2.109453   
 1855 	18.1143   	-2.156328   
 1856 	18.1241   	-2.468828   
 1857 	18.1339   	-2.265703   
 1858 	18.1436   	-2.078203   
 1859 	18.1534   	-2.109453   
 1860 	18.1632   	-2.031328   
 1861 	18.1729   	-2.140703   
 1862 	18.1827   	-2.187578   
 1863 	18.1925   	-2.000078   
 1864 	18.2022   	-2.265703   
 1865 	18.2120   	-2.328203   
 1866 	18.2218   	-2.234452   
 1867 	18.2316   	-2.437578   
 1868 	18.2413   	-2.437578   
 1869 	18.2511   	-2.125078   
 1870 	18.2609   	-2.046953   
 1871 	18.2706   	-2.187578   
 1872 	18.2804   	-2.453203   
 1873 	18.2902   	-2.468828   
 1874 	18.3000   	-2.406327   
 1875 	18.3097   	-2.421953   
 1876 	18.3195   	-2.046953   
 1877 	18.3293   	-2.218828   
 1878 	18.3390   	-2.281328   
 1879 	18.3488   	-2.281328   
 1880 	18.3586   	-2.531328   
 1881 	18.3683   	-2.203202   
 1882 	18.3781   	-2.296953   
 1883 	18.3879   	-2.281328   
 1884 	18.3977   	-2.156328   
 1885 	18.4074   	-2.296953   
 1886 	18.4172   	-2.281328   
 1887 	18.4270   	-2.406327   
 1888 	18.4367   	-2.265703   
 1889 	18.4465   	-2.062577   
 1890 	18.4563   	-2.265703   
 1891 	18.4660   	-2.281328   
 1892 	18.4758   	-2.281328   
 1893 	18.4856   	-2.250078   
 1894 	18.4954   	-2.375077   
 1895 	18.5051   	-2.390703   
 1896 	18.5149   	-2.234452   
 1897 	18.5247   	-2.296953   
 1898 	18.5344   	-2.250078   
 1899 	18.5442   	-2.203202   
 1900 	18.5540   	-2.328203   
 1901 	18.5638   	-1.984453   
 1902 	18.5735   	-2.031328   
 1903 	18.5833   	-2.046953   
 1904 	18.5931   	-2.406327   
 1905 	18.6028   	-2.015703   
 1906 	18.6126   	-1.781328   
 1907 	18.6224   	-2.218828   
 1908 	18.6321   	-2.031328   
 1909 	18.6419   	-2.015703   
 1910 	18.6517   	-2.312578   
 1911 	18.6615   	-2.390703   
 1912 	18.6712   	-2.296953   
 1913 	18.6810   	-1.921953   
 1914 	18.6908   	-2.046953   
 1915 	18.7005   	-1.953203   
 1916 	18.7103   	-1.984453   
 1917 	18.7201   	-2.250078   
 1918 	18.7298   	-2.250078   
 1919 	18.7396   	-2.234452   
 1920 	18.7494   	-2.281328   
 1921 	18.7592   	-2.187578   
 1922 	18.7689   	-2.156328   
 1923 	18.7787   	-2.046953   
 1924 	18.7885   	-2.203202   
 1925 	18.7982   	-2.203202   
 1926 	18.8080   	-2.250078   
 1927 	18.8178   	-2.203202   
 1928 	18.8276   	-2.218828   
 1929 	18.8373   	-2.156328   
 1930 	18.8471   	-2.093827   
 1931 	18.8569   	-2.250078   
 1932 	18.8666   	-2.140703   
 1933 	18.8764   	-2.156328   
 1934 	18.8862   	-2.140703   
 1935 	18.8959   	-2.265703   
 1936 	18.9057   	-2.453203   
 1937 	18.9155   	-2.218828   
 1938 	18.9253   	-2.421953   
 1939 	18.9350   	-2.296953   
 1940 	18.9448   	-2.328203   
 1941 	18.9546   	-2.421953   
 1942 	18.9643   	-2.296953   
 1943 	18.9741   	-2.187578   
 1944 	18.9839   	-2.140703   
 1945 	18.9937   	-2.203202   
 1946 	19.0034   	-2.312578   
 1947 	19.0132   	-2.453203   
 1948 	19.0230   	-2.218828   
 1949 	19.0327   	-2.046953   
 1950 	19.0425   	-2.062577   
 1951 	19.0523   	-2.312578   
 1952 	19.0620   	-2.078203   
 1953 	19.0718   	-2.031328   
 1954 	19.0816   	-2.281328   
 1955 	19.0914   	-2.234452   
 1956 	19.1011   	-2.265703   
 1957 	19.1109   	-2.000078   
 1958 	19.1207   	-2.109453   
 1959 	19.1304   	-2.406327   
 1960 	19.1402   	-2.218828   
 1961 	19.1500   	-2.000078   
 1962 	19.1597   	-2.000078   
 1963 	19.1695   	-2.250078   
 1964 	19.1793   	-2.312578   
 1965 	19.1891   	-2.281328   
 1966 	19.1988   	-2.296953   
 1967 	19.2086   	-2.453203   
 1968 	19.2184   	-2.140703   
 1969 	19.2281   	-2.328203   
 1970 	19.2379   	-2.296953   
 1971 	19.2477   	-2.390703   
 1972 	19.2575   	-1.984453   
 1973 	19.2672   	-2.265703   
 1974 	19.2770   	-2.125078   
 1975 	19.2868   	-2.234452   
 1976 	19.2965   	-2.281328   
 1977 	19.3063   	-2.109453   
 1978 	19.3161   	-2.031328   
 1979 	19.3258   	-2.125078   
 1980 	19.3356   	-2.171953   
 1981 	19.3454   	-2.296953   
 1982 	19.3552   	-2.250078   
 1983 	19.3649   	-2.031328   
 1984 	19.3747   	-2.093827   
 1985 	19.3845   	-2.203202   
 1986 	19.3942   	-2.437578   
 1987 	19.4040   	-2.156328   
 1988 	19.4138   	-2.203202   
 1989 	19.4235   	-2.171953   
 1990 	19.4333   	-2.406327   
 1991 	19.4431   	-2.296953   
 1992 	19.4529   	-2.265703   
 1993 	19.4626   	-2.218828   
 1994 	19.4724   	-2.562578   
 1995 	19.4822   	-2.406327   
 1996 	19.4919   	-2.281328   
 1997 	19.5017   	-2.203202   
 1998 	19.5115   	-1.984453   
 1999 	19.5213   	-2.265703   
 2000 	19.5310   	-2.171953   
 2001 	19.5408   	-2.468828   
 2002 	19.5506   	-2.140703   
 2003 	19.5603   	-2.171953   
 2004 	19.5701   	-2.156328   
 2005 	19.5799   	-2.312578   
 2006 	19.5896   	-2.250078   
 2007 	19.5994   	-2.296953   
 2008 	19.6092   	-2.234452   
 2009 	19.6190   	-2.031328   
 2010 	19.6287   	-2.187578   
 2011 	19.6385   	-1.937578   
 2012 	19.6483   	-2.265703   
 2013 	19.6580   	-2.484453   
 2014 	19.6678   	-2.140703   
 2015 	19.6776   	-2.265703   
 2016 	19.6873   	-2.265703   
 2017 	19.6971   	-2.125078   
 2018 	19.7069   	-2.234452   
 2019 	19.7167   	-2.281328   
 2020 	19.7264   	-2.328203   
 2021 	19.7362   	-2.375077   
 2022 	19.7460   	-2.343827   
 2023 	19.7557   	-2.156328   
 2024 	19.7655   	-2.296953   
 2025 	19.7753   	-2.296953   
 2026 	19.7851   	-2.296953   
 2027 	19.7948   	-2.343827   
 2028 	19.8046   	-2.187578   
 2029 	19.8144   	-2.406327   
 2030 	19.8241   	-2.328203   
 2031 	19.8339   	-2.328203   
 2032 	19.8437   	-2.250078   
 2033 	19.8534   	-2.171953   
 2034 	19.8632   	-1.968828   
 2035 	19.8730   	-2.328203   
 2036 	19.8828   	-2.375077   
 2037 	19.8925   	-2.218828   
 2038 	19.9023   	-2.156328   
 2039 	19.9121   	-2.390703   
 2040 	19.9218   	-2.125078   
 2041 	19.9316   	-2.062577   
 2042 	19.9414   	-2.015703   
 2043 	19.9511   	-2.046953   
 2044 	19.9609   	-2.046953   
 2045 	19.9707   	-2.078203   
 2046 	19.9805   	-2.296953   
 2047 	19.9902   	-2.312578   
 2048 	20.0000   	-2.312578   

