
 1    	0.0000    	1.140611    
 2    	0.0489    	0.859360    
 3    	0.0977    	0.874983    
 4    	0.1466    	0.718733    
 5    	0.1954    	0.874983    
 6    	0.2443    	0.703110    
 7    	0.2931    	0.937483    
 8    	0.3420    	0.609360    
 9    	0.3908    	0.499982    
 10   	0.4397    	0.968733    
 11   	0.4885    	0.671860    
 12   	0.5374    	0.718733    
 13   	0.5862    	0.656232    
 14   	0.6351    	0.781233    
 15   	0.6839    	0.937483    
 16   	0.7328    	0.906233    
 17   	0.7816    	0.859360    
 18   	0.8305    	0.765610    
 19   	0.8793    	0.781233    
 20   	0.9282    	0.999983    
 21   	0.9770    	0.718733    
 22   	1.0259    	0.765610    
 23   	1.0747    	0.609360    
 24   	1.1236    	0.843733    
 25   	1.1724    	0.890610    
 26   	1.2213    	0.578110    
 27   	1.2702    	0.828110    
 28   	1.3190    	0.656232    
 29   	1.3679    	0.640610    
 30   	1.4167    	0.656232    
 31   	1.4656    	0.968733    
 32   	1.5144    	0.968733    
 33   	1.5633    	0.484360    
 34   	1.6121    	0.593732    
 35   	1.6610    	0.859360    
 36   	1.7098    	0.640610    
 37   	1.7587    	0.734360    
 38   	1.8075    	1.031233    
 39   	1.8564    	0.921860    
 40   	1.9052    	1.140611    
 41   	1.9541    	0.953111    
 42   	2.0029    	0.906233    
 43   	2.0518    	0.640610    
 44   	2.1006    	0.765610    
 45   	2.1495    	0.781233    
 46   	2.1983    	0.968733    
 47   	2.2472    	1.124983    
 48   	2.2960    	1.031233    
 49   	2.3449    	0.968733    
 50   	2.3937    	0.937483    
 51   	2.4426    	0.890610    
 52   	2.4915    	1.015611    
 53   	2.5403    	0.843733    
 54   	2.5892    	0.687482    
 55   	2.6380    	0.734360    
 56   	2.6869    	0.671860    
 57   	2.7357    	0.687482    
 58   	2.7846    	0.921860    
 59   	2.8334    	0.843733    
 60   	2.8823    	0.843733    
 61   	2.9311    	0.843733    
 62   	2.9800    	0.640610    
 63   	3.0288    	0.718733    
 64   	3.0777    	0.796860    
 65   	3.1265    	0.874983    
 66   	3.1754    	0.937483    
 67   	3.2242    	0.906233    
 68   	3.2731    	0.874983    
 69   	3.3219    	0.781233    
 70   	3.3708    	0.796860    
 71   	3.4196    	0.921860    
 72   	3.4685    	0.921860    
 73   	3.5173    	0.937483    
 74   	3.5662    	0.906233    
 75   	3.6150    	0.687482    
 76   	3.6639    	0.843733    
 77   	3.7128    	0.890610    
 78   	3.7616    	0.687482    
 79   	3.8105    	0.765610    
 80   	3.8593    	0.687482    
 81   	3.9082    	0.609360    
 82   	3.9570    	0.890610    
 83   	4.0059    	0.921860    
 84   	4.0547    	0.781233    
 85   	4.1036    	0.671860    
 86   	4.1524    	0.859360    
 87   	4.2013    	0.874983    
 88   	4.2501    	0.890610    
 89   	4.2990    	0.984361    
 90   	4.3478    	0.781233    
 91   	4.3967    	0.968733    
 92   	4.4455    	1.046861    
 93   	4.4944    	1.093733    
 94   	4.5432    	0.906233    
 95   	4.5921    	0.734360    
 96   	4.6409    	0.703110    
 97   	4.6898    	0.718733    
 98   	4.7386    	0.656232    
 99   	4.7875    	0.718733    
 100  	4.8363    	0.593732    
 101  	4.8852    	0.843733    
 102  	4.9340    	0.828110    
 103  	4.9829    	0.859360    
 104  	5.0318    	0.734360    
 105  	5.0806    	1.093733    
 106  	5.1295    	0.890610    
 107  	5.1783    	1.109361    
 108  	5.2272    	1.062483    
 109  	5.2760    	0.734360    
 110  	5.3249    	0.671860    
 111  	5.3737    	0.812483    
 112  	5.4226    	0.859360    
 113  	5.4714    	0.734360    
 114  	5.5203    	0.874983    
 115  	5.5691    	0.953111    
 116  	5.6180    	0.968733    
 117  	5.6668    	1.249984    
 118  	5.7157    	1.015611    
 119  	5.7645    	0.796860    
 120  	5.8134    	0.890610    
 121  	5.8622    	0.843733    
 122  	5.9111    	0.890610    
 123  	5.9599    	1.062483    
 124  	6.0088    	1.093733    
 125  	6.0576    	0.874983    
 126  	6.1065    	0.859360    
 127  	6.1553    	0.624982    
 128  	6.2042    	0.921860    
 129  	6.2531    	1.093733    
 130  	6.3019    	1.093733    
 131  	6.3508    	0.984361    
 132  	6.3996    	0.906233    
 133  	6.4485    	0.703110    
 134  	6.4973    	0.812483    
 135  	6.5462    	0.671860    
 136  	6.5950    	0.687482    
 137  	6.6439    	1.171861    
 138  	6.6927    	0.718733    
 139  	6.7416    	1.015611    
 140  	6.7904    	0.859360    
 141  	6.8393    	1.078111    
 142  	6.8881    	0.937483    
 143  	6.9370    	0.906233    
 144  	6.9858    	0.937483    
 145  	7.0347    	0.812483    
 146  	7.0835    	0.796860    
 147  	7.1324    	0.796860    
 148  	7.1812    	0.828110    
 149  	7.2301    	1.015611    
 150  	7.2789    	1.015611    
 151  	7.3278    	1.015611    
 152  	7.3766    	0.843733    
 153  	7.4255    	1.015611    
 154  	7.4744    	0.828110    
 155  	7.5232    	0.921860    
 156  	7.5721    	0.859360    
 157  	7.6209    	0.656232    
 158  	7.6698    	0.687482    
 159  	7.7186    	0.890610    
 160  	7.7675    	0.937483    
 161  	7.8163    	0.984361    
 162  	7.8652    	0.906233    
 163  	7.9140    	0.906233    
 164  	7.9629    	0.734360    
 165  	8.0117    	0.890610    
 166  	8.0606    	0.843733    
 167  	8.1094    	1.109361    
 168  	8.1583    	0.968733    
 169  	8.2071    	0.890610    
 170  	8.2560    	0.640610    
 171  	8.3048    	0.749983    
 172  	8.3537    	0.718733    
 173  	8.4025    	0.718733    
 174  	8.4514    	0.703110    
 175  	8.5002    	0.734360    
 176  	8.5491    	0.890610    
 177  	8.5979    	0.953111    
 178  	8.6468    	0.937483    
 179  	8.6957    	0.874983    
 180  	8.7445    	0.812483    
 181  	8.7934    	0.937483    
 182  	8.8422    	0.921860    
 183  	8.8911    	0.796860    
 184  	8.9399    	0.781233    
 185  	8.9888    	0.859360    
 186  	9.0376    	0.671860    
 187  	9.0865    	0.749983    
 188  	9.1353    	0.921860    
 189  	9.1842    	0.874983    
 190  	9.2330    	0.781233    
 191  	9.2819    	0.531232    
 192  	9.3307    	0.546860    
 193  	9.3796    	0.859360    
 194  	9.4284    	1.078111    
 195  	9.4773    	1.078111    
 196  	9.5261    	0.781233    
 197  	9.5750    	0.453110    
 198  	9.6238    	0.515610    
 199  	9.6727    	0.984361    
 200  	9.7215    	1.046861    
 201  	9.7704    	0.718733    
 202  	9.8192    	0.671860    
 203  	9.8681    	1.109361    
 204  	9.9170    	0.874983    
 205  	9.9658    	0.749983    
 206  	10.0147   	0.812483    
 207  	10.0635   	0.859360    
 208  	10.1124   	0.796860    
 209  	10.1612   	0.859360    
 210  	10.2101   	0.562482    
 211  	10.2589   	0.734360    
 212  	10.3078   	0.828110    
 213  	10.3566   	0.984361    
 214  	10.4055   	1.078111    
 215  	10.4543   	1.171861    
 216  	10.5032   	0.906233    
 217  	10.5520   	0.984361    
 218  	10.6009   	0.812483    
 219  	10.6497   	0.796860    
 220  	10.6986   	0.874983    
 221  	10.7474   	0.812483    
 222  	10.7963   	0.796860    
 223  	10.8451   	0.656232    
 224  	10.8940   	0.906233    
 225  	10.9428   	0.921860    
 226  	10.9917   	0.953111    
 227  	11.0405   	0.546860    
 228  	11.0894   	0.828110    
 229  	11.1383   	0.937483    
 230  	11.1871   	0.781233    
 231  	11.2360   	0.999983    
 232  	11.2848   	1.124983    
 233  	11.3337   	0.593732    
 234  	11.3825   	0.718733    
 235  	11.4314   	0.906233    
 236  	11.4802   	0.874983    
 237  	11.5291   	0.874983    
 238  	11.5779   	0.781233    
 239  	11.6268   	0.843733    
 240  	11.6756   	0.671860    
 241  	11.7245   	0.812483    
 242  	11.7733   	0.921860    
 243  	11.8222   	1.031233    
 244  	11.8710   	1.046861    
 245  	11.9199   	0.953111    
 246  	11.9687   	0.937483    
 247  	12.0176   	0.874983    
 248  	12.0664   	1.015611    
 249  	12.1153   	0.999983    
 250  	12.1641   	0.968733    
 251  	12.2130   	1.124983    
 252  	12.2618   	1.234361    
 253  	12.3107   	0.984361    
 254  	12.3596   	0.671860    
 255  	12.4084   	0.734360    
 256  	12.4573   	0.562482    
 257  	12.5061   	0.812483    
 258  	12.5550   	0.671860    
 259  	12.6038   	0.828110    
 260  	12.6527   	0.765610    
 261  	12.7015   	1.015611    
 262  	12.7504   	1.078111    
 263  	12.7992   	0.984361    
 264  	12.8481   	1.015611    
 265  	12.8969   	1.046861    
 266  	12.9458   	0.999983    
 267  	12.9946   	0.921860    
 268  	13.0435   	0.984361    
 269  	13.0923   	1.078111    
 270  	13.1412   	1.015611    
 271  	13.1900   	1.187483    
 272  	13.2389   	0.937483    
 273  	13.2877   	1.062483    
 274  	13.3366   	0.937483    
 275  	13.3854   	0.859360    
 276  	13.4343   	0.640610    
 277  	13.4831   	0.718733    
 278  	13.5320   	0.749983    
 279  	13.5808   	0.578110    
 280  	13.6297   	0.906233    
 281  	13.6786   	0.671860    
 282  	13.7274   	0.656232    
 283  	13.7763   	0.781233    
 284  	13.8251   	1.046861    
 285  	13.8740   	0.796860    
 286  	13.9228   	0.999983    
 287  	13.9717   	1.015611    
 288  	14.0205   	1.171861    
 289  	14.0694   	0.984361    
 290  	14.1182   	0.906233    
 291  	14.1671   	0.874983    
 292  	14.2159   	0.703110    
 293  	14.2648   	0.781233    
 294  	14.3136   	0.687482    
 295  	14.3625   	0.578110    
 296  	14.4113   	0.796860    
 297  	14.4602   	0.874983    
 298  	14.5090   	0.687482    
 299  	14.5579   	1.078111    
 300  	14.6067   	0.953111    
 301  	14.6556   	0.999983    
 302  	14.7044   	0.859360    
 303  	14.7533   	0.937483    
 304  	14.8021   	0.874983    
 305  	14.8510   	0.749983    
 306  	14.8999   	0.546860    
 307  	14.9487   	1.124983    
 308  	14.9976   	1.156233    
 309  	15.0464   	0.859360    
 310  	15.0953   	0.640610    
 311  	15.1441   	0.687482    
 312  	15.1930   	0.968733    
 313  	15.2418   	0.937483    
 314  	15.2907   	0.984361    
 315  	15.3395   	0.968733    
 316  	15.3884   	1.093733    
 317  	15.4372   	0.781233    
 318  	15.4861   	0.828110    
 319  	15.5349   	0.906233    
 320  	15.5838   	0.984361    
 321  	15.6326   	0.874983    
 322  	15.6815   	0.874983    
 323  	15.7303   	0.968733    
 324  	15.7792   	0.859360    
 325  	15.8280   	0.749983    
 326  	15.8769   	0.812483    
 327  	15.9257   	1.031233    
 328  	15.9746   	0.749983    
 329  	16.0234   	0.828110    
 330  	16.0723   	1.046861    
 331  	16.1212   	1.062483    
 332  	16.1700   	1.062483    
 333  	16.2189   	0.968733    
 334  	16.2677   	1.109361    
 335  	16.3166   	1.015611    
 336  	16.3654   	0.968733    
 337  	16.4143   	0.921860    
 338  	16.4631   	1.031233    
 339  	16.5120   	0.906233    
 340  	16.5608   	0.890610    
 341  	16.6097   	0.890610    
 342  	16.6585   	0.859360    
 343  	16.7074   	0.671860    
 344  	16.7562   	0.703110    
 345  	16.8051   	0.968733    
 346  	16.8539   	1.093733    
 347  	16.9028   	0.843733    
 348  	16.9516   	1.140611    
 349  	17.0005   	0.828110    
 350  	17.0493   	0.796860    
 351  	17.0982   	0.859360    
 352  	17.1470   	0.671860    
 353  	17.1959   	0.921860    
 354  	17.2447   	0.734360    
 355  	17.2936   	0.984361    
 356  	17.3425   	1.015611    
 357  	17.3913   	1.078111    
 358  	17.4402   	0.765610    
 359  	17.4890   	0.781233    
 360  	17.5379   	0.718733    
 361  	17.5867   	0.890610    
 362  	17.6356   	0.734360    
 363  	17.6844   	-26.469498  
 364  	17.7333   	-109.878067 
 365  	17.7821   	-81.127274  
 366  	17.8310   	-37.657303  
 367  	17.8798   	-25.985123  
 368  	17.9287   	-14.594193  
 369  	17.9775   	-11.765944  
 370  	18.0264   	-8.172135   
 371  	18.0752   	-1.500078   
 372  	18.1241   	-2.500074   
 373  	18.1729   	0.406232    
 374  	18.2218   	-3.359515   
 375  	18.2706   	-0.656265   
 376  	18.3195   	-4.125138   
 377  	18.3683   	-2.703202   
 378  	18.4172   	-0.734392   
 379  	18.4660   	1.578112    
 380  	18.5149   	-0.421892   
 381  	18.5638   	0.015609    
 382  	18.6126   	0.812483    
 383  	18.6615   	0.093737    
 384  	18.7103   	1.171861    
 385  	18.7592   	0.374982    
 386  	18.8080   	0.343737    
 387  	18.8569   	0.953111    
 388  	18.9057   	1.171861    
 389  	18.9546   	1.203111    
 390  	19.0034   	1.124983    
 391  	19.0523   	2.359358    
 392  	19.1011   	1.203111    
 393  	19.1500   	2.015607    
 394  	19.1988   	1.624984    
 395  	19.2477   	2.328108    
 396  	19.2965   	1.828107    
 397  	19.3454   	1.687484    
 398  	19.3942   	1.593734    
 399  	19.4431   	1.796862    
 400  	19.4919   	1.718734    
 401  	19.5408   	1.718734    
 402  	19.5896   	1.546862    
 403  	19.6385   	1.249984    
 404  	19.6873   	1.171861    
 405  	19.7362   	0.968733    
 406  	19.7851   	1.093733    
 407  	19.8339   	0.984361    
 408  	19.8828   	1.218733    
 409  	19.9316   	1.624984    
 410  	19.9805   	1.765612    
 411  	20.0293   	1.781234    
 412  	20.0782   	1.765612    
 413  	20.1270   	1.593734    
 414  	20.1759   	1.406234    
 415  	20.2247   	1.499984    
 416  	20.2736   	1.656234    
 417  	20.3224   	1.624984    
 418  	20.3713   	1.921857    
 419  	20.4201   	1.812485    
 420  	20.4690   	1.890607    
 421  	20.5178   	1.859357    
 422  	20.5667   	1.968735    
 423  	20.6155   	2.031235    
 424  	20.6644   	1.968735    
 425  	20.7132   	2.062485    
 426  	20.7621   	2.062485    
 427  	20.8109   	2.203108    
 428  	20.8598   	2.437485    
 429  	20.9086   	2.437485    
 430  	20.9575   	2.359358    
 431  	21.0064   	2.249985    
 432  	21.0552   	2.249985    
 433  	21.1041   	2.156235    
 434  	21.1529   	2.312485    
 435  	21.2018   	2.171858    
 436  	21.2506   	2.171858    
 437  	21.2995   	2.046857    
 438  	21.3483   	2.249985    
 439  	21.3972   	2.124985    
 440  	21.4460   	2.234358    
 441  	21.4949   	2.328108    
 442  	21.5437   	1.968735    
 443  	21.5926   	2.093735    
 444  	21.6414   	2.312485    
 445  	21.6903   	2.374985    
 446  	21.7391   	2.296858    
 447  	21.7880   	2.093735    
 448  	21.8368   	2.171858    
 449  	21.8857   	2.359358    
 450  	21.9345   	2.531358    
 451  	21.9834   	2.343735    
 452  	22.0322   	2.078107    
 453  	22.0811   	1.906235    
 454  	22.1299   	2.124985    
 455  	22.1788   	2.203108    
 456  	22.2277   	2.140608    
 457  	22.2765   	2.171858    
 458  	22.3254   	2.093735    
 459  	22.3742   	2.312485    
 460  	22.4231   	2.234358    
 461  	22.4719   	2.218735    
 462  	22.5208   	2.171858    
 463  	22.5696   	1.937485    
 464  	22.6185   	1.874985    
 465  	22.6673   	1.796862    
 466  	22.7162   	1.765612    
 467  	22.7650   	1.765612    
 468  	22.8139   	1.374984    
 469  	22.8627   	0.968733    
 470  	22.9116   	0.359359    
 471  	22.9604   	0.421860    
 472  	23.0093   	0.343737    
 473  	23.0581   	0.437482    
 474  	23.1070   	0.406232    
 475  	23.1558   	0.265609    
 476  	23.2047   	0.546860    
 477  	23.2535   	0.468732    
 478  	23.3024   	0.281237    
 479  	23.3512   	0.156237    
 480  	23.4001   	0.343737    
 481  	23.4489   	0.359359    
 482  	23.4978   	0.499982    
 483  	23.5467   	0.437482    
 484  	23.5955   	0.281237    
 485  	23.6444   	0.187487    
 486  	23.6932   	0.203109    
 487  	23.7421   	0.515610    
 488  	23.7909   	0.468732    
 489  	23.8398   	0.796860    
 490  	23.8886   	0.593732    
 491  	23.9375   	1.140611    
 492  	23.9863   	1.312484    
 493  	24.0352   	1.437484    
 494  	24.0840   	1.312484    
 495  	24.1329   	1.343734    
 496  	24.1817   	1.390611    
 497  	24.2306   	1.609362    
 498  	24.2794   	1.671862    
 499  	24.3283   	1.656234    
 500  	24.3771   	1.937485    
 501  	24.4260   	2.124985    
 502  	24.4748   	2.015607    
 503  	24.5237   	1.734362    
 504  	24.5725   	1.828107    
 505  	24.6214   	1.968735    
 506  	24.6702   	2.109357    
 507  	24.7191   	2.062485    
 508  	24.7680   	1.906235    
 509  	24.8168   	1.953107    
 510  	24.8657   	2.015607    
 511  	24.9145   	1.921857    
 512  	24.9634   	1.937485    
 513  	25.0122   	1.937485    
 514  	25.0611   	1.828107    
 515  	25.1099   	1.859357    
 516  	25.1588   	1.671862    
 517  	25.2076   	1.796862    
 518  	25.2565   	1.749984    
 519  	25.3053   	2.031235    
 520  	25.3542   	2.109357    
 521  	25.4030   	2.046857    
 522  	25.4519   	2.015607    
 523  	25.5007   	2.171858    
 524  	25.5496   	2.031235    
 525  	25.5984   	1.843735    
 526  	25.6473   	1.921857    
 527  	25.6961   	1.874985    
 528  	25.7450   	1.843735    
 529  	25.7938   	1.578112    
 530  	25.8427   	1.437484    
 531  	25.8915   	1.765612    
 532  	25.9404   	1.718734    
 533  	25.9893   	1.656234    
 534  	26.0381   	1.562484    
 535  	26.0870   	1.265611    
 536  	26.1358   	1.421861    
 537  	26.1847   	1.203111    
 538  	26.2335   	1.249984    
 539  	26.2824   	1.124983    
 540  	26.3312   	1.124983    
 541  	26.3801   	1.140611    
 542  	26.4289   	1.140611    
 543  	26.4778   	1.281234    
 544  	26.5266   	1.078111    
 545  	26.5755   	1.406234    
 546  	26.6243   	1.203111    
 547  	26.6732   	1.234361    
 548  	26.7220   	0.906233    
 549  	26.7709   	0.843733    
 550  	26.8197   	1.218733    
 551  	26.8686   	1.421861    
 552  	26.9174   	1.437484    
 553  	26.9663   	1.749984    
 554  	27.0151   	1.593734    
 555  	27.0640   	1.390611    
 556  	27.1128   	1.531234    
 557  	27.1617   	1.718734    
 558  	27.2106   	1.609362    
 559  	27.2594   	1.640612    
 560  	27.3083   	1.390611    
 561  	27.3571   	1.265611    
 562  	27.4060   	1.624984    
 563  	27.4548   	1.578112    
 564  	27.5037   	1.296861    
 565  	27.5525   	1.499984    
 566  	27.6014   	1.546862    
 567  	27.6502   	1.656234    
 568  	27.6991   	1.734362    
 569  	27.7479   	1.937485    
 570  	27.7968   	1.828107    
 571  	27.8456   	1.874985    
 572  	27.8945   	2.062485    
 573  	27.9433   	2.109357    
 574  	27.9922   	1.984357    
 575  	28.0410   	2.140608    
 576  	28.0899   	1.874985    
 577  	28.1387   	2.046857    
 578  	28.1876   	2.171858    
 579  	28.2364   	1.937485    
 580  	28.2853   	1.921857    
 581  	28.3341   	1.999985    
 582  	28.3830   	1.703112    
 583  	28.4319   	1.640612    
 584  	28.4807   	1.671862    
 585  	28.5296   	1.328111    
 586  	28.5784   	1.156233    
 587  	28.6273   	1.031233    
 588  	28.6761   	1.234361    
 589  	28.7250   	1.140611    
 590  	28.7738   	1.156233    
 591  	28.8227   	1.203111    
 592  	28.8715   	1.437484    
 593  	28.9204   	1.437484    
 594  	28.9692   	1.312484    
 595  	29.0181   	1.234361    
 596  	29.0669   	1.343734    
 597  	29.1158   	1.359361    
 598  	29.1646   	1.453111    
 599  	29.2135   	1.453111    
 600  	29.2623   	1.406234    
 601  	29.3112   	1.312484    
 602  	29.3600   	1.484361    
 603  	29.4089   	1.624984    
 604  	29.4577   	1.515612    
 605  	29.5066   	1.468734    
 606  	29.5554   	1.515612    
 607  	29.6043   	1.656234    
 608  	29.6532   	1.593734    
 609  	29.7020   	1.671862    
 610  	29.7509   	1.609362    
 611  	29.7997   	1.640612    
 612  	29.8486   	1.703112    
 613  	29.8974   	1.734362    
 614  	29.9463   	1.468734    
 615  	29.9951   	1.484361    
 616  	30.0440   	1.687484    
 617  	30.0928   	1.406234    
 618  	30.1417   	1.593734    
 619  	30.1905   	1.781234    
 620  	30.2394   	1.624984    
 621  	30.2882   	1.578112    
 622  	30.3371   	1.734362    
 623  	30.3859   	1.624984    
 624  	30.4348   	1.906235    
 625  	30.4836   	1.953107    
 626  	30.5325   	1.593734    
 627  	30.5813   	1.531234    
 628  	30.6302   	1.703112    
 629  	30.6790   	1.593734    
 630  	30.7279   	1.734362    
 631  	30.7767   	1.593734    
 632  	30.8256   	1.859357    
 633  	30.8745   	1.640612    
 634  	30.9233   	1.703112    
 635  	30.9722   	1.640612    
 636  	31.0210   	1.421861    
 637  	31.0699   	1.453111    
 638  	31.1187   	1.640612    
 639  	31.1676   	1.828107    
 640  	31.2164   	1.749984    
 641  	31.2653   	1.578112    
 642  	31.3141   	1.578112    
 643  	31.3630   	1.515612    
 644  	31.4118   	1.749984    
 645  	31.4607   	1.687484    
 646  	31.5095   	1.468734    
 647  	31.5584   	1.515612    
 648  	31.6072   	1.484361    
 649  	31.6561   	1.343734    
 650  	31.7049   	1.734362    
 651  	31.7538   	1.749984    
 652  	31.8026   	1.499984    
 653  	31.8515   	1.515612    
 654  	31.9003   	1.265611    
 655  	31.9492   	1.468734    
 656  	31.9980   	1.656234    
 657  	32.0469   	1.531234    
 658  	32.0957   	1.499984    
 659  	32.1446   	1.765612    
 660  	32.1935   	1.687484    
 661  	32.2423   	1.593734    
 662  	32.2912   	1.531234    
 663  	32.3400   	1.484361    
 664  	32.3889   	1.437484    
 665  	32.4377   	1.656234    
 666  	32.4866   	1.828107    
 667  	32.5354   	1.578112    
 668  	32.5843   	1.421861    
 669  	32.6331   	1.499984    
 670  	32.6820   	1.578112    
 671  	32.7308   	1.453111    
 672  	32.7797   	1.593734    
 673  	32.8285   	1.609362    
 674  	32.8774   	1.703112    
 675  	32.9262   	1.749984    
 676  	32.9751   	1.718734    
 677  	33.0239   	1.578112    
 678  	33.0728   	1.499984    
 679  	33.1216   	1.703112    
 680  	33.1705   	1.421861    
 681  	33.2193   	1.484361    
 682  	33.2682   	1.671862    
 683  	33.3170   	1.640612    
 684  	33.3659   	1.374984    
 685  	33.4148   	1.343734    
 686  	33.4636   	1.281234    
 687  	33.5125   	1.343734    
 688  	33.5613   	1.374984    
 689  	33.6102   	1.437484    
 690  	33.6590   	1.437484    
 691  	33.7079   	1.421861    
 692  	33.7567   	1.390611    
 693  	33.8056   	1.484361    
 694  	33.8544   	1.468734    
 695  	33.9033   	1.312484    
 696  	33.9521   	1.218733    
 697  	34.0010   	1.624984    
 698  	34.0498   	1.671862    
 699  	34.0987   	1.843735    
 700  	34.1475   	1.890607    
 701  	34.1964   	1.671862    
 702  	34.2452   	1.437484    
 703  	34.2941   	1.749984    
 704  	34.3429   	1.796862    
 705  	34.3918   	1.640612    
 706  	34.4406   	1.484361    
 707  	34.4895   	1.343734    
 708  	34.5383   	1.374984    
 709  	34.5872   	1.390611    
 710  	34.6361   	1.374984    
 711  	34.6849   	1.296861    
 712  	34.7338   	1.531234    
 713  	34.7826   	1.609362    
 714  	34.8315   	1.499984    
 715  	34.8803   	1.578112    
 716  	34.9292   	1.624984    
 717  	34.9780   	1.203111    
 718  	35.0269   	1.390611    
 719  	35.0757   	1.390611    
 720  	35.1246   	1.546862    
 721  	35.1734   	1.499984    
 722  	35.2223   	1.468734    
 723  	35.2711   	1.562484    
 724  	35.3200   	1.437484    
 725  	35.3688   	1.624984    
 726  	35.4177   	1.812485    
 727  	35.4665   	1.374984    
 728  	35.5154   	1.234361    
 729  	35.5642   	1.343734    
 730  	35.6131   	1.234361    
 731  	35.6619   	1.499984    
 732  	35.7108   	1.312484    
 733  	35.7596   	1.374984    
 734  	35.8085   	1.453111    
 735  	35.8574   	1.531234    
 736  	35.9062   	1.265611    
 737  	35.9551   	1.562484    
 738  	36.0039   	1.374984    
 739  	36.0528   	1.515612    
 740  	36.1016   	1.453111    
 741  	36.1505   	1.859357    
 742  	36.1993   	1.687484    
 743  	36.2482   	1.578112    
 744  	36.2970   	1.562484    
 745  	36.3459   	1.531234    
 746  	36.3947   	1.781234    
 747  	36.4436   	1.499984    
 748  	36.4924   	1.359361    
 749  	36.5413   	1.343734    
 750  	36.5901   	1.531234    
 751  	36.6390   	1.281234    
 752  	36.6878   	1.281234    
 753  	36.7367   	1.531234    
 754  	36.7855   	1.265611    
 755  	36.8344   	1.671862    
 756  	36.8832   	1.406234    
 757  	36.9321   	1.312484    
 758  	36.9809   	1.531234    
 759  	37.0298   	1.515612    
 760  	37.0787   	1.609362    
 761  	37.1275   	1.624984    
 762  	37.1764   	1.234361    
 763  	37.2252   	1.296861    
 764  	37.2741   	1.453111    
 765  	37.3229   	1.546862    
 766  	37.3718   	1.484361    
 767  	37.4206   	1.531234    
 768  	37.4695   	1.421861    
 769  	37.5183   	1.656234    
 770  	37.5672   	1.531234    
 771  	37.6160   	1.374984    
 772  	37.6649   	1.656234    
 773  	37.7137   	1.640612    
 774  	37.7626   	1.531234    
 775  	37.8114   	1.515612    
 776  	37.8603   	1.468734    
 777  	37.9091   	1.593734    
 778  	37.9580   	1.515612    
 779  	38.0068   	1.499984    
 780  	38.0557   	1.781234    
 781  	38.1045   	1.593734    
 782  	38.1534   	1.453111    
 783  	38.2022   	1.656234    
 784  	38.2511   	1.374984    
 785  	38.3000   	1.171861    
 786  	38.3488   	1.296861    
 787  	38.3977   	1.390611    
 788  	38.4465   	1.265611    
 789  	38.4954   	1.328111    
 790  	38.5442   	1.296861    
 791  	38.5931   	1.421861    
 792  	38.6419   	1.421861    
 793  	38.6908   	1.406234    
 794  	38.7396   	1.328111    
 795  	38.7885   	1.281234    
 796  	38.8373   	1.078111    
 797  	38.8862   	1.265611    
 798  	38.9350   	1.531234    
 799  	38.9839   	1.484361    
 800  	39.0327   	1.187483    
 801  	39.0816   	1.437484    
 802  	39.1304   	1.328111    
 803  	39.1793   	1.328111    
 804  	39.2281   	1.218733    
 805  	39.2770   	1.218733    
 806  	39.3258   	1.374984    
 807  	39.3747   	1.374984    
 808  	39.4235   	1.499984    
 809  	39.4724   	1.343734    
 810  	39.5213   	1.359361    
 811  	39.5701   	1.484361    
 812  	39.6190   	1.359361    
 813  	39.6678   	1.499984    
 814  	39.7167   	1.140611    
 815  	39.7655   	0.921860    
 816  	39.8144   	0.984361    
 817  	39.8632   	1.171861    
 818  	39.9121   	1.374984    
 819  	39.9609   	1.453111    
 820  	40.0098   	1.437484    
 821  	40.0586   	1.546862    
 822  	40.1075   	1.124983    
 823  	40.1563   	1.062483    
 824  	40.2052   	1.406234    
 825  	40.2540   	1.578112    
 826  	40.3029   	1.484361    
 827  	40.3517   	1.609362    
 828  	40.4006   	1.562484    
 829  	40.4494   	1.593734    
 830  	40.4983   	1.328111    
 831  	40.5471   	1.328111    
 832  	40.5960   	1.390611    
 833  	40.6448   	1.390611    
 834  	40.6937   	1.453111    
 835  	40.7425   	1.406234    
 836  	40.7914   	1.312484    
 837  	40.8403   	1.187483    
 838  	40.8891   	1.124983    
 839  	40.9380   	1.218733    
 840  	40.9868   	1.374984    
 841  	41.0357   	1.265611    
 842  	41.0845   	1.406234    
 843  	41.1334   	1.328111    
 844  	41.1822   	1.453111    
 845  	41.2311   	1.656234    
 846  	41.2799   	1.265611    
 847  	41.3288   	1.406234    
 848  	41.3776   	1.531234    
 849  	41.4265   	1.281234    
 850  	41.4753   	1.328111    
 851  	41.5242   	1.484361    
 852  	41.5730   	1.203111    
 853  	41.6219   	1.171861    
 854  	41.6707   	0.937483    
 855  	41.7196   	1.031233    
 856  	41.7684   	1.078111    
 857  	41.8173   	1.078111    
 858  	41.8661   	1.374984    
 859  	41.9150   	1.249984    
 860  	41.9638   	1.156233    
 861  	42.0127   	1.187483    
 862  	42.0616   	0.999983    
 863  	42.1104   	1.421861    
 864  	42.1593   	1.249984    
 865  	42.2081   	1.046861    
 866  	42.2570   	1.015611    
 867  	42.3058   	1.140611    
 868  	42.3547   	1.437484    
 869  	42.4035   	1.281234    
 870  	42.4524   	1.046861    
 871  	42.5012   	1.124983    
 872  	42.5501   	1.124983    
 873  	42.5989   	1.015611    
 874  	42.6478   	1.031233    
 875  	42.6966   	0.921860    
 876  	42.7455   	1.171861    
 877  	42.7943   	1.171861    
 878  	42.8432   	1.328111    
 879  	42.8920   	1.374984    
 880  	42.9409   	1.140611    
 881  	42.9897   	1.109361    
 882  	43.0386   	1.281234    
 883  	43.0874   	1.343734    
 884  	43.1363   	1.265611    
 885  	43.1851   	1.171861    
 886  	43.2340   	1.296861    
 887  	43.2829   	1.468734    
 888  	43.3317   	1.484361    
 889  	43.3806   	1.562484    
 890  	43.4294   	1.218733    
 891  	43.4783   	1.484361    
 892  	43.5271   	1.218733    
 893  	43.5760   	1.140611    
 894  	43.6248   	1.062483    
 895  	43.6737   	1.156233    
 896  	43.7225   	1.171861    
 897  	43.7714   	1.140611    
 898  	43.8202   	0.812483    
 899  	43.8691   	1.078111    
 900  	43.9179   	1.265611    
 901  	43.9668   	1.390611    
 902  	44.0156   	1.187483    
 903  	44.0645   	1.249984    
 904  	44.1133   	1.218733    
 905  	44.1622   	1.218733    
 906  	44.2110   	1.249984    
 907  	44.2599   	1.312484    
 908  	44.3087   	1.609362    
 909  	44.3576   	1.499984    
 910  	44.4064   	1.359361    
 911  	44.4553   	1.156233    
 912  	44.5042   	0.953111    
 913  	44.5530   	1.390611    
 914  	44.6019   	1.359361    
 915  	44.6507   	1.468734    
 916  	44.6996   	1.499984    
 917  	44.7484   	1.390611    
 918  	44.7973   	0.999983    
 919  	44.8461   	1.171861    
 920  	44.8950   	1.078111    
 921  	44.9438   	1.218733    
 922  	44.9927   	1.234361    
 923  	45.0415   	1.265611    
 924  	45.0904   	1.468734    
 925  	45.1392   	1.249984    
 926  	45.1881   	1.234361    
 927  	45.2369   	1.203111    
 928  	45.2858   	1.406234    
 929  	45.3346   	1.359361    
 930  	45.3835   	1.515612    
 931  	45.4323   	1.406234    
 932  	45.4812   	1.171861    
 933  	45.5300   	1.234361    
 934  	45.5789   	1.203111    
 935  	45.6277   	1.093733    
 936  	45.6766   	1.046861    
 937  	45.7255   	1.124983    
 938  	45.7743   	1.406234    
 939  	45.8232   	1.312484    
 940  	45.8720   	1.015611    
 941  	45.9209   	1.140611    
 942  	45.9697   	1.109361    
 943  	46.0186   	1.062483    
 944  	46.0674   	1.156233    
 945  	46.1163   	1.203111    
 946  	46.1651   	1.046861    
 947  	46.2140   	1.234361    
 948  	46.2628   	1.390611    
 949  	46.3117   	1.062483    
 950  	46.3605   	1.031233    
 951  	46.4094   	1.046861    
 952  	46.4582   	1.046861    
 953  	46.5071   	0.984361    
 954  	46.5559   	1.234361    
 955  	46.6048   	1.046861    
 956  	46.6536   	1.359361    
 957  	46.7025   	1.078111    
 958  	46.7513   	1.031233    
 959  	46.8002   	0.984361    
 960  	46.8490   	1.171861    
 961  	46.8979   	1.187483    
 962  	46.9468   	0.906233    
 963  	46.9956   	1.140611    
 964  	47.0445   	1.296861    
 965  	47.0933   	1.296861    
 966  	47.1422   	1.156233    
 967  	47.1910   	1.328111    
 968  	47.2399   	1.203111    
 969  	47.2887   	1.281234    
 970  	47.3376   	1.468734    
 971  	47.3864   	1.406234    
 972  	47.4353   	1.218733    
 973  	47.4841   	1.124983    
 974  	47.5330   	0.984361    
 975  	47.5818   	0.968733    
 976  	47.6307   	1.328111    
 977  	47.6795   	1.468734    
 978  	47.7284   	1.218733    
 979  	47.7772   	1.078111    
 980  	47.8261   	1.156233    
 981  	47.8749   	1.109361    
 982  	47.9238   	1.046861    
 983  	47.9726   	0.953111    
 984  	48.0215   	1.062483    
 985  	48.0703   	1.078111    
 986  	48.1192   	1.015611    
 987  	48.1681   	1.156233    
 988  	48.2169   	1.281234    
 989  	48.2658   	0.984361    
 990  	48.3146   	1.046861    
 991  	48.3635   	0.859360    
 992  	48.4123   	1.062483    
 993  	48.4612   	1.156233    
 994  	48.5100   	0.921860    
 995  	48.5589   	1.156233    
 996  	48.6077   	0.968733    
 997  	48.6566   	1.093733    
 998  	48.7054   	1.046861    
 999  	48.7543   	1.156233    
 1000 	48.8031   	1.265611    
 1001 	48.8520   	1.249984    
 1002 	48.9008   	1.296861    
 1003 	48.9497   	1.187483    
 1004 	48.9985   	1.124983    
 1005 	49.0474   	1.140611    
 1006 	49.0962   	1.171861    
 1007 	49.1451   	1.187483    
 1008 	49.1939   	1.281234    
 1009 	49.2428   	1.078111    
 1010 	49.2916   	1.187483    
 1011 	49.3405   	0.953111    
 1012 	49.3893   	1.218733    
 1013 	49.4382   	1.281234    
 1014 	49.4871   	0.984361    
 1015 	49.5359   	0.984361    
 1016 	49.5848   	1.156233    
 1017 	49.6336   	1.015611    
 1018 	49.6825   	1.046861    
 1019 	49.7313   	0.937483    
 1020 	49.7802   	0.937483    
 1021 	49.8290   	0.843733    
 1022 	49.8779   	0.921860    
 1023 	49.9267   	0.968733    
 1024 	49.9756   	0.968733    
 1025 	50.0244   	1.156233    
 1026 	50.0733   	0.999983    
 1027 	50.1221   	1.078111    
 1028 	50.1710   	1.140611    
 1029 	50.2198   	1.249984    
 1030 	50.2687   	1.203111    
 1031 	50.3175   	1.265611    
 1032 	50.3664   	1.078111    
 1033 	50.4152   	1.062483    
 1034 	50.4641   	0.906233    
 1035 	50.5129   	0.999983    
 1036 	50.5618   	0.874983    
 1037 	50.6106   	0.984361    
 1038 	50.6595   	0.921860    
 1039 	50.7084   	1.156233    
 1040 	50.7572   	0.953111    
 1041 	50.8061   	0.749983    
 1042 	50.8549   	0.718733    
 1043 	50.9038   	0.781233    
 1044 	50.9526   	0.968733    
 1045 	51.0015   	0.687482    
 1046 	51.0503   	0.640610    
 1047 	51.0992   	0.734360    
 1048 	51.1480   	0.921860    
 1049 	51.1969   	0.718733    
 1050 	51.2457   	0.906233    
 1051 	51.2946   	0.953111    
 1052 	51.3434   	0.468732    
 1053 	51.3923   	0.890610    
 1054 	51.4411   	0.968733    
 1055 	51.4900   	1.046861    
 1056 	51.5388   	0.984361    
 1057 	51.5877   	0.703110    
 1058 	51.6365   	1.046861    
 1059 	51.6854   	1.140611    
 1060 	51.7342   	1.265611    
 1061 	51.7831   	1.171861    
 1062 	51.8319   	1.234361    
 1063 	51.8808   	1.187483    
 1064 	51.9297   	1.124983    
 1065 	51.9785   	1.218733    
 1066 	52.0274   	0.859360    
 1067 	52.0762   	1.015611    
 1068 	52.1251   	1.406234    
 1069 	52.1739   	1.281234    
 1070 	52.2228   	1.249984    
 1071 	52.2716   	1.171861    
 1072 	52.3205   	1.124983    
 1073 	52.3693   	1.078111    
 1074 	52.4182   	1.328111    
 1075 	52.4670   	1.265611    
 1076 	52.5159   	1.421861    
 1077 	52.5647   	1.249984    
 1078 	52.6136   	0.921860    
 1079 	52.6624   	1.046861    
 1080 	52.7113   	1.109361    
 1081 	52.7601   	0.984361    
 1082 	52.8090   	1.124983    
 1083 	52.8578   	1.140611    
 1084 	52.9067   	1.187483    
 1085 	52.9555   	1.187483    
 1086 	53.0044   	0.859360    
 1087 	53.0532   	1.171861    
 1088 	53.1021   	1.046861    
 1089 	53.1510   	1.062483    
 1090 	53.1998   	1.203111    
 1091 	53.2487   	1.265611    
 1092 	53.2975   	1.046861    
 1093 	53.3464   	0.968733    
 1094 	53.3952   	0.906233    
 1095 	53.4441   	0.921860    
 1096 	53.4929   	0.874983    
 1097 	53.5418   	0.640610    
 1098 	53.5906   	0.874983    
 1099 	53.6395   	0.921860    
 1100 	53.6883   	0.843733    
 1101 	53.7372   	0.937483    
 1102 	53.7860   	0.999983    
 1103 	53.8349   	1.046861    
 1104 	53.8837   	0.812483    
 1105 	53.9326   	0.859360    
 1106 	53.9814   	0.984361    
 1107 	54.0303   	0.953111    
 1108 	54.0791   	0.749983    
 1109 	54.1280   	0.734360    
 1110 	54.1768   	1.046861    
 1111 	54.2257   	1.171861    
 1112 	54.2745   	1.109361    
 1113 	54.3234   	0.640610    
 1114 	54.3723   	0.828110    
 1115 	54.4211   	0.812483    
 1116 	54.4700   	1.187483    
 1117 	54.5188   	1.031233    
 1118 	54.5677   	0.859360    
 1119 	54.6165   	0.593732    
 1120 	54.6654   	0.999983    
 1121 	54.7142   	0.921860    
 1122 	54.7631   	0.968733    
 1123 	54.8119   	0.593732    
 1124 	54.8608   	0.999983    
 1125 	54.9096   	1.078111    
 1126 	54.9585   	1.031233    
 1127 	55.0073   	0.890610    
 1128 	55.0562   	0.499982    
 1129 	55.1050   	0.656232    
 1130 	55.1539   	0.890610    
 1131 	55.2027   	0.749983    
 1132 	55.2516   	0.999983    
 1133 	55.3004   	0.937483    
 1134 	55.3493   	0.765610    
 1135 	55.3981   	0.609360    
 1136 	55.4470   	0.703110    
 1137 	55.4958   	0.921860    
 1138 	55.5447   	0.921860    
 1139 	55.5936   	0.749983    
 1140 	55.6424   	0.984361    
 1141 	55.6913   	0.937483    
 1142 	55.7401   	1.015611    
 1143 	55.7890   	1.015611    
 1144 	55.8378   	1.078111    
 1145 	55.8867   	0.624982    
 1146 	55.9355   	0.953111    
 1147 	55.9844   	1.078111    
 1148 	56.0332   	0.703110    
 1149 	56.0821   	0.984361    
 1150 	56.1309   	0.999983    
 1151 	56.1798   	0.828110    
 1152 	56.2286   	0.874983    
 1153 	56.2775   	0.859360    
 1154 	56.3263   	0.999983    
 1155 	56.3752   	0.890610    
 1156 	56.4240   	1.187483    
 1157 	56.4729   	0.968733    
 1158 	56.5217   	0.999983    
 1159 	56.5706   	0.968733    
 1160 	56.6194   	1.015611    
 1161 	56.6683   	0.734360    
 1162 	56.7171   	1.015611    
 1163 	56.7660   	1.093733    
 1164 	56.8149   	0.937483    
 1165 	56.8637   	0.937483    
 1166 	56.9126   	1.031233    
 1167 	56.9614   	0.734360    
 1168 	57.0103   	0.937483    
 1169 	57.0591   	0.828110    
 1170 	57.1080   	0.937483    
 1171 	57.1568   	1.031233    
 1172 	57.2057   	0.999983    
 1173 	57.2545   	0.859360    
 1174 	57.3034   	0.812483    
 1175 	57.3522   	0.890610    
 1176 	57.4011   	1.046861    
 1177 	57.4499   	0.999983    
 1178 	57.4988   	0.921860    
 1179 	57.5476   	0.890610    
 1180 	57.5965   	0.906233    
 1181 	57.6453   	0.921860    
 1182 	57.6942   	0.359359    
 1183 	57.7430   	0.624982    
 1184 	57.7919   	0.687482    
 1185 	57.8407   	0.687482    
 1186 	57.8896   	1.031233    
 1187 	57.9384   	0.921860    
 1188 	57.9873   	0.687482    
 1189 	58.0361   	0.749983    
 1190 	58.0850   	0.640610    
 1191 	58.1339   	0.984361    
 1192 	58.1827   	0.968733    
 1193 	58.2316   	0.937483    
 1194 	58.2804   	0.640610    
 1195 	58.3293   	0.718733    
 1196 	58.3781   	0.843733    
 1197 	58.4270   	0.765610    
 1198 	58.4758   	0.999983    
 1199 	58.5247   	0.718733    
 1200 	58.5735   	0.874983    
 1201 	58.6224   	0.796860    
 1202 	58.6712   	0.781233    
 1203 	58.7201   	0.906233    
 1204 	58.7689   	0.609360    
 1205 	58.8178   	0.515610    
 1206 	58.8666   	0.749983    
 1207 	58.9155   	0.921860    
 1208 	58.9643   	0.843733    
 1209 	59.0132   	0.546860    
 1210 	59.0620   	0.734360    
 1211 	59.1109   	0.718733    
 1212 	59.1597   	0.718733    
 1213 	59.2086   	0.703110    
 1214 	59.2574   	0.749983    
 1215 	59.3063   	1.093733    
 1216 	59.3552   	1.156233    
 1217 	59.4040   	0.984361    
 1218 	59.4529   	0.781233    
 1219 	59.5017   	0.937483    
 1220 	59.5506   	0.906233    
 1221 	59.5994   	0.953111    
 1222 	59.6483   	0.640610    
 1223 	59.6971   	0.765610    
 1224 	59.7460   	0.781233    
 1225 	59.7948   	0.937483    
 1226 	59.8437   	1.062483    
 1227 	59.8925   	0.937483    
 1228 	59.9414   	1.015611    
 1229 	59.9902   	0.812483    
 1230 	60.0391   	0.953111    
 1231 	60.0879   	0.781233    
 1232 	60.1368   	1.031233    
 1233 	60.1856   	0.812483    
 1234 	60.2345   	0.796860    
 1235 	60.2833   	0.781233    
 1236 	60.3322   	0.874983    
 1237 	60.3810   	0.874983    
 1238 	60.4299   	0.953111    
 1239 	60.4787   	0.812483    
 1240 	60.5276   	0.671860    
 1241 	60.5765   	0.749983    
 1242 	60.6253   	0.859360    
 1243 	60.6742   	0.749983    
 1244 	60.7230   	0.812483    
 1245 	60.7719   	0.656232    
 1246 	60.8207   	0.890610    
 1247 	60.8696   	0.640610    
 1248 	60.9184   	0.874983    
 1249 	60.9673   	0.843733    
 1250 	61.0161   	1.046861    
 1251 	61.0650   	0.874983    
 1252 	61.1138   	0.921860    
 1253 	61.1627   	0.906233    
 1254 	61.2115   	0.765610    
 1255 	61.2604   	0.656232    
 1256 	61.3092   	0.624982    
 1257 	61.3581   	0.812483    
 1258 	61.4069   	0.999983    
 1259 	61.4558   	0.859360    
 1260 	61.5046   	0.859360    
 1261 	61.5535   	0.703110    
 1262 	61.6023   	0.781233    
 1263 	61.6512   	0.937483    
 1264 	61.7000   	0.749983    
 1265 	61.7489   	0.546860    
 1266 	61.7978   	0.531232    
 1267 	61.8466   	0.749983    
 1268 	61.8955   	0.937483    
 1269 	61.9443   	0.609360    
 1270 	61.9932   	0.765610    
 1271 	62.0420   	0.656232    
 1272 	62.0909   	0.734360    
 1273 	62.1397   	0.562482    
 1274 	62.1886   	0.609360    
 1275 	62.2374   	0.656232    
 1276 	62.2863   	0.484360    
 1277 	62.3351   	0.718733    
 1278 	62.3840   	0.765610    
 1279 	62.4328   	0.437482    
 1280 	62.4817   	0.703110    
 1281 	62.5305   	0.374982    
 1282 	62.5794   	0.718733    
 1283 	62.6282   	0.499982    
 1284 	62.6771   	0.609360    
 1285 	62.7259   	0.749983    
 1286 	62.7748   	0.734360    
 1287 	62.8236   	0.656232    
 1288 	62.8725   	0.703110    
 1289 	62.9213   	0.812483    
 1290 	62.9702   	0.874983    
 1291 	63.0191   	0.796860    
 1292 	63.0679   	0.546860    
 1293 	63.1168   	0.640610    
 1294 	63.1656   	0.624982    
 1295 	63.2145   	0.781233    
 1296 	63.2633   	0.796860    
 1297 	63.3122   	0.546860    
 1298 	63.3610   	0.562482    
 1299 	63.4099   	0.734360    
 1300 	63.4587   	0.718733    
 1301 	63.5076   	0.609360    
 1302 	63.5564   	0.406232    
 1303 	63.6053   	0.578110    
 1304 	63.6541   	0.484360    
 1305 	63.7030   	0.656232    
 1306 	63.7518   	0.468732    
 1307 	63.8007   	0.531232    
 1308 	63.8495   	0.453110    
 1309 	63.8984   	0.453110    
 1310 	63.9472   	0.374982    
 1311 	63.9961   	0.296859    
 1312 	64.0449   	0.234359    
 1313 	64.0938   	0.187487    
 1314 	64.1426   	0.140609    
 1315 	64.1915   	-0.000014   
 1316 	64.2404   	0.046859    
 1317 	64.2892   	-0.078141   
 1318 	64.3381   	-0.078141   
 1319 	64.3869   	-0.296892   
 1320 	64.4358   	-0.625015   
 1321 	64.4846   	-0.828143   
 1322 	64.5335   	-0.750015   
 1323 	64.5823   	-1.125077   
 1324 	64.6312   	-1.187577   
 1325 	64.6800   	-1.406327   
 1326 	64.7289   	-1.609450   
 1327 	64.7777   	-1.656328   
 1328 	64.8266   	-1.453200   
 1329 	64.8754   	-1.921951   
 1330 	64.9243   	-1.718828   
 1331 	64.9731   	-2.421952   
 1332 	65.0220   	-2.687575   
 1333 	65.0708   	-3.109514   
 1334 	65.1197   	-3.734510   
 1335 	65.1685   	-4.422011   
 1336 	65.2174   	-4.890762   
 1337 	65.2662   	-5.437697   
 1338 	65.3151   	-5.390824   
 1339 	65.3639   	-4.937640   
 1340 	65.4128   	-4.328261   
 1341 	65.4617   	-3.375137   
 1342 	65.5105   	-2.781325   
 1343 	65.5594   	-2.234451   
 1344 	65.6082   	-1.578200   
 1345 	65.6571   	-1.265700   
 1346 	65.7059   	-1.093827   
 1347 	65.7548   	-1.015699   
 1348 	65.8036   	-1.375077   
 1349 	65.8525   	-1.546950   
 1350 	65.9013   	-1.875078   
 1351 	65.9502   	-2.218829   
 1352 	65.9990   	-2.453202   
 1353 	66.0479   	-2.468824   
 1354 	66.0967   	-2.281329   
 1355 	66.1456   	-2.046951   
 1356 	66.1944   	-1.828201   
 1357 	66.2433   	-1.687578   
 1358 	66.2921   	-1.718828   
 1359 	66.3410   	-1.562578   
 1360 	66.3898   	-1.437577   
 1361 	66.4387   	-1.250077   
 1362 	66.4875   	-1.171950   
 1363 	66.5364   	-1.218827   
 1364 	66.5852   	-1.187577   
 1365 	66.6341   	-0.937577   
 1366 	66.6830   	-1.000077   
 1367 	66.7318   	-0.750015   
 1368 	66.7807   	-0.765642   
 1369 	66.8295   	-0.843765   
 1370 	66.8784   	-0.984449   
 1371 	66.9272   	-0.812515   
 1372 	66.9761   	-0.765642   
 1373 	67.0249   	-0.671892   
 1374 	67.0738   	-0.296892   
 1375 	67.1226   	-0.359392   
 1376 	67.1715   	-0.156264   
 1377 	67.2203   	-0.000014   
 1378 	67.2692   	-0.109391   
 1379 	67.3180   	-0.046891   
 1380 	67.3669   	0.187487    
 1381 	67.4157   	0.265609    
 1382 	67.4646   	0.390610    
 1383 	67.5134   	0.578110    
 1384 	67.5623   	0.687482    
 1385 	67.6111   	0.624982    
 1386 	67.6600   	0.437482    
 1387 	67.7088   	0.484360    
 1388 	67.7577   	0.796860    
 1389 	67.8065   	0.531232    
 1390 	67.8554   	0.890610    
 1391 	67.9042   	0.703110    
 1392 	67.9531   	0.531232    
 1393 	68.0020   	0.640610    
 1394 	68.0508   	0.937483    
 1395 	68.0997   	1.140611    
 1396 	68.1485   	1.093733    
 1397 	68.1974   	1.406234    
 1398 	68.2462   	1.281234    
 1399 	68.2951   	1.328111    
 1400 	68.3439   	1.578112    
 1401 	68.3928   	1.765612    
 1402 	68.4416   	1.234361    
 1403 	68.4905   	1.718734    
 1404 	68.5393   	1.640612    
 1405 	68.5882   	1.687484    
 1406 	68.6370   	1.687484    
 1407 	68.6859   	1.624984    
 1408 	68.7347   	1.546862    
 1409 	68.7836   	1.281234    
 1410 	68.8324   	1.406234    
 1411 	68.8813   	1.437484    
 1412 	68.9301   	1.359361    
 1413 	68.9790   	1.468734    
 1414 	69.0278   	1.499984    
 1415 	69.0767   	1.515612    
 1416 	69.1255   	1.609362    
 1417 	69.1744   	1.484361    
 1418 	69.2233   	0.984361    
 1419 	69.2721   	0.999983    
 1420 	69.3210   	1.312484    
 1421 	69.3698   	1.312484    
 1422 	69.4187   	1.343734    
 1423 	69.4675   	1.218733    
 1424 	69.5164   	1.328111    
 1425 	69.5652   	1.343734    
 1426 	69.6141   	1.359361    
 1427 	69.6629   	1.281234    
 1428 	69.7118   	1.265611    
 1429 	69.7606   	0.843733    
 1430 	69.8095   	1.093733    
 1431 	69.8583   	1.046861    
 1432 	69.9072   	1.031233    
 1433 	69.9560   	0.874983    
 1434 	70.0049   	1.031233    
 1435 	70.0537   	1.171861    
 1436 	70.1026   	0.906233    
 1437 	70.1514   	0.890610    
 1438 	70.2003   	0.828110    
 1439 	70.2491   	0.624982    
 1440 	70.2980   	0.796860    
 1441 	70.3468   	0.640610    
 1442 	70.3957   	0.828110    
 1443 	70.4446   	0.828110    
 1444 	70.4934   	0.796860    
 1445 	70.5423   	0.781233    
 1446 	70.5911   	1.046861    
 1447 	70.6400   	0.812483    
 1448 	70.6888   	0.999983    
 1449 	70.7377   	1.421861    
 1450 	70.7865   	1.281234    
 1451 	70.8354   	1.187483    
 1452 	70.8842   	1.140611    
 1453 	70.9331   	1.203111    
 1454 	70.9819   	1.203111    
 1455 	71.0308   	0.906233    
 1456 	71.0796   	1.078111    
 1457 	71.1285   	1.390611    
 1458 	71.1773   	1.499984    
 1459 	71.2262   	1.312484    
 1460 	71.2750   	1.312484    
 1461 	71.3239   	1.531234    
 1462 	71.3727   	1.359361    
 1463 	71.4216   	1.390611    
 1464 	71.4704   	1.312484    
 1465 	71.5193   	1.312484    
 1466 	71.5681   	1.343734    
 1467 	71.6170   	1.343734    
 1468 	71.6659   	1.406234    
 1469 	71.7147   	1.218733    
 1470 	71.7636   	1.109361    
 1471 	71.8124   	1.093733    
 1472 	71.8613   	1.249984    
 1473 	71.9101   	1.234361    
 1474 	71.9590   	1.421861    
 1475 	72.0078   	0.953111    
 1476 	72.0567   	1.031233    
 1477 	72.1055   	1.109361    
 1478 	72.1544   	1.124983    
 1479 	72.2032   	1.328111    
 1480 	72.2521   	1.234361    
 1481 	72.3009   	1.249984    
 1482 	72.3498   	1.249984    
 1483 	72.3986   	1.187483    
 1484 	72.4475   	1.171861    
 1485 	72.4963   	0.953111    
 1486 	72.5452   	0.874983    
 1487 	72.5940   	0.874983    
 1488 	72.6429   	1.078111    
 1489 	72.6917   	1.078111    
 1490 	72.7406   	1.234361    
 1491 	72.7894   	0.968733    
 1492 	72.8383   	1.109361    
 1493 	72.8872   	0.968733    
 1494 	72.9360   	0.984361    
 1495 	72.9849   	0.828110    
 1496 	73.0337   	1.140611    
 1497 	73.0826   	0.828110    
 1498 	73.1314   	0.874983    
 1499 	73.1803   	0.890610    
 1500 	73.2291   	0.953111    
 1501 	73.2780   	0.999983    
 1502 	73.3268   	1.312484    
 1503 	73.3757   	1.093733    
 1504 	73.4245   	1.296861    
 1505 	73.4734   	1.234361    
 1506 	73.5222   	1.171861    
 1507 	73.5711   	0.999983    
 1508 	73.6199   	1.156233    
 1509 	73.6688   	1.046861    
 1510 	73.7176   	1.015611    
 1511 	73.7665   	1.124983    
 1512 	73.8153   	1.234361    
 1513 	73.8642   	1.078111    
 1514 	73.9130   	1.187483    
 1515 	73.9619   	1.093733    
 1516 	74.0107   	1.281234    
 1517 	74.0596   	1.046861    
 1518 	74.1085   	1.218733    
 1519 	74.1573   	1.374984    
 1520 	74.2062   	1.109361    
 1521 	74.2550   	1.109361    
 1522 	74.3039   	1.343734    
 1523 	74.3527   	1.124983    
 1524 	74.4016   	1.156233    
 1525 	74.4504   	1.374984    
 1526 	74.4993   	1.234361    
 1527 	74.5481   	1.109361    
 1528 	74.5970   	1.046861    
 1529 	74.6458   	0.859360    
 1530 	74.6947   	0.890610    
 1531 	74.7435   	1.265611    
 1532 	74.7924   	1.046861    
 1533 	74.8412   	1.406234    
 1534 	74.8901   	0.999983    
 1535 	74.9389   	0.999983    
 1536 	74.9878   	1.015611    
 1537 	75.0366   	0.796860    
 1538 	75.0855   	0.749983    
 1539 	75.1343   	0.562482    
 1540 	75.1832   	0.906233    
 1541 	75.2320   	0.968733    
 1542 	75.2809   	1.046861    
 1543 	75.3298   	0.781233    
 1544 	75.3786   	0.937483    
 1545 	75.4275   	1.093733    
 1546 	75.4763   	1.031233    
 1547 	75.5252   	0.843733    
 1548 	75.5740   	0.953111    
 1549 	75.6229   	0.890610    
 1550 	75.6717   	0.921860    
 1551 	75.7206   	0.984361    
 1552 	75.7694   	1.218733    
 1553 	75.8183   	0.953111    
 1554 	75.8671   	0.859360    
 1555 	75.9160   	0.906233    
 1556 	75.9648   	1.093733    
 1557 	76.0137   	0.781233    
 1558 	76.0625   	0.906233    
 1559 	76.1114   	0.968733    
 1560 	76.1602   	1.046861    
 1561 	76.2091   	1.171861    
 1562 	76.2579   	0.937483    
 1563 	76.3068   	0.953111    
 1564 	76.3556   	0.937483    
 1565 	76.4045   	1.015611    
 1566 	76.4533   	0.718733    
 1567 	76.5022   	0.890610    
 1568 	76.5510   	0.921860    
 1569 	76.5999   	1.171861    
 1570 	76.6488   	1.140611    
 1571 	76.6976   	1.015611    
 1572 	76.7465   	1.078111    
 1573 	76.7953   	1.062483    
 1574 	76.8442   	1.124983    
 1575 	76.8930   	1.203111    
 1576 	76.9419   	1.156233    
 1577 	76.9907   	0.781233    
 1578 	77.0396   	0.796860    
 1579 	77.0884   	0.890610    
 1580 	77.1373   	1.046861    
 1581 	77.1861   	0.890610    
 1582 	77.2350   	0.937483    
 1583 	77.2838   	0.656232    
 1584 	77.3327   	0.781233    
 1585 	77.3815   	0.828110    
 1586 	77.4304   	0.843733    
 1587 	77.4792   	0.812483    
 1588 	77.5281   	1.031233    
 1589 	77.5769   	1.156233    
 1590 	77.6258   	0.999983    
 1591 	77.6746   	1.156233    
 1592 	77.7235   	1.187483    
 1593 	77.7723   	1.140611    
 1594 	77.8212   	1.078111    
 1595 	77.8701   	1.218733    
 1596 	77.9189   	1.203111    
 1597 	77.9678   	1.343734    
 1598 	78.0166   	1.187483    
 1599 	78.0655   	1.406234    
 1600 	78.1143   	1.281234    
 1601 	78.1632   	1.203111    
 1602 	78.2120   	1.124983    
 1603 	78.2609   	0.984361    
 1604 	78.3097   	1.124983    
 1605 	78.3586   	0.843733    
 1606 	78.4074   	0.765610    
 1607 	78.4563   	1.093733    
 1608 	78.5051   	1.062483    
 1609 	78.5540   	0.859360    
 1610 	78.6028   	1.078111    
 1611 	78.6517   	0.890610    
 1612 	78.7005   	1.031233    
 1613 	78.7494   	0.890610    
 1614 	78.7982   	0.984361    
 1615 	78.8471   	1.124983    
 1616 	78.8959   	1.187483    
 1617 	78.9448   	1.031233    
 1618 	78.9936   	0.953111    
 1619 	79.0425   	1.031233    
 1620 	79.0914   	0.828110    
 1621 	79.1402   	1.156233    
 1622 	79.1891   	1.218733    
 1623 	79.2379   	1.187483    
 1624 	79.2868   	0.937483    
 1625 	79.3356   	1.031233    
 1626 	79.3845   	0.890610    
 1627 	79.4333   	0.937483    
 1628 	79.4822   	1.249984    
 1629 	79.5310   	0.874983    
 1630 	79.5799   	0.890610    
 1631 	79.6287   	0.968733    
 1632 	79.6776   	0.968733    
 1633 	79.7264   	1.140611    
 1634 	79.7753   	0.953111    
 1635 	79.8241   	0.781233    
 1636 	79.8730   	0.968733    
 1637 	79.9218   	0.828110    
 1638 	79.9707   	0.921860    
 1639 	80.0195   	0.687482    
 1640 	80.0684   	0.718733    
 1641 	80.1172   	0.718733    
 1642 	80.1661   	0.843733    
 1643 	80.2149   	0.906233    
 1644 	80.2638   	0.781233    
 1645 	80.3127   	0.703110    
 1646 	80.3615   	0.843733    
 1647 	80.4104   	0.859360    
 1648 	80.4592   	0.749983    
 1649 	80.5081   	0.703110    
 1650 	80.5569   	0.921860    
 1651 	80.6058   	0.906233    
 1652 	80.6546   	0.890610    
 1653 	80.7035   	0.890610    
 1654 	80.7523   	0.859360    
 1655 	80.8012   	0.859360    
 1656 	80.8500   	1.046861    
 1657 	80.8989   	0.906233    
 1658 	80.9477   	0.843733    
 1659 	80.9966   	1.171861    
 1660 	81.0454   	1.093733    
 1661 	81.0943   	0.906233    
 1662 	81.1431   	0.906233    
 1663 	81.1920   	0.937483    
 1664 	81.2408   	0.765610    
 1665 	81.2897   	0.703110    
 1666 	81.3385   	0.656232    
 1667 	81.3874   	0.718733    
 1668 	81.4362   	0.687482    
 1669 	81.4851   	0.828110    
 1670 	81.5340   	0.874983    
 1671 	81.5828   	0.609360    
 1672 	81.6317   	0.796860    
 1673 	81.6805   	0.953111    
 1674 	81.7294   	0.874983    
 1675 	81.7782   	0.593732    
 1676 	81.8271   	0.406232    
 1677 	81.8759   	0.265609    
 1678 	81.9248   	0.281237    
 1679 	81.9736   	0.562482    
 1680 	82.0225   	0.249987    
 1681 	82.0713   	-0.015641   
 1682 	82.1202   	-0.296892   
 1683 	82.1690   	-0.765642   
 1684 	82.2179   	-0.718765   
 1685 	82.2667   	-0.859454   
 1686 	82.3156   	-1.328200   
 1687 	82.3644   	-1.109449   
 1688 	82.4133   	-0.703142   
 1689 	82.4621   	-0.734392   
 1690 	82.5110   	-0.640642   
 1691 	82.5598   	-0.812515   
 1692 	82.6087   	-0.656265   
 1693 	82.6575   	-0.140641   
 1694 	82.7064   	-0.234392   
 1695 	82.7553   	-0.281264   
 1696 	82.8041   	-0.265642   
 1697 	82.8530   	0.015609    
 1698 	82.9018   	-0.140641   
 1699 	82.9507   	-0.171891   
 1700 	82.9995   	-0.062514   
 1701 	83.0484   	-0.250014   
 1702 	83.0972   	-0.062514   
 1703 	83.1461   	-0.375014   
 1704 	83.1949   	-0.281264   
 1705 	83.2438   	0.046859    
 1706 	83.2926   	0.062487    
 1707 	83.3415   	-0.046891   
 1708 	83.3903   	0.171859    
 1709 	83.4392   	0.296859    
 1710 	83.4880   	0.437482    
 1711 	83.5369   	0.484360    
 1712 	83.5857   	0.468732    
 1713 	83.6346   	0.515610    
 1714 	83.6834   	0.468732    
 1715 	83.7323   	0.859360    
 1716 	83.7811   	0.765610    
 1717 	83.8300   	0.578110    
 1718 	83.8788   	0.687482    
 1719 	83.9277   	0.656232    
 1720 	83.9766   	0.562482    
 1721 	84.0254   	0.234359    
 1722 	84.0743   	0.265609    
 1723 	84.1231   	0.328109    
 1724 	84.1720   	0.328109    
 1725 	84.2208   	0.312487    
 1726 	84.2697   	0.234359    
 1727 	84.3185   	0.343737    
 1728 	84.3674   	0.374982    
 1729 	84.4162   	0.328109    
 1730 	84.4651   	0.359359    
 1731 	84.5139   	0.406232    
 1732 	84.5628   	0.218737    
 1733 	84.6116   	0.421860    
 1734 	84.6605   	0.578110    
 1735 	84.7093   	0.187487    
 1736 	84.7582   	0.156237    
 1737 	84.8070   	0.187487    
 1738 	84.8559   	0.593732    
 1739 	84.9047   	0.437482    
 1740 	84.9536   	0.656232    
 1741 	85.0024   	0.624982    
 1742 	85.0513   	0.671860    
 1743 	85.1001   	0.578110    
 1744 	85.1490   	0.624982    
 1745 	85.1978   	0.734360    
 1746 	85.2467   	0.718733    
 1747 	85.2956   	1.031233    
 1748 	85.3444   	0.874983    
 1749 	85.3933   	0.921860    
 1750 	85.4421   	1.093733    
 1751 	85.4910   	0.953111    
 1752 	85.5398   	0.937483    
 1753 	85.5887   	0.921860    
 1754 	85.6375   	1.156233    
 1755 	85.6864   	1.296861    
 1756 	85.7352   	1.359361    
 1757 	85.7841   	1.468734    
 1758 	85.8329   	1.140611    
 1759 	85.8818   	1.234361    
 1760 	85.9306   	1.296861    
 1761 	85.9795   	1.406234    
 1762 	86.0283   	1.343734    
 1763 	86.0772   	1.109361    
 1764 	86.1260   	1.218733    
 1765 	86.1749   	1.468734    
 1766 	86.2237   	1.531234    
 1767 	86.2726   	1.359361    
 1768 	86.3214   	1.265611    
 1769 	86.3703   	1.515612    
 1770 	86.4191   	1.312484    
 1771 	86.4680   	1.046861    
 1772 	86.5169   	1.265611    
 1773 	86.5657   	1.437484    
 1774 	86.6146   	1.421861    
 1775 	86.6634   	1.218733    
 1776 	86.7123   	1.421861    
 1777 	86.7611   	1.359361    
 1778 	86.8100   	1.499984    
 1779 	86.8588   	1.109361    
 1780 	86.9077   	1.218733    
 1781 	86.9565   	1.328111    
 1782 	87.0054   	1.234361    
 1783 	87.0542   	1.187483    
 1784 	87.1031   	1.046861    
 1785 	87.1519   	1.031233    
 1786 	87.2008   	1.062483    
 1787 	87.2496   	1.234361    
 1788 	87.2985   	1.171861    
 1789 	87.3473   	1.187483    
 1790 	87.3962   	1.093733    
 1791 	87.4450   	1.203111    
 1792 	87.4939   	0.999983    
 1793 	87.5427   	0.890610    
 1794 	87.5916   	0.859360    
 1795 	87.6404   	0.765610    
 1796 	87.6893   	1.046861    
 1797 	87.7382   	0.859360    
 1798 	87.7870   	1.015611    
 1799 	87.8359   	1.015611    
 1800 	87.8847   	0.828110    
 1801 	87.9336   	0.859360    
 1802 	87.9824   	0.906233    
 1803 	88.0313   	0.749983    
 1804 	88.0801   	0.906233    
 1805 	88.1290   	0.812483    
 1806 	88.1778   	0.953111    
 1807 	88.2267   	0.890610    
 1808 	88.2755   	0.734360    
 1809 	88.3244   	0.937483    
 1810 	88.3732   	1.124983    
 1811 	88.4221   	0.796860    
 1812 	88.4709   	0.781233    
 1813 	88.5198   	0.968733    
 1814 	88.5686   	1.093733    
 1815 	88.6175   	0.749983    
 1816 	88.6663   	0.843733    
 1817 	88.7152   	0.953111    
 1818 	88.7640   	0.812483    
 1819 	88.8129   	0.937483    
 1820 	88.8617   	0.921860    
 1821 	88.9106   	1.031233    
 1822 	88.9595   	1.187483    
 1823 	89.0083   	1.046861    
 1824 	89.0572   	1.187483    
 1825 	89.1060   	1.265611    
 1826 	89.1549   	1.093733    
 1827 	89.2037   	0.984361    
 1828 	89.2526   	1.015611    
 1829 	89.3014   	1.078111    
 1830 	89.3503   	0.812483    
 1831 	89.3991   	1.140611    
 1832 	89.4480   	0.968733    
 1833 	89.4968   	1.124983    
 1834 	89.5457   	0.718733    
 1835 	89.5945   	0.843733    
 1836 	89.6434   	0.906233    
 1837 	89.6922   	1.078111    
 1838 	89.7411   	0.937483    
 1839 	89.7899   	0.999983    
 1840 	89.8388   	0.968733    
 1841 	89.8876   	0.999983    
 1842 	89.9365   	1.140611    
 1843 	89.9853   	0.781233    
 1844 	90.0342   	0.859360    
 1845 	90.0830   	0.937483    
 1846 	90.1319   	0.906233    
 1847 	90.1808   	0.921860    
 1848 	90.2296   	1.031233    
 1849 	90.2785   	0.890610    
 1850 	90.3273   	1.124983    
 1851 	90.3762   	1.109361    
 1852 	90.4250   	1.140611    
 1853 	90.4739   	0.999983    
 1854 	90.5227   	0.984361    
 1855 	90.5716   	1.078111    
 1856 	90.6204   	1.218733    
 1857 	90.6693   	1.249984    
 1858 	90.7181   	1.171861    
 1859 	90.7670   	1.218733    
 1860 	90.8158   	1.374984    
 1861 	90.8647   	1.062483    
 1862 	90.9135   	1.046861    
 1863 	90.9624   	1.078111    
 1864 	91.0112   	1.140611    
 1865 	91.0601   	1.093733    
 1866 	91.1089   	1.187483    
 1867 	91.1578   	0.984361    
 1868 	91.2066   	1.109361    
 1869 	91.2555   	0.843733    
 1870 	91.3043   	0.906233    
 1871 	91.3532   	0.781233    
 1872 	91.4021   	0.812483    
 1873 	91.4509   	0.984361    
 1874 	91.4998   	0.734360    
 1875 	91.5486   	0.578110    
 1876 	91.5975   	0.484360    
 1877 	91.6463   	0.390610    
 1878 	91.6952   	0.171859    
 1879 	91.7440   	0.156237    
 1880 	91.7929   	0.187487    
 1881 	91.8417   	0.312487    
 1882 	91.8906   	0.218737    
 1883 	91.9394   	0.578110    
 1884 	91.9883   	0.359359    
 1885 	92.0371   	0.390610    
 1886 	92.0860   	0.499982    
 1887 	92.1348   	0.374982    
 1888 	92.1837   	0.453110    
 1889 	92.2325   	0.406232    
 1890 	92.2814   	0.437482    
 1891 	92.3302   	0.437482    
 1892 	92.3791   	0.499982    
 1893 	92.4279   	0.437482    
 1894 	92.4768   	0.265609    
 1895 	92.5256   	0.328109    
 1896 	92.5745   	0.078109    
 1897 	92.6234   	0.406232    
 1898 	92.6722   	0.421860    
 1899 	92.7211   	0.484360    
 1900 	92.7699   	0.624982    
 1901 	92.8188   	0.578110    
 1902 	92.8676   	0.609360    
 1903 	92.9165   	0.812483    
 1904 	92.9653   	0.921860    
 1905 	93.0142   	0.812483    
 1906 	93.0630   	0.921860    
 1907 	93.1119   	0.796860    
 1908 	93.1607   	0.999983    
 1909 	93.2096   	0.812483    
 1910 	93.2584   	0.796860    
 1911 	93.3073   	0.656232    
 1912 	93.3561   	0.640610    
 1913 	93.4050   	0.531232    
 1914 	93.4538   	0.671860    
 1915 	93.5027   	0.453110    
 1916 	93.5515   	0.624982    
 1917 	93.6004   	0.593732    
 1918 	93.6492   	0.281237    
 1919 	93.6981   	0.109359    
 1920 	93.7469   	0.312487    
 1921 	93.7958   	0.624982    
 1922 	93.8446   	0.437482    
 1923 	93.8935   	0.390610    
 1924 	93.9424   	0.406232    
 1925 	93.9912   	0.421860    
 1926 	94.0401   	0.312487    
 1927 	94.0889   	0.390610    
 1928 	94.1378   	0.687482    
 1929 	94.1866   	0.578110    
 1930 	94.2355   	0.609360    
 1931 	94.2843   	0.749983    
 1932 	94.3332   	0.515610    
 1933 	94.3820   	0.499982    
 1934 	94.4309   	0.437482    
 1935 	94.4797   	0.593732    
 1936 	94.5286   	0.296859    
 1937 	94.5774   	0.343737    
 1938 	94.6263   	0.499982    
 1939 	94.6751   	0.781233    
 1940 	94.7240   	0.624982    
 1941 	94.7728   	0.546860    
 1942 	94.8217   	0.390610    
 1943 	94.8705   	0.624982    
 1944 	94.9194   	0.484360    
 1945 	94.9682   	0.499982    
 1946 	95.0171   	0.624982    
 1947 	95.0659   	0.921860    
 1948 	95.1148   	0.906233    
 1949 	95.1637   	0.781233    
 1950 	95.2125   	0.703110    
 1951 	95.2614   	0.859360    
 1952 	95.3102   	1.015611    
 1953 	95.3591   	0.859360    
 1954 	95.4079   	1.093733    
 1955 	95.4568   	1.187483    
 1956 	95.5056   	1.218733    
 1957 	95.5545   	0.874983    
 1958 	95.6033   	0.593732    
 1959 	95.6522   	0.718733    
 1960 	95.7010   	0.890610    
 1961 	95.7499   	0.906233    
 1962 	95.7987   	1.078111    
 1963 	95.8476   	0.937483    
 1964 	95.8964   	0.859360    
 1965 	95.9453   	0.812483    
 1966 	95.9941   	1.015611    
 1967 	96.0430   	0.874983    
 1968 	96.0918   	0.937483    
 1969 	96.1407   	0.953111    
 1970 	96.1895   	1.281234    
 1971 	96.2384   	1.062483    
 1972 	96.2872   	1.187483    
 1973 	96.3361   	0.874983    
 1974 	96.3850   	1.078111    
 1975 	96.4338   	0.968733    
 1976 	96.4827   	0.843733    
 1977 	96.5315   	0.906233    
 1978 	96.5804   	0.890610    
 1979 	96.6292   	1.062483    
 1980 	96.6781   	1.109361    
 1981 	96.7269   	0.796860    
 1982 	96.7758   	0.687482    
 1983 	96.8246   	0.812483    
 1984 	96.8735   	0.828110    
 1985 	96.9223   	0.812483    
 1986 	96.9712   	0.718733    
 1987 	97.0200   	0.749983    
 1988 	97.0689   	0.734360    
 1989 	97.1177   	0.578110    
 1990 	97.1666   	0.656232    
 1991 	97.2154   	0.812483    
 1992 	97.2643   	0.828110    
 1993 	97.3131   	0.999983    
 1994 	97.3620   	0.812483    
 1995 	97.4108   	1.093733    
 1996 	97.4597   	1.046861    
 1997 	97.5085   	0.890610    
 1998 	97.5574   	0.843733    
 1999 	97.6063   	0.843733    
 2000 	97.6551   	0.968733    
 2001 	97.7040   	1.156233    
 2002 	97.7528   	1.046861    
 2003 	97.8017   	1.171861    
 2004 	97.8505   	0.906233    
 2005 	97.8994   	1.062483    
 2006 	97.9482   	0.984361    
 2007 	97.9971   	0.828110    
 2008 	98.0459   	0.999983    
 2009 	98.0948   	1.218733    
 2010 	98.1436   	1.234361    
 2011 	98.1925   	1.109361    
 2012 	98.2413   	1.124983    
 2013 	98.2902   	1.093733    
 2014 	98.3390   	1.124983    
 2015 	98.3879   	0.859360    
 2016 	98.4367   	1.046861    
 2017 	98.4856   	1.156233    
 2018 	98.5344   	1.031233    
 2019 	98.5833   	1.187483    
 2020 	98.6321   	1.031233    
 2021 	98.6810   	1.124983    
 2022 	98.7298   	1.312484    
 2023 	98.7787   	1.156233    
 2024 	98.8276   	0.796860    
 2025 	98.8764   	1.203111    
 2026 	98.9253   	1.062483    
 2027 	98.9741   	0.640610    
 2028 	99.0230   	0.906233    
 2029 	99.0718   	0.921860    
 2030 	99.1207   	0.859360    
 2031 	99.1695   	0.921860    
 2032 	99.2184   	0.687482    
 2033 	99.2672   	0.578110    
 2034 	99.3161   	0.937483    
 2035 	99.3649   	0.984361    
 2036 	99.4138   	0.812483    
 2037 	99.4626   	1.015611    
 2038 	99.5115   	0.749983    
 2039 	99.5603   	0.609360    
 2040 	99.6092   	0.562482    
 2041 	99.6580   	0.843733    
 2042 	99.7069   	0.859360    
 2043 	99.7557   	0.734360    
 2044 	99.8046   	0.624982    
 2045 	99.8534   	0.484360    
 2046 	99.9023   	0.687482    
 2047 	99.9511   	0.906233    
 2048 	100.0000  	0.953111    

