
      	X(nS)     	Ch1(mV)      


 1    	0.0000    	-63.666924  
 2    	0.0449    	-64.241943  
 3    	0.0899    	-64.888794  
 4    	0.1348    	-64.745049  
 5    	0.1798    	-64.745049  
 6    	0.2247    	-64.241943  
 7    	0.2697    	-64.170044  
 8    	0.3146    	-64.745049  
 9    	0.3596    	-65.679443  
 10   	0.4045    	-65.248169  
 11   	0.4494    	-64.529419  
 12   	0.4944    	-65.391907  
 13   	0.5393    	-65.391907  
 14   	0.5843    	-65.391907  
 15   	0.6292    	-64.170044  
 16   	0.6742    	-65.104424  
 17   	0.7191    	-65.535637  
 18   	0.7640    	-66.254387  
 19   	0.8090    	-64.385674  
 20   	0.8539    	-64.098145  
 21   	0.8989    	-63.954399  
 22   	0.9438    	-65.032532  
 23   	0.9888    	-64.529419  
 24   	1.0337    	-64.026299  
 25   	1.0787    	-63.451290  
 26   	1.1236    	-63.451290  
 27   	1.1685    	-63.595024  
 28   	1.2135    	-64.026299  
 29   	1.2584    	-64.888794  
 30   	1.3034    	-64.673157  
 31   	1.3483    	-64.888794  
 32   	1.3933    	-65.104424  
 33   	1.4382    	-65.032532  
 34   	1.4831    	-65.248169  
 35   	1.5281    	-65.176262  
 36   	1.5730    	-65.535637  
 37   	1.6180    	-65.032532  
 38   	1.6629    	-64.026299  
 39   	1.7079    	-64.457512  
 40   	1.7528    	-65.391907  
 41   	1.7978    	-65.104424  
 42   	1.8427    	-65.320068  
 43   	1.8876    	-65.535637  
 44   	1.9326    	-65.176262  
 45   	1.9775    	-64.241943  
 46   	2.0225    	-64.673157  
 47   	2.0674    	-63.810665  
 48   	2.1124    	-65.248169  
 49   	2.1573    	-65.535637  
 50   	2.2022    	-66.110657  
 51   	2.2472    	-65.176262  
 52   	2.2921    	-65.966919  
 53   	2.3371    	-66.685661  
 54   	2.3820    	-66.541924  
 55   	2.4270    	-65.823174  
 56   	2.4719    	-65.535637  
 57   	2.5169    	-66.038818  
 58   	2.5618    	-65.104424  
 59   	2.6067    	-65.751282  
 60   	2.6517    	-65.391907  
 61   	2.6966    	-65.607544  
 62   	2.7416    	-65.535637  
 63   	2.7865    	-66.182549  
 64   	2.8315    	-66.182549  
 65   	2.8764    	-66.470032  
 66   	2.9213    	-65.463799  
 67   	2.9663    	-65.823174  
 68   	3.0112    	-65.607544  
 69   	3.0562    	-66.829407  
 70   	3.1011    	-67.188782  
 71   	3.1461    	-66.757568  
 72   	3.1910    	-66.829407  
 73   	3.2360    	-66.326286  
 74   	3.2809    	-65.320068  
 75   	3.3258    	-65.679443  
 76   	3.3708    	-66.182549  
 77   	3.4157    	-65.823174  
 78   	3.4607    	-66.757568  
 79   	3.5056    	-66.829407  
 80   	3.5506    	-66.685661  
 81   	3.5955    	-66.326286  
 82   	3.6404    	-66.757568  
 83   	3.6854    	-66.182549  
 84   	3.7303    	-65.751282  
 85   	3.7753    	-66.254387  
 86   	3.8202    	-66.613762  
 87   	3.8652    	-66.685661  
 88   	3.9101    	-66.398193  
 89   	3.9551    	-64.816887  
 90   	4.0000    	-65.679443  
 91   	4.0449    	-66.182549  
 92   	4.0899    	-66.038818  
 93   	4.1348    	-65.751282  
 94   	4.1798    	-66.038818  
 95   	4.2247    	-65.535637  
 96   	4.2697    	-65.679443  
 97   	4.3146    	-65.751282  
 98   	4.3596    	-65.463799  
 99   	4.4045    	-65.535637  
 100  	4.4494    	-65.463799  
 101  	4.4944    	-64.888794  
 102  	4.5393    	-65.104424  
 103  	4.5843    	-65.320068  
 104  	4.6292    	-64.745049  
 105  	4.6742    	-65.104424  
 106  	4.7191    	-65.104424  
 107  	4.7640    	-65.751282  
 108  	4.8090    	-64.745049  
 109  	4.8539    	-65.535637  
 110  	4.8989    	-65.823174  
 111  	4.9438    	-65.320068  
 112  	4.9888    	-65.823174  
 113  	5.0337    	-65.679443  
 114  	5.0787    	-65.895012  
 115  	5.1236    	-65.535637  
 116  	5.1685    	-65.248169  
 117  	5.2135    	-65.032532  
 118  	5.2584    	-66.038818  
 119  	5.3034    	-66.038818  
 120  	5.3483    	-66.254387  
 121  	5.3933    	-67.404411  
 122  	5.4382    	-67.763786  
 123  	5.4831    	-66.973137  
 124  	5.5281    	-65.966919  
 125  	5.5730    	-65.895012  
 126  	5.6180    	-65.607544  
 127  	5.6629    	-66.326286  
 128  	5.7079    	-65.895012  
 129  	5.7528    	-65.463799  
 130  	5.7978    	-65.751282  
 131  	5.8427    	-66.110657  
 132  	5.8876    	-66.398193  
 133  	5.9326    	-65.176262  
 134  	5.9775    	-65.463799  
 135  	6.0225    	-66.326286  
 136  	6.0674    	-65.751282  
 137  	6.1124    	-65.679443  
 138  	6.1573    	-66.038818  
 139  	6.2022    	-65.751282  
 140  	6.2472    	-66.541924  
 141  	6.2921    	-66.182549  
 142  	6.3371    	-66.398193  
 143  	6.3820    	-66.541924  
 144  	6.4270    	-66.326286  
 145  	6.4719    	-66.470032  
 146  	6.5169    	-65.607544  
 147  	6.5618    	-65.176262  
 148  	6.6067    	-65.679443  
 149  	6.6517    	-65.823174  
 150  	6.6966    	-65.966919  
 151  	6.7416    	-66.182549  
 152  	6.7865    	-65.751282  
 153  	6.8315    	-65.679443  
 154  	6.8764    	-65.679443  
 155  	6.9213    	-66.110657  
 156  	6.9663    	-65.751282  
 157  	7.0112    	-66.182549  
 158  	7.0562    	-66.613762  
 159  	7.1011    	-66.541924  
 160  	7.1461    	-65.966919  
 161  	7.1910    	-65.463799  
 162  	7.2360    	-65.607544  
 163  	7.2809    	-65.679443  
 164  	7.3258    	-64.745049  
 165  	7.3708    	-65.391907  
 166  	7.4157    	-65.823174  
 167  	7.4607    	-65.607544  
 168  	7.5056    	-65.248169  
 169  	7.5506    	-65.176262  
 170  	7.5955    	-65.391907  
 171  	7.6404    	-65.248169  
 172  	7.6854    	-64.888794  
 173  	7.7303    	-65.104424  
 174  	7.7753    	-66.398193  
 175  	7.8202    	-65.823174  
 176  	7.8652    	-65.176262  
 177  	7.9101    	-65.391907  
 178  	7.9551    	-66.254387  
 179  	8.0000    	-66.757568  
 180  	8.0449    	-66.110657  
 181  	8.0899    	-65.895012  
 182  	8.1348    	-67.045036  
 183  	8.1798    	-67.045036  
 184  	8.2247    	-66.038818  
 185  	8.2697    	-66.254387  
 186  	8.3146    	-66.110657  
 187  	8.3596    	-65.679443  
 188  	8.4045    	-66.326286  
 189  	8.4494    	-65.966919  
 190  	8.4944    	-66.326286  
 191  	8.5393    	-65.751282  
 192  	8.5843    	-65.248169  
 193  	8.6292    	-65.104424  
 194  	8.6742    	-64.960693  
 195  	8.7191    	-64.385674  
 196  	8.7640    	-65.391907  
 197  	8.8090    	-65.679443  
 198  	8.8539    	-65.607544  
 199  	8.8989    	-65.463799  
 200  	8.9438    	-64.601318  
 201  	8.9888    	-65.176262  
 202  	9.0337    	-65.104424  
 203  	9.0787    	-65.248169  
 204  	9.1236    	-66.110657  
 205  	9.1685    	-66.326286  
 206  	9.2135    	-65.535637  
 207  	9.2584    	-65.895012  
 208  	9.3034    	-66.613762  
 209  	9.3483    	-67.835686  
 210  	9.3933    	-67.116943  
 211  	9.4382    	-66.757568  
 212  	9.4831    	-66.901306  
 213  	9.5281    	-65.823174  
 214  	9.5730    	-65.823174  
 215  	9.6180    	-65.751282  
 216  	9.6629    	-65.823174  
 217  	9.7079    	-65.320068  
 218  	9.7528    	-65.607544  
 219  	9.7978    	-66.038818  
 220  	9.8427    	-66.110657  
 221  	9.8876    	-66.398193  
 222  	9.9326    	-66.901306  
 223  	9.9775    	-66.901306  
 224  	10.0225   	-67.979431  
 225  	10.0674   	-67.907532  
 226  	10.1124   	-65.391907  
 227  	10.1573   	-65.751282  
 228  	10.2022   	-65.320068  
 229  	10.2472   	-65.320068  
 230  	10.2921   	-65.391907  
 231  	10.3371   	-65.895012  
 232  	10.3820   	-65.248169  
 233  	10.4270   	-65.823174  
 234  	10.4719   	-65.463799  
 235  	10.5169   	-64.960693  
 236  	10.5618   	-65.463799  
 237  	10.6067   	-65.391907  
 238  	10.6517   	-65.463799  
 239  	10.6966   	-64.960693  
 240  	10.7416   	-66.829407  
 241  	10.7865   	-65.679443  
 242  	10.8315   	-66.182549  
 243  	10.8764   	-66.182549  
 244  	10.9213   	-66.182549  
 245  	10.9663   	-65.248169  
 246  	11.0112   	-65.248169  
 247  	11.0562   	-65.463799  
 248  	11.1011   	-65.607544  
 249  	11.1461   	-66.901306  
 250  	11.1910   	-66.038818  
 251  	11.2360   	-66.757568  
 252  	11.2809   	-66.613762  
 253  	11.3258   	-66.901306  
 254  	11.3708   	-66.182549  
 255  	11.4157   	-66.254387  
 256  	11.4607   	-66.613762  
 257  	11.5056   	-67.045036  
 258  	11.5506   	-66.541924  
 259  	11.5955   	-67.907532  
 260  	11.6404   	-67.188782  
 261  	11.6854   	-65.823174  
 262  	11.7303   	-66.254387  
 263  	11.7753   	-65.823174  
 264  	11.8202   	-66.470032  
 265  	11.8652   	-66.613762  
 266  	11.9101   	-65.391907  
 267  	11.9551   	-65.391907  
 268  	12.0000   	-65.176262  
 269  	12.0449   	-65.823174  
 270  	12.0899   	-66.398193  
 271  	12.1348   	-65.607544  
 272  	12.1798   	-66.038818  
 273  	12.2247   	-66.182549  
 274  	12.2697   	-65.966919  
 275  	12.3146   	-66.038818  
 276  	12.3596   	-66.613762  
 277  	12.4045   	-66.829407  
 278  	12.4494   	-67.260681  
 279  	12.4944   	-66.182549  
 280  	12.5393   	-66.038818  
 281  	12.5843   	-65.320068  
 282  	12.6292   	-66.326286  
 283  	12.6742   	-66.182549  
 284  	12.7191   	-67.476318  
 285  	12.7640   	-66.541924  
 286  	12.8090   	-66.541924  
 287  	12.8539   	-66.685661  
 288  	12.8989   	-65.751282  
 289  	12.9438   	-64.888794  
 290  	12.9888   	-66.326286  
 291  	13.0337   	-65.607544  
 292  	13.0787   	-65.463799  
 293  	13.1236   	-64.816887  
 294  	13.1685   	-64.888794  
 295  	13.2135   	-64.816887  
 296  	13.2584   	-65.751282  
 297  	13.3034   	-65.607544  
 298  	13.3483   	-66.038818  
 299  	13.3933   	-65.391907  
 300  	13.4382   	-66.254387  
 301  	13.4831   	-66.326286  
 302  	13.5281   	-65.679443  
 303  	13.5730   	-65.607544  
 304  	13.6180   	-64.745049  
 305  	13.6629   	-63.738766  
 306  	13.7079   	-64.241943  
 307  	13.7528   	-64.457512  
 308  	13.7978   	-64.816887  
 309  	13.8427   	-64.960693  
 310  	13.8876   	-64.745049  
 311  	13.9326   	-65.320068  
 312  	13.9775   	-65.535637  
 313  	14.0225   	-65.607544  
 314  	14.0674   	-65.895012  
 315  	14.1124   	-65.391907  
 316  	14.1573   	-65.176262  
 317  	14.2022   	-65.104424  
 318  	14.2472   	-65.391907  
 319  	14.2921   	-64.745049  
 320  	14.3371   	-63.882565  
 321  	14.3820   	-64.816887  
 322  	14.4270   	-64.170044  
 323  	14.4719   	-64.098145  
 324  	14.5169   	-63.523190  
 325  	14.5618   	-63.666924  
 326  	14.6067   	-63.523190  
 327  	14.6517   	-64.529419  
 328  	14.6966   	-65.823174  
 329  	14.7416   	-65.320068  
 330  	14.7865   	-66.541924  
 331  	14.8315   	-65.823174  
 332  	14.8764   	-66.326286  
 333  	14.9213   	-65.320068  
 334  	14.9663   	-65.751282  
 335  	15.0112   	-64.745049  
 336  	15.0562   	-65.104424  
 337  	15.1011   	-65.679443  
 338  	15.1461   	-66.110657  
 339  	15.1910   	-66.110657  
 340  	15.2360   	-66.398193  
 341  	15.2809   	-66.398193  
 342  	15.3258   	-65.535637  
 343  	15.3708   	-65.535637  
 344  	15.4157   	-65.104424  
 345  	15.4607   	-65.823174  
 346  	15.5056   	-66.254387  
 347  	15.5506   	-66.110657  
 348  	15.5955   	-66.038818  
 349  	15.6404   	-65.895012  
 350  	15.6854   	-64.601318  
 351  	15.7303   	-64.313774  
 352  	15.7753   	-64.457512  
 353  	15.8202   	-64.888794  
 354  	15.8652   	-64.960693  
 355  	15.9101   	-64.816887  
 356  	15.9551   	-65.104424  
 357  	16.0000   	-65.104424  
 358  	16.0449   	-65.391907  
 359  	16.0899   	-65.248169  
 360  	16.1348   	-64.313774  
 361  	16.1798   	-65.176262  
 362  	16.2247   	-64.457512  
 363  	16.2697   	-64.385674  
 364  	16.3146   	-64.673157  
 365  	16.3596   	-64.457512  
 366  	16.4045   	-65.320068  
 367  	16.4494   	-65.823174  
 368  	16.4944   	-65.607544  
 369  	16.5393   	-65.535637  
 370  	16.5843   	-65.176262  
 371  	16.6292   	-65.248169  
 372  	16.6742   	-65.176262  
 373  	16.7191   	-64.888794  
 374  	16.7640   	-64.888794  
 375  	16.8090   	-64.888794  
 376  	16.8539   	-65.032532  
 377  	16.8989   	-65.823174  
 378  	16.9438   	-66.038818  
 379  	16.9888   	-65.535637  
 380  	17.0337   	-66.398193  
 381  	17.0787   	-66.613762  
 382  	17.1236   	-66.613762  
 383  	17.1685   	-64.385674  
 384  	17.2135   	-64.457512  
 385  	17.2584   	-64.313774  
 386  	17.3034   	-64.816887  
 387  	17.3483   	-65.391907  
 388  	17.3933   	-64.816887  
 389  	17.4382   	-65.104424  
 390  	17.4831   	-65.607544  
 391  	17.5281   	-66.182549  
 392  	17.5730   	-65.535637  
 393  	17.6180   	-66.110657  
 394  	17.6629   	-66.038818  
 395  	17.7079   	-65.751282  
 396  	17.7528   	-64.960693  
 397  	17.7978   	-65.463799  
 398  	17.8427   	-65.463799  
 399  	17.8876   	-65.032532  
 400  	17.9326   	-65.607544  
 401  	17.9775   	-64.960693  
 402  	18.0225   	-64.170044  
 403  	18.0674   	-64.026299  
 404  	18.1124   	-64.385674  
 405  	18.1573   	-64.960693  
 406  	18.2022   	-65.320068  
 407  	18.2472   	-65.248169  
 408  	18.2921   	-64.529419  
 409  	18.3371   	-64.888794  
 410  	18.3820   	-65.248169  
 411  	18.4270   	-65.463799  
 412  	18.4719   	-64.816887  
 413  	18.5169   	-64.888794  
 414  	18.5618   	-64.313774  
 415  	18.6067   	-64.457512  
 416  	18.6517   	-63.954399  
 417  	18.6966   	-65.248169  
 418  	18.7416   	-64.673157  
 419  	18.7865   	-64.673157  
 420  	18.8315   	-64.888794  
 421  	18.8764   	-65.607544  
 422  	18.9213   	-64.888794  
 423  	18.9663   	-64.529419  
 424  	19.0112   	-65.320068  
 425  	19.0562   	-65.176262  
 426  	19.1011   	-65.679443  
 427  	19.1461   	-65.176262  
 428  	19.1910   	-65.391907  
 429  	19.2360   	-65.679443  
 430  	19.2809   	-65.751282  
 431  	19.3258   	-66.541924  
 432  	19.3708   	-66.757568  
 433  	19.4157   	-66.613762  
 434  	19.4607   	-66.038818  
 435  	19.5056   	-65.895012  
 436  	19.5506   	-65.966919  
 437  	19.5955   	-65.320068  
 438  	19.6404   	-66.182549  
 439  	19.6854   	-65.895012  
 440  	19.7303   	-65.320068  
 441  	19.7753   	-66.541924  
 442  	19.8202   	-66.685661  
 443  	19.8652   	-65.607544  
 444  	19.9101   	-65.895012  
 445  	19.9551   	-64.960693  
 446  	20.0000   	-64.888794  
 447  	20.0449   	-65.032532  
 448  	20.0899   	-64.529419  
 449  	20.1348   	-64.601318  
 450  	20.1798   	-64.457512  
 451  	20.2247   	-65.032532  
 452  	20.2697   	-63.595024  
 453  	20.3146   	-64.313774  
 454  	20.3596   	-65.176262  
 455  	20.4045   	-64.601318  
 456  	20.4494   	-64.745049  
 457  	20.4944   	-64.026299  
 458  	20.5393   	-64.457512  
 459  	20.5843   	-65.248169  
 460  	20.6292   	-65.176262  
 461  	20.6742   	-65.320068  
 462  	20.7191   	-64.960693  
 463  	20.7640   	-64.385674  
 464  	20.8090   	-65.248169  
 465  	20.8539   	-65.032532  
 466  	20.8989   	-64.888794  
 467  	20.9438   	-65.248169  
 468  	20.9888   	-65.104424  
 469  	21.0337   	-65.895012  
 470  	21.0787   	-65.823174  
 471  	21.1236   	-65.391907  
 472  	21.1685   	-65.823174  
 473  	21.2135   	-65.751282  
 474  	21.2584   	-65.391907  
 475  	21.3034   	-65.895012  
 476  	21.3483   	-65.679443  
 477  	21.3933   	-66.613762  
 478  	21.4382   	-66.541924  
 479  	21.4831   	-65.607544  
 480  	21.5281   	-65.391907  
 481  	21.5730   	-66.110657  
 482  	21.6180   	-65.751282  
 483  	21.6629   	-65.463799  
 484  	21.7079   	-64.960693  
 485  	21.7528   	-64.960693  
 486  	21.7978   	-65.535637  
 487  	21.8427   	-65.176262  
 488  	21.8876   	-64.960693  
 489  	21.9326   	-65.104424  
 490  	21.9775   	-64.385674  
 491  	22.0225   	-64.816887  
 492  	22.0674   	-64.745049  
 493  	22.1124   	-65.248169  
 494  	22.1573   	-66.038818  
 495  	22.2022   	-65.248169  
 496  	22.2472   	-65.607544  
 497  	22.2921   	-64.816887  
 498  	22.3371   	-64.529419  
 499  	22.3820   	-64.457512  
 500  	22.4270   	-63.738766  
 501  	22.4719   	-63.954399  
 502  	22.5169   	-65.032532  
 503  	22.5618   	-64.673157  
 504  	22.6067   	-64.601318  
 505  	22.6517   	-63.810665  
 506  	22.6966   	-63.810665  
 507  	22.7416   	-64.026299  
 508  	22.7865   	-64.241943  
 509  	22.8315   	-64.673157  
 510  	22.8764   	-63.163815  
 511  	22.9213   	-64.026299  
 512  	22.9663   	-63.810665  
 513  	23.0112   	-64.170044  
 514  	23.0562   	-64.745049  
 515  	23.1011   	-64.385674  
 516  	23.1461   	-64.816887  
 517  	23.1910   	-65.248169  
 518  	23.2360   	-64.098145  
 519  	23.2809   	-64.816887  
 520  	23.3258   	-64.601318  
 521  	23.3708   	-64.457512  
 522  	23.4157   	-66.398193  
 523  	23.4607   	-65.607544  
 524  	23.5056   	-64.601318  
 525  	23.5506   	-64.960693  
 526  	23.5955   	-64.601318  
 527  	23.6404   	-64.457512  
 528  	23.6854   	-65.463799  
 529  	23.7303   	-64.529419  
 530  	23.7753   	-64.457512  
 531  	23.8202   	-64.529419  
 532  	23.8652   	-64.601318  
 533  	23.9101   	-64.026299  
 534  	23.9551   	-63.954399  
 535  	24.0000   	-64.385674  
 536  	24.0449   	-64.241943  
 537  	24.0899   	-64.385674  
 538  	24.1348   	-63.666924  
 539  	24.1798   	-63.451290  
 540  	24.2247   	-64.313774  
 541  	24.2697   	-63.666924  
 542  	24.3146   	-64.529419  
 543  	24.3596   	-63.954399  
 544  	24.4045   	-63.954399  
 545  	24.4494   	-63.523190  
 546  	24.4944   	-62.876274  
 547  	24.5393   	-63.091915  
 548  	24.5843   	-64.241943  
 549  	24.6292   	-63.738766  
 550  	24.6742   	-63.666924  
 551  	24.7191   	-63.163815  
 552  	24.7640   	-63.091915  
 553  	24.8090   	-63.523190  
 554  	24.8539   	-61.654415  
 555  	24.8989   	-62.013790  
 556  	24.9438   	-62.157524  
 557  	24.9888   	-61.366940  
 558  	25.0337   	-61.438774  
 559  	25.0787   	-59.354427  
 560  	25.1236   	-57.629391  
 561  	25.1685   	-57.126278  
 562  	25.2135   	-53.963802  
 563  	25.2584   	-51.951290  
 564  	25.3034   	-51.879391  
 565  	25.3483   	-52.382565  
 566  	25.3933   	-51.663815  
 567  	25.4382   	-50.226315  
 568  	25.4831   	-42.320068  
 569  	25.5281   	-17.451292  
 570  	25.5730   	4.470581    
 571  	25.6180   	20.570555   
 572  	25.6629   	32.573730   
 573  	25.7079   	41.054928   
 574  	25.7528   	48.098751   
 575  	25.7978   	52.483028   
 576  	25.8427   	55.573723   
 577  	25.8876   	58.089355   
 578  	25.9326   	58.736206   
 579  	25.9775   	60.101807   
 580  	26.0225   	62.689331   
 581  	26.0674   	63.408077   
 582  	26.1124   	64.630005   
 583  	26.1573   	67.073730   
 584  	26.2022   	66.786255   
 585  	26.2472   	67.001831   
 586  	26.2921   	68.654900   
 587  	26.3371   	67.576775   
 588  	26.3820   	68.151855   
 589  	26.4270   	67.217407   
 590  	26.4719   	68.151855   
 591  	26.5169   	68.008057   
 592  	26.5618   	67.648682   
 593  	26.6067   	68.367432   
 594  	26.6517   	68.151855   
 595  	26.6966   	69.158081   
 596  	26.7416   	69.589355   
 597  	26.7865   	70.595581   
 598  	26.8315   	70.092400   
 599  	26.8764   	70.667480   
 600  	26.9213   	70.811150   
 601  	26.9663   	70.308105   
 602  	27.0112   	70.020630   
 603  	27.0562   	71.170525   
 604  	27.1011   	70.595581   
 605  	27.1461   	71.026855   
 606  	27.1910   	71.673698   
 607  	27.2360   	72.033073   
 608  	27.2809   	72.176880   
 609  	27.3258   	72.176880   
 610  	27.3708   	71.601799   
 611  	27.4157   	72.176880   
 612  	27.4607   	73.470573   
 613  	27.5056   	72.895630   
 614  	27.5506   	73.183098   
 615  	27.5955   	73.255005   
 616  	27.6404   	73.470573   
 617  	27.6854   	72.823723   
 618  	27.7303   	72.751823   
 619  	27.7753   	73.111198   
 620  	27.8202   	73.039299   
 621  	27.8652   	72.679924   
 622  	27.9101   	73.542473   
 623  	27.9551   	74.117424   
 624  	28.0000   	74.045525   
 625  	28.0449   	73.614380   
 626  	28.0899   	73.470573   
 627  	28.1348   	73.614380   
 628  	28.1798   	73.326775   
 629  	28.2247   	73.039299   
 630  	28.2697   	72.320549   
 631  	28.3146   	72.536255   
 632  	28.3596   	72.248650   
 633  	28.4045   	71.961174   
 634  	28.4494   	71.529900   
 635  	28.4944   	71.673698   
 636  	28.5393   	71.170525   
 637  	28.5843   	71.314323   
 638  	28.6292   	72.176880   
 639  	28.6742   	73.039299   
 640  	28.7191   	72.176880   
 641  	28.7640   	72.104980   
 642  	28.8090   	72.248650   
 643  	28.8539   	71.817505   
 644  	28.8989   	72.176880   
 645  	28.9438   	71.745605   
 646  	28.9888   	71.889275   
 647  	29.0337   	72.679924   
 648  	29.0787   	72.679924   
 649  	29.1236   	73.686150   
 650  	29.1685   	74.261223   
 651  	29.2135   	73.758049   
 652  	29.2584   	73.039299   
 653  	29.3034   	72.320549   
 654  	29.3483   	72.176880   
 655  	29.3933   	71.817505   
 656  	29.4382   	71.314323   
 657  	29.4831   	73.398674   
 658  	29.5281   	73.542473   
 659  	29.5730   	73.901848   
 660  	29.6180   	74.476799   
 661  	29.6629   	74.476799   
 662  	29.7079   	74.261223   
 663  	29.7528   	75.195549   
 664  	29.7978   	73.901848   
 665  	29.8427   	75.051872   
 666  	29.8876   	75.267448   
 667  	29.9326   	73.973755   
 668  	29.9775   	73.255005   
 669  	30.0225   	73.398674   
 670  	30.0674   	73.686150   
 671  	30.1124   	73.398674   
 672  	30.1573   	73.183098   
 673  	30.2022   	74.908073   
 674  	30.2472   	74.189323   
 675  	30.2921   	74.189323   
 676  	30.3371   	74.764275   
 677  	30.3820   	73.973755   
 678  	30.4270   	73.542473   
 679  	30.4719   	73.542473   
 680  	30.5169   	73.829948   
 681  	30.5618   	72.895630   
 682  	30.6067   	72.679924   
 683  	30.6517   	73.398674   
 684  	30.6966   	73.398674   
 685  	30.7416   	74.045525   
 686  	30.7865   	73.111198   
 687  	30.8315   	72.823723   
 688  	30.8764   	72.895630   
 689  	30.9213   	73.183098   
 690  	30.9663   	72.608025   
 691  	31.0112   	73.470573   
 692  	31.0562   	72.536255   
 693  	31.1011   	72.823723   
 694  	31.1461   	73.039299   
 695  	31.1910   	73.470573   
 696  	31.2360   	73.398674   
 697  	31.2809   	73.039299   
 698  	31.3258   	73.183098   
 699  	31.3708   	73.542473   
 700  	31.4157   	74.117424   
 701  	31.4607   	73.470573   
 702  	31.5056   	72.751823   
 703  	31.5506   	73.398674   
 704  	31.5955   	73.901848   
 705  	31.6404   	73.039299   
 706  	31.6854   	73.542473   
 707  	31.7303   	73.183098   
 708  	31.7753   	72.751823   
 709  	31.8202   	72.751823   
 710  	31.8652   	72.464348   
 711  	31.9101   	72.248650   
 712  	31.9551   	72.823723   
 713  	32.0000   	73.398674   
 714  	32.0449   	73.398674   
 715  	32.0899   	73.973755   
 716  	32.1348   	72.751823   
 717  	32.1798   	72.320549   
 718  	32.2247   	73.111198   
 719  	32.2697   	72.033073   
 720  	32.3146   	72.033073   
 721  	32.3596   	72.033073   
 722  	32.4045   	70.451775   
 723  	32.4494   	70.308105   
 724  	32.4944   	70.308105   
 725  	32.5393   	70.092400   
 726  	32.5843   	70.236206   
 727  	32.6292   	70.451775   
 728  	32.6742   	70.020630   
 729  	32.7191   	70.523674   
 730  	32.7640   	71.242424   
 731  	32.8090   	72.320549   
 732  	32.8539   	70.954948   
 733  	32.8989   	71.458130   
 734  	32.9438   	70.595581   
 735  	32.9888   	70.595581   
 736  	33.0337   	70.380005   
 737  	33.0787   	69.948730   
 738  	33.1236   	69.517456   
 739  	33.1685   	68.942505   
 740  	33.2135   	69.229980   
 741  	33.2584   	68.583130   
 742  	33.3034   	68.654900   
 743  	33.3483   	69.158081   
 744  	33.3933   	68.870605   
 745  	33.4382   	68.151855   
 746  	33.4831   	68.295525   
 747  	33.5281   	67.576775   
 748  	33.5730   	67.720581   
 749  	33.6180   	67.720581   
 750  	33.6629   	67.936150   
 751  	33.7079   	68.439331   
 752  	33.7528   	68.942505   
 753  	33.7978   	69.086174   
 754  	33.8427   	69.086174   
 755  	33.8876   	69.086174   
 756  	33.9326   	70.308105   
 757  	33.9775   	69.229980   
 758  	34.0225   	69.661255   
 759  	34.0674   	69.589355   
 760  	34.1124   	69.229980   
 761  	34.1573   	68.367432   
 762  	34.2022   	67.864380   
 763  	34.2472   	67.864380   
 764  	34.2921   	68.295525   
 765  	34.3371   	68.367432   
 766  	34.3820   	69.086174   
 767  	34.4270   	69.158081   
 768  	34.4719   	69.014275   
 769  	34.5169   	69.517456   
 770  	34.5618   	69.733025   
 771  	34.6067   	70.451775   
 772  	34.6517   	69.229980   
 773  	34.6966   	70.164299   
 774  	34.7416   	69.229980   
 775  	34.7865   	69.661255   
 776  	34.8315   	70.092400   
 777  	34.8764   	70.380005   
 778  	34.9213   	70.092400   
 779  	34.9663   	69.804924   
 780  	35.0112   	69.661255   
 781  	35.0562   	68.942505   
 782  	35.1011   	69.014275   
 783  	35.1461   	68.942505   
 784  	35.1910   	69.229980   
 785  	35.2360   	69.876831   
 786  	35.2809   	70.236206   
 787  	35.3258   	69.158081   
 788  	35.3708   	70.523674   
 789  	35.4157   	69.948730   
 790  	35.4607   	70.164299   
 791  	35.5056   	68.942505   
 792  	35.5506   	69.373650   
 793  	35.5955   	68.726807   
 794  	35.6404   	68.726807   
 795  	35.6854   	68.942505   
 796  	35.7303   	68.583130   
 797  	35.7753   	69.301880   
 798  	35.8202   	69.373650   
 799  	35.8652   	68.654900   
 800  	35.9101   	68.151855   
 801  	35.9551   	67.433105   
 802  	36.0000   	67.289307   
 803  	36.0449   	68.583130   
 804  	36.0899   	66.929932   
 805  	36.1348   	66.786255   
 806  	36.1798   	64.917480   
 807  	36.2247   	65.779907   
 808  	36.2697   	64.773682   
 809  	36.3146   	64.701782   
 810  	36.3596   	63.264278   
 811  	36.4045   	62.401855   
 812  	36.4494   	62.258053   
 813  	36.4944   	62.329956   
 814  	36.5393   	60.820557   
 815  	36.5843   	58.808105   
 816  	36.6292   	58.161247   
 817  	36.6742   	57.801872   
 818  	36.7191   	57.154907   
 819  	36.7640   	56.004997   
 820  	36.8090   	54.711178   
 821  	36.8539   	53.992428   
 822  	36.8989   	53.633053   
 823  	36.9438   	53.130001   
 824  	36.9888   	52.051880   
 825  	37.0337   	51.261230   
 826  	37.0787   	51.045528   
 827  	37.1236   	50.614380   
 828  	37.1685   	50.039303   
 829  	37.2135   	49.536251   
 830  	37.2584   	48.026855   
 831  	37.3034   	47.883057   
 832  	37.3483   	47.020626   
 833  	37.3933   	45.942501   
 834  	37.4382   	44.936157   
 835  	37.4831   	44.433102   
 836  	37.5281   	43.929932   
 837  	37.5730   	42.851803   
 838  	37.6180   	41.845577   
 839  	37.6629   	40.408077   
 840  	37.7079   	38.611202   
 841  	37.7528   	37.748653   
 842  	37.7978   	36.383053   
 843  	37.8427   	35.376831   
 844  	37.8876   	34.801880   
 845  	37.9326   	34.729980   
 846  	37.9775   	33.292480   
 847  	38.0225   	32.358032   
 848  	38.0674   	31.998655   
 849  	38.1124   	30.489376   
 850  	38.1573   	29.842405   
 851  	38.2022   	28.620604   
 852  	38.2472   	27.829952   
 853  	38.2921   	26.464354   
 854  	38.3371   	25.386229   
 855  	38.3820   	24.667479   
 856  	38.4270   	22.942503   
 857  	38.4719   	21.505005   
 858  	38.5169   	20.714355   
 859  	38.5618   	19.133055   
 860  	38.6067   	16.904905   
 861  	38.6517   	16.042479   
 862  	38.6966   	14.173705   
 863  	38.7416   	12.736205   
 864  	38.7865   	11.011230   
 865  	38.8315   	9.573730    
 866  	38.8764   	8.351807    
 867  	38.9213   	6.554931    
 868  	38.9663   	4.829956    
 869  	39.0112   	3.751831    
 870  	39.0562   	1.308105    
 871  	39.1011   	-0.273193   
 872  	39.1461   	-1.494995   
 873  	39.1910   	-3.866943   
 874  	39.2360   	-5.520019   
 875  	39.2809   	-6.813781   
 876  	39.3258   	-9.329406   
 877  	39.3708   	-10.407531  
 878  	39.4157   	-11.485657  
 879  	39.4607   	-12.563781  
 880  	39.5056   	-13.929443  
 881  	39.5506   	-14.432555  
 882  	39.5955   	-15.582518  
 883  	39.6404   	-17.523191  
 884  	39.6854   	-18.313782  
 885  	39.7303   	-19.679441  
 886  	39.7753   	-20.685669  
 887  	39.8202   	-21.835693  
 888  	39.8652   	-23.488768  
 889  	39.9101   	-23.920042  
 890  	39.9551   	-25.070066  
 891  	40.0000   	-26.076292  
 892  	40.0449   	-27.154419  
 893  	40.0899   	-27.657530  
 894  	40.1348   	-28.448181  
 895  	40.1798   	-29.957518  
 896  	40.2247   	-30.388792  
 897  	40.2697   	-31.107542  
 898  	40.3146   	-31.826292  
 899  	40.3596   	-32.257568  
 900  	40.4045   	-33.263790  
 901  	40.4494   	-34.629391  
 902  	40.4944   	-36.354427  
 903  	40.5393   	-37.216915  
 904  	40.5843   	-37.145016  
 905  	40.6292   	-37.863770  
 906  	40.6742   	-39.013790  
 907  	40.7191   	-40.235657  
 908  	40.7640   	-40.810669  
 909  	40.8090   	-42.391907  
 910  	40.8539   	-42.751282  
 911  	40.8989   	-43.973141  
 912  	40.9438   	-44.835693  
 913  	40.9888   	-45.841915  
 914  	41.0337   	-46.560665  
 915  	41.0787   	-47.710690  
 916  	41.1236   	-48.788815  
 917  	41.1685   	-48.860653  
 918  	41.2135   	-49.866940  
 919  	41.2584   	-50.729427  
 920  	41.3034   	-51.807552  
 921  	41.3483   	-52.813778  
 922  	41.3933   	-53.891903  
 923  	41.4382   	-53.820065  
 924  	41.4831   	-54.466915  
 925  	41.5281   	-54.970028  
 926  	41.5730   	-55.401302  
 927  	41.6180   	-56.048153  
 928  	41.6629   	-56.623169  
 929  	41.7079   	-56.838802  
 930  	41.7528   	-56.335693  
 931  	41.7978   	-56.623169  
 932  	41.8427   	-56.623169  
 933  	41.8876   	-56.623169  
 934  	41.9326   	-57.054443  
 935  	41.9775   	-57.341919  
 936  	42.0225   	-57.701294  
 937  	42.0674   	-57.845028  
 938  	42.1124   	-57.557552  
 939  	42.1573   	-59.282528  
 940  	42.2022   	-59.641903  
 941  	42.2472   	-60.432552  
 942  	42.2921   	-60.791927  
 943  	42.3371   	-61.654415  
 944  	42.3820   	-61.151302  
 945  	42.4270   	-61.223141  
 946  	42.4719   	-61.654415  
 947  	42.5169   	-63.235649  
 948  	42.5618   	-62.948174  
 949  	42.6067   	-62.229424  
 950  	42.6517   	-63.163815  
 951  	42.6966   	-62.732540  
 952  	42.7416   	-63.235649  
 953  	42.7865   	-63.379391  
 954  	42.8315   	-63.666924  
 955  	42.8764   	-64.026299  
 956  	42.9213   	-63.882565  
 957  	42.9663   	-63.666924  
 958  	43.0112   	-63.738766  
 959  	43.0562   	-64.098145  
 960  	43.1011   	-63.954399  
 961  	43.1461   	-64.960693  
 962  	43.1910   	-64.601318  
 963  	43.2360   	-64.098145  
 964  	43.2809   	-64.457512  
 965  	43.3258   	-64.241943  
 966  	43.3708   	-64.241943  
 967  	43.4157   	-64.457512  
 968  	43.4607   	-64.673157  
 969  	43.5056   	-64.313774  
 970  	43.5506   	-65.032532  
 971  	43.5955   	-65.535637  
 972  	43.6404   	-64.601318  
 973  	43.6854   	-64.816887  
 974  	43.7303   	-64.529419  
 975  	43.7753   	-65.391907  
 976  	43.8202   	-65.463799  
 977  	43.8652   	-65.463799  
 978  	43.9101   	-64.816887  
 979  	43.9551   	-65.895012  
 980  	44.0000   	-65.104424  
 981  	44.0449   	-65.607544  
 982  	44.0899   	-65.391907  
 983  	44.1348   	-65.391907  
 984  	44.1798   	-66.613762  
 985  	44.2247   	-66.470032  
 986  	44.2697   	-65.966919  
 987  	44.3146   	-66.038818  
 988  	44.3596   	-65.391907  
 989  	44.4045   	-65.607544  
 990  	44.4494   	-65.535637  
 991  	44.4944   	-65.679443  
 992  	44.5393   	-65.032532  
 993  	44.5843   	-64.457512  
 994  	44.6292   	-65.607544  
 995  	44.6742   	-66.038818  
 996  	44.7191   	-66.685661  
 997  	44.7640   	-65.966919  
 998  	44.8090   	-65.966919  
 999  	44.8539   	-65.679443  
 1000 	44.8989   	-65.535637  
 1001 	44.9438   	-65.966919  
 1002 	44.9888   	-66.110657  
 1003 	45.0337   	-67.332512  
 1004 	45.0787   	-67.691887  
 1005 	45.1236   	-66.901306  
 1006 	45.1685   	-65.966919  
 1007 	45.2135   	-66.613762  
 1008 	45.2584   	-66.685661  
 1009 	45.3034   	-66.829407  
 1010 	45.3483   	-66.326286  
 1011 	45.3933   	-66.038818  
 1012 	45.4382   	-66.398193  
 1013 	45.4831   	-65.320068  
 1014 	45.5281   	-65.463799  
 1015 	45.5730   	-64.960693  
 1016 	45.6180   	-65.463799  
 1017 	45.6629   	-65.463799  
 1018 	45.7079   	-66.685661  
 1019 	45.7528   	-66.973137  
 1020 	45.7978   	-66.038818  
 1021 	45.8427   	-66.182549  
 1022 	45.8876   	-65.535637  
 1023 	45.9326   	-65.679443  
 1024 	45.9775   	-64.888794  
 1025 	46.0225   	-64.026299  
 1026 	46.0674   	-65.248169  
 1027 	46.1124   	-64.385674  
 1028 	46.1573   	-62.876274  
 1029 	46.2022   	-62.157524  
 1030 	46.2472   	-61.295040  
 1031 	46.2921   	-60.073177  
 1032 	46.3371   	-59.857540  
 1033 	46.3820   	-57.054443  
 1034 	46.4270   	-44.620056  
 1035 	46.4719   	-35.779415  
 1036 	46.5169   	-31.682554  
 1037 	46.5618   	-30.532530  
 1038 	46.6067   	-31.179441  
 1039 	46.6517   	-33.838802  
 1040 	46.6966   	-36.570065  
 1041 	46.7416   	-38.654415  
 1042 	46.7865   	-40.954407  
 1043 	46.8315   	-43.326294  
 1044 	46.8764   	-45.913818  
 1045 	46.9213   	-48.285641  
 1046 	46.9663   	-50.154415  
 1047 	47.0112   	-51.591915  
 1048 	47.0562   	-52.454403  
 1049 	47.1011   	-53.748165  
 1050 	47.1461   	-55.185669  
 1051 	47.1910   	-56.048153  
 1052 	47.2360   	-56.623169  
 1053 	47.2809   	-57.126278  
 1054 	47.3258   	-58.707516  
 1055 	47.3708   	-59.498165  
 1056 	47.4157   	-59.138790  
 1057 	47.4607   	-59.282528  
 1058 	47.5056   	-59.570068  
 1059 	47.5506   	-60.720024  
 1060 	47.5955   	-60.863766  
 1061 	47.6404   	-60.720024  
 1062 	47.6854   	-61.582516  
 1063 	47.7303   	-61.798149  
 1064 	47.7753   	-62.157524  
 1065 	47.8202   	-61.726315  
 1066 	47.8652   	-61.941891  
 1067 	47.9101   	-63.595024  
 1068 	47.9551   	-63.738766  
 1069 	48.0000   	-63.954399  
 1070 	48.0449   	-63.523190  
 1071 	48.0899   	-64.098145  
 1072 	48.1348   	-63.091915  
 1073 	48.1798   	-64.098145  
 1074 	48.2247   	-63.954399  
 1075 	48.2697   	-64.816887  
 1076 	48.3146   	-64.529419  
 1077 	48.3596   	-65.032532  
 1078 	48.4045   	-65.032532  
 1079 	48.4494   	-64.745049  
 1080 	48.4944   	-64.816887  
 1081 	48.5393   	-65.104424  
 1082 	48.5843   	-64.888794  
 1083 	48.6292   	-64.816887  
 1084 	48.6742   	-63.954399  
 1085 	48.7191   	-64.529419  
 1086 	48.7640   	-64.601318  
 1087 	48.8090   	-64.529419  
 1088 	48.8539   	-64.745049  
 1089 	48.8989   	-64.457512  
 1090 	48.9438   	-64.529419  
 1091 	48.9888   	-63.954399  
 1092 	49.0337   	-64.026299  
 1093 	49.0787   	-63.882565  
 1094 	49.1236   	-64.529419  
 1095 	49.1685   	-65.463799  
 1096 	49.2135   	-64.960693  
 1097 	49.2584   	-65.104424  
 1098 	49.3034   	-65.320068  
 1099 	49.3483   	-65.320068  
 1100 	49.3933   	-65.463799  
 1101 	49.4382   	-64.601318  
 1102 	49.4831   	-63.954399  
 1103 	49.5281   	-64.960693  
 1104 	49.5730   	-64.673157  
 1105 	49.6180   	-64.529419  
 1106 	49.6629   	-65.391907  
 1107 	49.7079   	-64.816887  
 1108 	49.7528   	-65.823174  
 1109 	49.7978   	-65.248169  
 1110 	49.8427   	-65.535637  
 1111 	49.8876   	-65.535637  
 1112 	49.9326   	-64.888794  
 1113 	49.9775   	-65.032532  
 1114 	50.0225   	-64.960693  
 1115 	50.0674   	-64.888794  
 1116 	50.1124   	-65.463799  
 1117 	50.1573   	-64.026299  
 1118 	50.2022   	-64.529419  
 1119 	50.2472   	-65.679443  
 1120 	50.2921   	-65.248169  
 1121 	50.3371   	-64.745049  
 1122 	50.3820   	-63.954399  
 1123 	50.4270   	-64.601318  
 1124 	50.4719   	-65.176262  
 1125 	50.5169   	-64.745049  
 1126 	50.5618   	-65.032532  
 1127 	50.6067   	-65.535637  
 1128 	50.6517   	-65.607544  
 1129 	50.6966   	-65.248169  
 1130 	50.7416   	-65.320068  
 1131 	50.7865   	-65.176262  
 1132 	50.8315   	-65.463799  
 1133 	50.8764   	-65.679443  
 1134 	50.9213   	-65.895012  
 1135 	50.9663   	-65.463799  
 1136 	51.0112   	-65.176262  
 1137 	51.0562   	-64.888794  
 1138 	51.1011   	-65.032532  
 1139 	51.1461   	-64.888794  
 1140 	51.1910   	-64.313774  
 1141 	51.2360   	-65.463799  
 1142 	51.2809   	-65.104424  
 1143 	51.3258   	-65.032532  
 1144 	51.3708   	-65.679443  
 1145 	51.4157   	-65.895012  
 1146 	51.4607   	-65.679443  
 1147 	51.5056   	-65.679443  
 1148 	51.5506   	-65.679443  
 1149 	51.5955   	-65.176262  
 1150 	51.6404   	-65.176262  
 1151 	51.6854   	-65.966919  
 1152 	51.7303   	-65.895012  
 1153 	51.7753   	-65.823174  
 1154 	51.8202   	-65.607544  
 1155 	51.8652   	-65.535637  
 1156 	51.9101   	-66.038818  
 1157 	51.9551   	-65.823174  
 1158 	52.0000   	-66.254387  
 1159 	52.0449   	-66.254387  
 1160 	52.0899   	-67.188782  
 1161 	52.1348   	-66.973137  
 1162 	52.1798   	-67.188782  
 1163 	52.2247   	-65.751282  
 1164 	52.2697   	-65.176262  
 1165 	52.3146   	-65.751282  
 1166 	52.3596   	-66.038818  
 1167 	52.4045   	-67.045036  
 1168 	52.4494   	-66.685661  
 1169 	52.4944   	-66.685661  
 1170 	52.5393   	-66.398193  
 1171 	52.5843   	-65.895012  
 1172 	52.6292   	-65.607544  
 1173 	52.6742   	-65.679443  
 1174 	52.7191   	-65.679443  
 1175 	52.7640   	-65.751282  
 1176 	52.8090   	-65.176262  
 1177 	52.8539   	-64.888794  
 1178 	52.8989   	-65.535637  
 1179 	52.9438   	-66.829407  
 1180 	52.9888   	-66.901306  
 1181 	53.0337   	-66.182549  
 1182 	53.0787   	-66.757568  
 1183 	53.1236   	-66.254387  
 1184 	53.1685   	-66.398193  
 1185 	53.2135   	-66.326286  
 1186 	53.2584   	-66.182549  
 1187 	53.3034   	-65.966919  
 1188 	53.3483   	-66.470032  
 1189 	53.3933   	-66.541924  
 1190 	53.4382   	-66.757568  
 1191 	53.4831   	-66.685661  
 1192 	53.5281   	-66.541924  
 1193 	53.5730   	-66.829407  
 1194 	53.6180   	-67.260681  
 1195 	53.6629   	-66.326286  
 1196 	53.7079   	-66.685661  
 1197 	53.7528   	-66.757568  
 1198 	53.7978   	-66.613762  
 1199 	53.8427   	-66.110657  
 1200 	53.8876   	-65.751282  
 1201 	53.9326   	-66.326286  
 1202 	53.9775   	-65.966919  
 1203 	54.0225   	-65.607544  
 1204 	54.0674   	-66.470032  
 1205 	54.1124   	-66.182549  
 1206 	54.1573   	-66.829407  
 1207 	54.2022   	-67.691887  
 1208 	54.2472   	-66.470032  
 1209 	54.2921   	-66.829407  
 1210 	54.3371   	-66.829407  
 1211 	54.3820   	-66.182549  
 1212 	54.4270   	-65.895012  
 1213 	54.4719   	-66.613762  
 1214 	54.5169   	-66.541924  
 1215 	54.5618   	-65.463799  
 1216 	54.6067   	-65.679443  
 1217 	54.6517   	-65.463799  
 1218 	54.6966   	-65.391907  
 1219 	54.7416   	-65.032532  
 1220 	54.7865   	-65.607544  
 1221 	54.8315   	-66.038818  
 1222 	54.8764   	-66.254387  
 1223 	54.9213   	-67.260681  
 1224 	54.9663   	-67.835686  
 1225 	55.0112   	-66.901306  
 1226 	55.0562   	-67.332512  
 1227 	55.1011   	-67.548157  
 1228 	55.1461   	-67.979431  
 1229 	55.1910   	-67.835686  
 1230 	55.2360   	-67.332512  
 1231 	55.2809   	-67.404411  
 1232 	55.3258   	-67.835686  
 1233 	55.3708   	-67.476318  
 1234 	55.4157   	-66.901306  
 1235 	55.4607   	-66.613762  
 1236 	55.5056   	-65.679443  
 1237 	55.5506   	-66.613762  
 1238 	55.5955   	-67.045036  
 1239 	55.6405   	-66.829407  
 1240 	55.6854   	-66.973137  
 1241 	55.7303   	-66.757568  
 1242 	55.7753   	-66.541924  
 1243 	55.8202   	-66.973137  
 1244 	55.8652   	-66.541924  
 1245 	55.9101   	-66.326286  
 1246 	55.9551   	-66.901306  
 1247 	56.0000   	-67.332512  
 1248 	56.0449   	-66.182549  
 1249 	56.0899   	-65.966919  
 1250 	56.1348   	-66.038818  
 1251 	56.1798   	-65.751282  
 1252 	56.2247   	-65.463799  
 1253 	56.2697   	-65.966919  
 1254 	56.3146   	-65.823174  
 1255 	56.3596   	-66.326286  
 1256 	56.4045   	-66.254387  
 1257 	56.4494   	-66.398193  
 1258 	56.4944   	-65.966919  
 1259 	56.5393   	-66.829407  
 1260 	56.5843   	-67.332512  
 1261 	56.6292   	-66.973137  
 1262 	56.6742   	-67.260681  
 1263 	56.7191   	-66.326286  
 1264 	56.7640   	-66.613762  
 1265 	56.8090   	-66.110657  
 1266 	56.8539   	-65.751282  
 1267 	56.8989   	-65.823174  
 1268 	56.9438   	-66.541924  
 1269 	56.9888   	-66.757568  
 1270 	57.0337   	-66.685661  
 1271 	57.0787   	-67.404411  
 1272 	57.1236   	-67.045036  
 1273 	57.1685   	-66.398193  
 1274 	57.2135   	-66.038818  
 1275 	57.2584   	-65.751282  
 1276 	57.3034   	-65.320068  
 1277 	57.3483   	-65.248169  
 1278 	57.3933   	-65.176262  
 1279 	57.4382   	-65.966919  
 1280 	57.4831   	-65.966919  
 1281 	57.5281   	-65.966919  
 1282 	57.5730   	-66.254387  
 1283 	57.6180   	-66.326286  
 1284 	57.6629   	-65.751282  
 1285 	57.7079   	-66.254387  
 1286 	57.7528   	-66.182549  
 1287 	57.7978   	-66.829407  
 1288 	57.8427   	-67.620056  
 1289 	57.8876   	-67.691887  
 1290 	57.9326   	-65.966919  
 1291 	57.9775   	-66.110657  
 1292 	58.0225   	-65.104424  
 1293 	58.0674   	-65.679443  
 1294 	58.1124   	-66.254387  
 1295 	58.1573   	-66.110657  
 1296 	58.2022   	-66.613762  
 1297 	58.2472   	-66.973137  
 1298 	58.2921   	-66.470032  
 1299 	58.3371   	-65.679443  
 1300 	58.3820   	-65.391907  
 1301 	58.4270   	-65.463799  
 1302 	58.4719   	-65.966919  
 1303 	58.5169   	-66.182549  
 1304 	58.5618   	-65.823174  
 1305 	58.6067   	-66.254387  
 1306 	58.6517   	-66.757568  
 1307 	58.6966   	-66.254387  
 1308 	58.7416   	-66.757568  
 1309 	58.7865   	-66.973137  
 1310 	58.8315   	-66.685661  
 1311 	58.8764   	-67.548157  
 1312 	58.9213   	-66.973137  
 1313 	58.9663   	-66.254387  
 1314 	59.0112   	-66.254387  
 1315 	59.0562   	-65.607544  
 1316 	59.1011   	-66.110657  
 1317 	59.1461   	-66.541924  
 1318 	59.1910   	-65.823174  
 1319 	59.2360   	-65.535637  
 1320 	59.2809   	-66.110657  
 1321 	59.3258   	-65.895012  
 1322 	59.3708   	-65.535637  
 1323 	59.4157   	-65.895012  
 1324 	59.4607   	-65.679443  
 1325 	59.5056   	-66.470032  
 1326 	59.5506   	-65.391907  
 1327 	59.5955   	-65.823174  
 1328 	59.6405   	-65.607544  
 1329 	59.6854   	-65.823174  
 1330 	59.7303   	-65.320068  
 1331 	59.7753   	-65.966919  
 1332 	59.8202   	-65.895012  
 1333 	59.8652   	-65.751282  
 1334 	59.9101   	-66.326286  
 1335 	59.9551   	-65.751282  
 1336 	60.0000   	-65.535637  
 1337 	60.0449   	-66.685661  
 1338 	60.0899   	-65.248169  
 1339 	60.1348   	-65.535637  
 1340 	60.1798   	-66.038818  
 1341 	60.2247   	-65.966919  
 1342 	60.2697   	-65.895012  
 1343 	60.3146   	-66.182549  
 1344 	60.3596   	-66.541924  
 1345 	60.4045   	-66.326286  
 1346 	60.4494   	-66.685661  
 1347 	60.4944   	-66.326286  
 1348 	60.5393   	-65.535637  
 1349 	60.5843   	-66.110657  
 1350 	60.6292   	-65.679443  
 1351 	60.6742   	-65.895012  
 1352 	60.7191   	-65.966919  
 1353 	60.7640   	-66.829407  
 1354 	60.8090   	-66.038818  
 1355 	60.8539   	-65.751282  
 1356 	60.8989   	-66.038818  
 1357 	60.9438   	-66.182549  
 1358 	60.9888   	-66.182549  
 1359 	61.0337   	-66.757568  
 1360 	61.0787   	-65.966919  
 1361 	61.1236   	-64.960693  
 1362 	61.1685   	-64.960693  
 1363 	61.2135   	-64.313774  
 1364 	61.2584   	-64.098145  
 1365 	61.3034   	-65.104424  
 1366 	61.3483   	-65.032532  
 1367 	61.3933   	-64.457512  
 1368 	61.4382   	-64.960693  
 1369 	61.4831   	-65.535637  
 1370 	61.5281   	-65.104424  
 1371 	61.5730   	-66.110657  
 1372 	61.6180   	-65.607544  
 1373 	61.6629   	-65.463799  
 1374 	61.7079   	-65.751282  
 1375 	61.7528   	-65.607544  
 1376 	61.7978   	-65.895012  
 1377 	61.8427   	-66.541924  
 1378 	61.8876   	-66.757568  
 1379 	61.9326   	-66.038818  
 1380 	61.9775   	-65.966919  
 1381 	62.0225   	-66.398193  
 1382 	62.0674   	-66.829407  
 1383 	62.1124   	-66.398193  
 1384 	62.1573   	-65.895012  
 1385 	62.2022   	-66.326286  
 1386 	62.2472   	-66.470032  
 1387 	62.2921   	-65.679443  
 1388 	62.3371   	-66.110657  
 1389 	62.3820   	-66.038818  
 1390 	62.4270   	-66.541924  
 1391 	62.4719   	-66.541924  
 1392 	62.5169   	-66.398193  
 1393 	62.5618   	-66.038818  
 1394 	62.6067   	-66.901306  
 1395 	62.6517   	-66.038818  
 1396 	62.6966   	-65.607544  
 1397 	62.7416   	-65.248169  
 1398 	62.7865   	-64.888794  
 1399 	62.8315   	-65.032532  
 1400 	62.8764   	-65.751282  
 1401 	62.9213   	-65.320068  
 1402 	62.9663   	-65.176262  
 1403 	63.0112   	-65.679443  
 1404 	63.0562   	-65.463799  
 1405 	63.1011   	-65.104424  
 1406 	63.1461   	-65.104424  
 1407 	63.1910   	-65.176262  
 1408 	63.2360   	-65.248169  
 1409 	63.2809   	-65.248169  
 1410 	63.3258   	-65.823174  
 1411 	63.3708   	-65.463799  
 1412 	63.4157   	-65.823174  
 1413 	63.4607   	-65.966919  
 1414 	63.5056   	-65.895012  
 1415 	63.5506   	-65.104424  
 1416 	63.5955   	-65.823174  
 1417 	63.6405   	-64.960693  
 1418 	63.6854   	-65.535637  
 1419 	63.7303   	-65.823174  
 1420 	63.7753   	-65.823174  
 1421 	63.8202   	-65.391907  
 1422 	63.8652   	-65.176262  
 1423 	63.9101   	-64.673157  
 1424 	63.9551   	-64.816887  
 1425 	64.0000   	-64.888794  
 1426 	64.0449   	-65.679443  
 1427 	64.0899   	-66.613762  
 1428 	64.1348   	-66.398193  
 1429 	64.1798   	-66.110657  
 1430 	64.2247   	-66.973137  
 1431 	64.2697   	-67.045036  
 1432 	64.3146   	-66.973137  
 1433 	64.3596   	-67.332512  
 1434 	64.4045   	-67.476318  
 1435 	64.4494   	-66.757568  
 1436 	64.4944   	-66.973137  
 1437 	64.5393   	-66.973137  
 1438 	64.5843   	-66.613762  
 1439 	64.6292   	-66.829407  
 1440 	64.6742   	-67.116943  
 1441 	64.7191   	-66.038818  
 1442 	64.7640   	-66.110657  
 1443 	64.8090   	-66.398193  
 1444 	64.8539   	-66.685661  
 1445 	64.8989   	-67.835686  
 1446 	64.9438   	-67.404411  
 1447 	64.9888   	-66.901306  
 1448 	65.0337   	-67.045036  
 1449 	65.0787   	-65.823174  
 1450 	65.1236   	-65.607544  
 1451 	65.1685   	-65.966919  
 1452 	65.2135   	-65.751282  
 1453 	65.2584   	-66.398193  
 1454 	65.3034   	-65.535637  
 1455 	65.3483   	-66.326286  
 1456 	65.3933   	-65.895012  
 1457 	65.4382   	-66.182549  
 1458 	65.4831   	-66.470032  
 1459 	65.5281   	-66.110657  
 1460 	65.5730   	-66.254387  
 1461 	65.6180   	-65.679443  
 1462 	65.6629   	-66.757568  
 1463 	65.7079   	-65.966919  
 1464 	65.7528   	-65.751282  
 1465 	65.7978   	-65.104424  
 1466 	65.8427   	-65.751282  
 1467 	65.8876   	-64.960693  
 1468 	65.9326   	-65.032532  
 1469 	65.9775   	-65.679443  
 1470 	66.0225   	-65.679443  
 1471 	66.0674   	-64.673157  
 1472 	66.1124   	-65.391907  
 1473 	66.1573   	-65.823174  
 1474 	66.2022   	-65.895012  
 1475 	66.2472   	-67.332512  
 1476 	66.2921   	-67.116943  
 1477 	66.3371   	-66.613762  
 1478 	66.3820   	-67.404411  
 1479 	66.4270   	-67.404411  
 1480 	66.4719   	-66.973137  
 1481 	66.5169   	-67.116943  
 1482 	66.5618   	-67.620056  
 1483 	66.6067   	-67.835686  
 1484 	66.6517   	-66.829407  
 1485 	66.6966   	-66.613762  
 1486 	66.7416   	-66.613762  
 1487 	66.7865   	-66.182549  
 1488 	66.8315   	-66.110657  
 1489 	66.8764   	-65.895012  
 1490 	66.9213   	-65.607544  
 1491 	66.9663   	-65.966919  
 1492 	67.0112   	-65.535637  
 1493 	67.0562   	-66.326286  
 1494 	67.1011   	-65.535637  
 1495 	67.1461   	-66.110657  
 1496 	67.1910   	-64.745049  
 1497 	67.2360   	-64.170044  
 1498 	67.2809   	-64.026299  
 1499 	67.3258   	-64.313774  
 1500 	67.3708   	-64.888794  
 1501 	67.4157   	-65.176262  
 1502 	67.4607   	-65.535637  
 1503 	67.5056   	-65.679443  
 1504 	67.5506   	-65.607544  
 1505 	67.5955   	-66.110657  
 1506 	67.6405   	-66.182549  
 1507 	67.6854   	-66.254387  
 1508 	67.7303   	-65.679443  
 1509 	67.7753   	-65.751282  
 1510 	67.8202   	-64.888794  
 1511 	67.8652   	-64.888794  
 1512 	67.9101   	-64.888794  
 1513 	67.9551   	-64.457512  
 1514 	68.0000   	-64.313774  
 1515 	68.0449   	-64.745049  
 1516 	68.0899   	-64.745049  
 1517 	68.1348   	-65.823174  
 1518 	68.1798   	-65.751282  
 1519 	68.2247   	-65.176262  
 1520 	68.2697   	-66.110657  
 1521 	68.3146   	-66.541924  
 1522 	68.3596   	-66.182549  
 1523 	68.4045   	-67.260681  
 1524 	68.4494   	-66.901306  
 1525 	68.4944   	-66.326286  
 1526 	68.5393   	-66.326286  
 1527 	68.5843   	-65.463799  
 1528 	68.6292   	-65.823174  
 1529 	68.6742   	-64.601318  
 1530 	68.7191   	-65.391907  
 1531 	68.7640   	-65.104424  
 1532 	68.8090   	-65.320068  
 1533 	68.8539   	-65.248169  
 1534 	68.8989   	-64.960693  
 1535 	68.9438   	-65.463799  
 1536 	68.9888   	-66.110657  
 1537 	69.0337   	-65.895012  
 1538 	69.0787   	-65.535637  
 1539 	69.1236   	-66.901306  
 1540 	69.1685   	-66.326286  
 1541 	69.2135   	-65.966919  
 1542 	69.2584   	-66.254387  
 1543 	69.3034   	-65.966919  
 1544 	69.3483   	-65.176262  
 1545 	69.3933   	-65.176262  
 1546 	69.4382   	-65.463799  
 1547 	69.4831   	-65.751282  
 1548 	69.5281   	-65.751282  
 1549 	69.5730   	-65.176262  
 1550 	69.6180   	-64.673157  
 1551 	69.6629   	-64.888794  
 1552 	69.7079   	-65.535637  
 1553 	69.7528   	-65.032532  
 1554 	69.7978   	-65.463799  
 1555 	69.8427   	-65.320068  
 1556 	69.8876   	-65.320068  
 1557 	69.9326   	-65.391907  
 1558 	69.9775   	-66.254387  
 1559 	70.0225   	-65.823174  
 1560 	70.0674   	-66.038818  
 1561 	70.1124   	-66.398193  
 1562 	70.1573   	-65.535637  
 1563 	70.2022   	-65.966919  
 1564 	70.2472   	-66.038818  
 1565 	70.2921   	-65.751282  
 1566 	70.3371   	-66.398193  
 1567 	70.3820   	-66.110657  
 1568 	70.4270   	-66.901306  
 1569 	70.4719   	-66.038818  
 1570 	70.5169   	-65.320068  
 1571 	70.5618   	-65.966919  
 1572 	70.6067   	-66.182549  
 1573 	70.6517   	-65.751282  
 1574 	70.6966   	-66.182549  
 1575 	70.7416   	-66.038818  
 1576 	70.7865   	-65.535637  
 1577 	70.8315   	-66.326286  
 1578 	70.8764   	-65.535637  
 1579 	70.9213   	-65.895012  
 1580 	70.9663   	-65.895012  
 1581 	71.0112   	-66.470032  
 1582 	71.0562   	-66.829407  
 1583 	71.1011   	-65.823174  
 1584 	71.1461   	-65.679443  
 1585 	71.1910   	-66.470032  
 1586 	71.2360   	-65.391907  
 1587 	71.2809   	-65.966919  
 1588 	71.3258   	-64.457512  
 1589 	71.3708   	-64.960693  
 1590 	71.4157   	-65.535637  
 1591 	71.4607   	-66.038818  
 1592 	71.5056   	-66.254387  
 1593 	71.5506   	-66.685661  
 1594 	71.5955   	-66.470032  
 1595 	71.6405   	-66.326286  
 1596 	71.6854   	-65.823174  
 1597 	71.7303   	-65.751282  
 1598 	71.7753   	-65.679443  
 1599 	71.8202   	-65.391907  
 1600 	71.8652   	-65.679443  
 1601 	71.9101   	-65.751282  
 1602 	71.9551   	-65.535637  
 1603 	72.0000   	-65.391907  
 1604 	72.0449   	-65.679443  
 1605 	72.0899   	-66.182549  
 1606 	72.1348   	-66.541924  
 1607 	72.1798   	-66.182549  
 1608 	72.2247   	-65.535637  
 1609 	72.2697   	-66.182549  
 1610 	72.3146   	-65.032532  
 1611 	72.3596   	-65.391907  
 1612 	72.4045   	-65.607544  
 1613 	72.4494   	-66.038818  
 1614 	72.4944   	-65.535637  
 1615 	72.5393   	-65.966919  
 1616 	72.5843   	-65.535637  
 1617 	72.6292   	-66.110657  
 1618 	72.6742   	-66.398193  
 1619 	72.7191   	-66.901306  
 1620 	72.7640   	-65.823174  
 1621 	72.8090   	-64.960693  
 1622 	72.8539   	-65.751282  
 1623 	72.8989   	-65.679443  
 1624 	72.9438   	-65.966919  
 1625 	72.9888   	-66.470032  
 1626 	73.0337   	-66.901306  
 1627 	73.0787   	-66.757568  
 1628 	73.1236   	-66.901306  
 1629 	73.1685   	-66.541924  
 1630 	73.2135   	-65.607544  
 1631 	73.2584   	-65.895012  
 1632 	73.3034   	-66.182549  
 1633 	73.3483   	-65.679443  
 1634 	73.3933   	-65.320068  
 1635 	73.4382   	-65.104424  
 1636 	73.4831   	-65.535637  
 1637 	73.5281   	-65.176262  
 1638 	73.5730   	-64.960693  
 1639 	73.6180   	-66.470032  
 1640 	73.6629   	-65.535637  
 1641 	73.7079   	-66.326286  
 1642 	73.7528   	-64.745049  
 1643 	73.7978   	-65.391907  
 1644 	73.8427   	-65.320068  
 1645 	73.8876   	-65.607544  
 1646 	73.9326   	-66.326286  
 1647 	73.9775   	-65.463799  
 1648 	74.0225   	-66.182549  
 1649 	74.0674   	-65.391907  
 1650 	74.1124   	-65.607544  
 1651 	74.1573   	-65.176262  
 1652 	74.2022   	-65.463799  
 1653 	74.2472   	-65.895012  
 1654 	74.2921   	-65.032532  
 1655 	74.3371   	-66.038818  
 1656 	74.3820   	-65.176262  
 1657 	74.4270   	-65.248169  
 1658 	74.4719   	-65.607544  
 1659 	74.5169   	-65.751282  
 1660 	74.5618   	-64.888794  
 1661 	74.6067   	-65.391907  
 1662 	74.6517   	-64.888794  
 1663 	74.6966   	-64.888794  
 1664 	74.7416   	-64.960693  
 1665 	74.7865   	-65.966919  
 1666 	74.8315   	-65.535637  
 1667 	74.8764   	-66.254387  
 1668 	74.9213   	-65.679443  
 1669 	74.9663   	-65.104424  
 1670 	75.0112   	-65.463799  
 1671 	75.0562   	-65.966919  
 1672 	75.1011   	-65.751282  
 1673 	75.1461   	-65.391907  
 1674 	75.1910   	-65.679443  
 1675 	75.2360   	-65.895012  
 1676 	75.2809   	-66.182549  
 1677 	75.3258   	-66.757568  
 1678 	75.3708   	-67.116943  
 1679 	75.4157   	-66.326286  
 1680 	75.4607   	-65.895012  
 1681 	75.5056   	-65.032532  
 1682 	75.5506   	-66.254387  
 1683 	75.5955   	-65.320068  
 1684 	75.6405   	-65.463799  
 1685 	75.6854   	-65.535637  
 1686 	75.7303   	-66.110657  
 1687 	75.7753   	-66.182549  
 1688 	75.8202   	-65.032532  
 1689 	75.8652   	-65.607544  
 1690 	75.9101   	-65.823174  
 1691 	75.9551   	-65.679443  
 1692 	76.0000   	-65.391907  
 1693 	76.0449   	-64.960693  
 1694 	76.0899   	-65.320068  
 1695 	76.1348   	-66.901306  
 1696 	76.1798   	-66.038818  
 1697 	76.2247   	-66.470032  
 1698 	76.2697   	-66.470032  
 1699 	76.3146   	-66.326286  
 1700 	76.3596   	-65.751282  
 1701 	76.4045   	-65.320068  
 1702 	76.4494   	-66.254387  
 1703 	76.4944   	-66.613762  
 1704 	76.5393   	-66.110657  
 1705 	76.5843   	-64.745049  
 1706 	76.6292   	-65.176262  
 1707 	76.6742   	-65.535637  
 1708 	76.7191   	-65.320068  
 1709 	76.7640   	-65.751282  
 1710 	76.8090   	-65.751282  
 1711 	76.8539   	-64.601318  
 1712 	76.8989   	-65.248169  
 1713 	76.9438   	-66.326286  
 1714 	76.9888   	-66.541924  
 1715 	77.0337   	-65.966919  
 1716 	77.0787   	-65.966919  
 1717 	77.1236   	-66.398193  
 1718 	77.1685   	-66.254387  
 1719 	77.2135   	-65.823174  
 1720 	77.2584   	-65.320068  
 1721 	77.3034   	-66.757568  
 1722 	77.3483   	-66.398193  
 1723 	77.3933   	-65.679443  
 1724 	77.4382   	-65.248169  
 1725 	77.4831   	-64.601318  
 1726 	77.5281   	-65.032532  
 1727 	77.5730   	-64.888794  
 1728 	77.6180   	-64.601318  
 1729 	77.6629   	-64.529419  
 1730 	77.7079   	-64.601318  
 1731 	77.7528   	-64.529419  
 1732 	77.7978   	-65.248169  
 1733 	77.8427   	-65.463799  
 1734 	77.8876   	-66.254387  
 1735 	77.9326   	-65.679443  
 1736 	77.9775   	-65.966919  
 1737 	78.0225   	-66.110657  
 1738 	78.0674   	-66.038818  
 1739 	78.1124   	-65.966919  
 1740 	78.1573   	-65.607544  
 1741 	78.2022   	-65.607544  
 1742 	78.2472   	-64.816887  
 1743 	78.2921   	-65.895012  
 1744 	78.3371   	-66.326286  
 1745 	78.3820   	-66.470032  
 1746 	78.4270   	-66.110657  
 1747 	78.4719   	-65.966919  
 1748 	78.5169   	-65.535637  
 1749 	78.5618   	-65.679443  
 1750 	78.6067   	-66.110657  
 1751 	78.6517   	-67.045036  
 1752 	78.6966   	-66.254387  
 1753 	78.7416   	-65.751282  
 1754 	78.7865   	-65.966919  
 1755 	78.8315   	-66.110657  
 1756 	78.8764   	-66.685661  
 1757 	78.9213   	-65.751282  
 1758 	78.9663   	-65.823174  
 1759 	79.0112   	-66.110657  
 1760 	79.0562   	-65.751282  
 1761 	79.1011   	-65.679443  
 1762 	79.1461   	-65.032532  
 1763 	79.1910   	-64.601318  
 1764 	79.2360   	-64.673157  
 1765 	79.2809   	-64.170044  
 1766 	79.3258   	-64.026299  
 1767 	79.3708   	-64.385674  
 1768 	79.4157   	-63.882565  
 1769 	79.4607   	-64.529419  
 1770 	79.5056   	-64.529419  
 1771 	79.5506   	-66.038818  
 1772 	79.5955   	-65.248169  
 1773 	79.6405   	-65.607544  
 1774 	79.6854   	-65.966919  
 1775 	79.7303   	-65.535637  
 1776 	79.7753   	-65.679443  
 1777 	79.8202   	-65.535637  
 1778 	79.8652   	-65.966919  
 1779 	79.9101   	-66.110657  
 1780 	79.9551   	-66.038818  
 1781 	80.0000   	-65.679443  
 1782 	80.0449   	-65.751282  
 1783 	80.0899   	-65.679443  
 1784 	80.1348   	-66.110657  
 1785 	80.1798   	-65.679443  
 1786 	80.2247   	-66.470032  
 1787 	80.2697   	-65.104424  
 1788 	80.3146   	-65.679443  
 1789 	80.3596   	-65.607544  
 1790 	80.4045   	-65.391907  
 1791 	80.4494   	-65.391907  
 1792 	80.4944   	-65.535637  
 1793 	80.5393   	-65.679443  
 1794 	80.5843   	-65.966919  
 1795 	80.6292   	-65.751282  
 1796 	80.6742   	-65.751282  
 1797 	80.7191   	-65.104424  
 1798 	80.7640   	-65.895012  
 1799 	80.8090   	-65.535637  
 1800 	80.8539   	-65.607544  
 1801 	80.8989   	-65.679443  
 1802 	80.9438   	-65.104424  
 1803 	80.9888   	-64.529419  
 1804 	81.0337   	-64.601318  
 1805 	81.0787   	-64.529419  
 1806 	81.1236   	-65.391907  
 1807 	81.1685   	-64.816887  
 1808 	81.2135   	-64.098145  
 1809 	81.2584   	-64.098145  
 1810 	81.3034   	-64.313774  
 1811 	81.3483   	-65.320068  
 1812 	81.3933   	-66.110657  
 1813 	81.4382   	-66.541924  
 1814 	81.4831   	-64.888794  
 1815 	81.5281   	-65.895012  
 1816 	81.5730   	-65.320068  
 1817 	81.6180   	-65.320068  
 1818 	81.6629   	-65.751282  
 1819 	81.7079   	-65.463799  
 1820 	81.7528   	-66.038818  
 1821 	81.7978   	-65.679443  
 1822 	81.8427   	-66.398193  
 1823 	81.8876   	-66.254387  
 1824 	81.9326   	-66.182549  
 1825 	81.9775   	-65.607544  
 1826 	82.0225   	-65.895012  
 1827 	82.0674   	-65.607544  
 1828 	82.1124   	-66.326286  
 1829 	82.1573   	-65.104424  
 1830 	82.2022   	-64.816887  
 1831 	82.2472   	-65.104424  
 1832 	82.2921   	-64.960693  
 1833 	82.3371   	-64.816887  
 1834 	82.3820   	-64.745049  
 1835 	82.4270   	-64.241943  
 1836 	82.4719   	-65.032532  
 1837 	82.5169   	-65.176262  
 1838 	82.5618   	-64.529419  
 1839 	82.6067   	-64.673157  
 1840 	82.6517   	-65.463799  
 1841 	82.6966   	-64.960693  
 1842 	82.7416   	-65.607544  
 1843 	82.7865   	-65.463799  
 1844 	82.8315   	-65.391907  
 1845 	82.8764   	-66.110657  
 1846 	82.9213   	-66.182549  
 1847 	82.9663   	-65.248169  
 1848 	83.0112   	-64.673157  
 1849 	83.0562   	-65.176262  
 1850 	83.1011   	-64.313774  
 1851 	83.1461   	-64.601318  
 1852 	83.1910   	-64.170044  
 1853 	83.2360   	-65.176262  
 1854 	83.2809   	-64.888794  
 1855 	83.3258   	-65.751282  
 1856 	83.3708   	-65.895012  
 1857 	83.4157   	-66.254387  
 1858 	83.4607   	-66.182549  
 1859 	83.5056   	-66.685661  
 1860 	83.5506   	-66.326286  
 1861 	83.5955   	-66.254387  
 1862 	83.6405   	-66.326286  
 1863 	83.6854   	-65.966919  
 1864 	83.7303   	-64.960693  
 1865 	83.7753   	-65.607544  
 1866 	83.8202   	-64.745049  
 1867 	83.8652   	-65.176262  
 1868 	83.9101   	-65.535637  
 1869 	83.9551   	-65.176262  
 1870 	84.0000   	-65.320068  
 1871 	84.0449   	-65.032532  
 1872 	84.0899   	-65.032532  
 1873 	84.1348   	-64.673157  
 1874 	84.1798   	-65.032532  
 1875 	84.2247   	-65.823174  
 1876 	84.2697   	-66.973137  
 1877 	84.3146   	-66.326286  
 1878 	84.3596   	-65.607544  
 1879 	84.4045   	-64.673157  
 1880 	84.4494   	-64.960693  
 1881 	84.4944   	-64.745049  
 1882 	84.5393   	-64.457512  
 1883 	84.5843   	-65.176262  
 1884 	84.6292   	-65.104424  
 1885 	84.6742   	-64.960693  
 1886 	84.7191   	-65.320068  
 1887 	84.7640   	-65.391907  
 1888 	84.8090   	-64.457512  
 1889 	84.8539   	-64.745049  
 1890 	84.8989   	-64.385674  
 1891 	84.9438   	-65.535637  
 1892 	84.9888   	-65.320068  
 1893 	85.0337   	-65.248169  
 1894 	85.0787   	-64.313774  
 1895 	85.1236   	-64.529419  
 1896 	85.1685   	-65.607544  
 1897 	85.2135   	-64.888794  
 1898 	85.2584   	-64.673157  
 1899 	85.3034   	-64.816887  
 1900 	85.3483   	-65.823174  
 1901 	85.3933   	-66.326286  
 1902 	85.4382   	-66.182549  
 1903 	85.4831   	-65.966919  
 1904 	85.5281   	-66.685661  
 1905 	85.5730   	-66.541924  
 1906 	85.6180   	-66.398193  
 1907 	85.6629   	-66.326286  
 1908 	85.7079   	-66.470032  
 1909 	85.7528   	-66.613762  
 1910 	85.7978   	-66.038818  
 1911 	85.8427   	-65.823174  
 1912 	85.8876   	-66.254387  
 1913 	85.9326   	-65.607544  
 1914 	85.9775   	-66.470032  
 1915 	86.0225   	-65.823174  
 1916 	86.0674   	-65.391907  
 1917 	86.1124   	-66.038818  
 1918 	86.1573   	-66.398193  
 1919 	86.2022   	-66.613762  
 1920 	86.2472   	-66.829407  
 1921 	86.2921   	-66.973137  
 1922 	86.3371   	-66.326286  
 1923 	86.3820   	-66.398193  
 1924 	86.4270   	-65.751282  
 1925 	86.4719   	-65.320068  
 1926 	86.5169   	-64.601318  
 1927 	86.5618   	-64.385674  
 1928 	86.6067   	-65.391907  
 1929 	86.6517   	-64.888794  
 1930 	86.6966   	-65.248169  
 1931 	86.7416   	-65.751282  
 1932 	86.7865   	-65.463799  
 1933 	86.8315   	-65.607544  
 1934 	86.8764   	-64.673157  
 1935 	86.9213   	-64.313774  
 1936 	86.9663   	-64.673157  
 1937 	87.0112   	-64.385674  
 1938 	87.0562   	-65.032532  
 1939 	87.1011   	-65.320068  
 1940 	87.1461   	-64.960693  
 1941 	87.1910   	-64.529419  
 1942 	87.2360   	-64.385674  
 1943 	87.2809   	-64.241943  
 1944 	87.3258   	-64.385674  
 1945 	87.3708   	-64.745049  
 1946 	87.4157   	-64.026299  
 1947 	87.4607   	-65.248169  
 1948 	87.5056   	-64.960693  
 1949 	87.5506   	-65.607544  
 1950 	87.5955   	-65.535637  
 1951 	87.6405   	-66.398193  
 1952 	87.6854   	-65.032532  
 1953 	87.7303   	-65.248169  
 1954 	87.7753   	-65.823174  
 1955 	87.8202   	-66.038818  
 1956 	87.8652   	-66.110657  
 1957 	87.9101   	-66.038818  
 1958 	87.9551   	-65.751282  
 1959 	88.0000   	-65.176262  
 1960 	88.0449   	-64.601318  
 1961 	88.0899   	-64.745049  
 1962 	88.1348   	-64.026299  
 1963 	88.1798   	-64.816887  
 1964 	88.2247   	-65.032532  
 1965 	88.2697   	-64.385674  
 1966 	88.3146   	-64.241943  
 1967 	88.3596   	-65.104424  
 1968 	88.4045   	-65.320068  
 1969 	88.4494   	-65.751282  
 1970 	88.4944   	-64.313774  
 1971 	88.5393   	-63.954399  
 1972 	88.5843   	-64.241943  
 1973 	88.6292   	-65.248169  
 1974 	88.6742   	-64.888794  
 1975 	88.7191   	-65.104424  
 1976 	88.7640   	-65.032532  
 1977 	88.8090   	-65.032532  
 1978 	88.8539   	-65.391907  
 1979 	88.8989   	-65.751282  
 1980 	88.9438   	-64.745049  
 1981 	88.9888   	-65.751282  
 1982 	89.0337   	-65.248169  
 1983 	89.0787   	-65.463799  
 1984 	89.1236   	-64.241943  
 1985 	89.1685   	-64.601318  
 1986 	89.2135   	-64.529419  
 1987 	89.2584   	-65.463799  
 1988 	89.3034   	-64.960693  
 1989 	89.3483   	-64.960693  
 1990 	89.3933   	-65.966919  
 1991 	89.4382   	-64.816887  
 1992 	89.4831   	-65.463799  
 1993 	89.5281   	-65.176262  
 1994 	89.5730   	-65.463799  
 1995 	89.6180   	-65.104424  
 1996 	89.6629   	-66.110657  
 1997 	89.7079   	-66.254387  
 1998 	89.7528   	-65.751282  
 1999 	89.7978   	-66.254387  
 2000 	89.8427   	-65.895012  
 2001 	89.8876   	-65.391907  
 2002 	89.9326   	-66.110657  
 2003 	89.9775   	-65.607544  
 2004 	90.0225   	-64.960693  
 2005 	90.0674   	-65.535637  
 2006 	90.1124   	-64.673157  
 2007 	90.1573   	-64.960693  
 2008 	90.2022   	-65.104424  
 2009 	90.2472   	-64.098145  
 2010 	90.2921   	-64.673157  
 2011 	90.3371   	-65.895012  
 2012 	90.3820   	-65.751282  
 2013 	90.4270   	-66.182549  
 2014 	90.4719   	-66.110657  
 2015 	90.5169   	-65.463799  
 2016 	90.5618   	-65.535637  
 2017 	90.6067   	-65.535637  
 2018 	90.6517   	-65.248169  
 2019 	90.6966   	-64.529419  
 2020 	90.7416   	-65.104424  
 2021 	90.7865   	-65.823174  
 2022 	90.8315   	-65.176262  
 2023 	90.8764   	-65.104424  
 2024 	90.9213   	-65.320068  
 2025 	90.9663   	-65.607544  
 2026 	91.0112   	-65.751282  
 2027 	91.0562   	-64.960693  
 2028 	91.1011   	-65.320068  
 2029 	91.1461   	-64.457512  
 2030 	91.1910   	-65.176262  
 2031 	91.2360   	-66.182549  
 2032 	91.2809   	-65.679443  
 2033 	91.3258   	-66.182549  
 2034 	91.3708   	-65.535637  
 2035 	91.4157   	-65.391907  
 2036 	91.4607   	-65.966919  
 2037 	91.5056   	-65.535637  
 2038 	91.5506   	-65.463799  
 2039 	91.5955   	-65.032532  
 2040 	91.6405   	-65.823174  
 2041 	91.6854   	-65.320068  
 2042 	91.7303   	-66.038818  
 2043 	91.7753   	-66.470032  
 2044 	91.8202   	-65.248169  
 2045 	91.8652   	-65.463799  
 2046 	91.9101   	-66.038818  
 2047 	91.9551   	-66.398193  
 2048 	92.0000   	-66.038818  

