
      	X(nS)     	Ch1(mV)      


 1    	0.0000    	-0.109361   
 2    	0.0489    	-0.109361   
 3    	0.0977    	-0.093736   
 4    	0.1466    	-0.046861   
 5    	0.1954    	-0.140611   
 6    	0.2443    	0.015639    
 7    	0.2931    	-0.343736   
 8    	0.3420    	-0.015611   
 9    	0.3908    	0.218764    
 10   	0.4397    	0.125014    
 11   	0.4885    	0.078139    
 12   	0.5374    	-0.015611   
 13   	0.5862    	-0.140611   
 14   	0.6351    	-0.046861   
 15   	0.6839    	0.140639    
 16   	0.7328    	0.093764    
 17   	0.7816    	-0.093736   
 18   	0.8305    	-0.124986   
 19   	0.8793    	-0.109361   
 20   	0.9282    	-0.062486   
 21   	0.9770    	0.000014    
 22   	1.0259    	0.015639    
 23   	1.0747    	-0.187486   
 24   	1.1236    	-0.281236   
 25   	1.1724    	0.000014    
 26   	1.2213    	-0.031236   
 27   	1.2702    	-0.171861   
 28   	1.3190    	0.109389    
 29   	1.3679    	0.046889    
 30   	1.4167    	0.000014    
 31   	1.4656    	-0.109361   
 32   	1.5144    	-0.296861   
 33   	1.5633    	-0.124986   
 34   	1.6121    	-0.140611   
 35   	1.6610    	0.109389    
 36   	1.7098    	-0.124986   
 37   	1.7587    	0.000014    
 38   	1.8075    	-0.078111   
 39   	1.8564    	0.265639    
 40   	1.9052    	0.078139    
 41   	1.9541    	-0.187486   
 42   	2.0029    	-0.046861   
 43   	2.0518    	0.296889    
 44   	2.1006    	0.328139    
 45   	2.1495    	0.109389    
 46   	2.1983    	0.062514    
 47   	2.2472    	0.171889    
 48   	2.2960    	0.046889    
 49   	2.3449    	-0.203111   
 50   	2.3937    	-0.062486   
 51   	2.4426    	0.062514    
 52   	2.4915    	0.203139    
 53   	2.5403    	0.140639    
 54   	2.5892    	0.000014    
 55   	2.6380    	-0.156236   
 56   	2.6869    	-0.296861   
 57   	2.7357    	0.125014    
 58   	2.7846    	0.046889    
 59   	2.8334    	0.093764    
 60   	2.8823    	0.062514    
 61   	2.9311    	0.015639    
 62   	2.9800    	-0.078111   
 63   	3.0288    	-0.171861   
 64   	3.0777    	-0.124986   
 65   	3.1265    	-0.062486   
 66   	3.1754    	-0.171861   
 67   	3.2242    	0.156264    
 68   	3.2731    	0.015639    
 69   	3.3219    	-0.109361   
 70   	3.3708    	-0.109361   
 71   	3.4196    	-0.171861   
 72   	3.4685    	-0.140611   
 73   	3.5173    	-0.124986   
 74   	3.5662    	0.203139    
 75   	3.6150    	0.062514    
 76   	3.6639    	-0.171861   
 77   	3.7128    	-0.312486   
 78   	3.7616    	-0.203111   
 79   	3.8105    	0.031264    
 80   	3.8593    	-0.218736   
 81   	3.9082    	-0.374986   
 82   	3.9570    	-0.406236   
 83   	4.0059    	0.140639    
 84   	4.0547    	0.218764    
 85   	4.1036    	0.187514    
 86   	4.1524    	0.062514    
 87   	4.2013    	0.015639    
 88   	4.2501    	0.109389    
 89   	4.2990    	0.125014    
 90   	4.3478    	-0.140611   
 91   	4.3967    	0.250014    
 92   	4.4455    	0.265639    
 93   	4.4944    	0.296889    
 94   	4.5432    	0.125014    
 95   	4.5921    	-0.218736   
 96   	4.6409    	-0.078111   
 97   	4.6898    	-0.078111   
 98   	4.7386    	0.078139    
 99   	4.7875    	0.078139    
 100  	4.8363    	0.140639    
 101  	4.8852    	0.015639    
 102  	4.9340    	0.031264    
 103  	4.9829    	0.015639    
 104  	5.0318    	-0.093736   
 105  	5.0806    	-0.031236   
 106  	5.1295    	-0.281236   
 107  	5.1783    	-0.312486   
 108  	5.2272    	-0.109361   
 109  	5.2760    	-0.406236   
 110  	5.3249    	-0.140611   
 111  	5.3737    	0.000014    
 112  	5.4226    	-0.031236   
 113  	5.4714    	-0.015611   
 114  	5.5203    	0.140639    
 115  	5.5691    	0.093764    
 116  	5.6180    	0.031264    
 117  	5.6668    	-0.218736   
 118  	5.7157    	-0.031236   
 119  	5.7645    	0.031264    
 120  	5.8134    	-0.031236   
 121  	5.8622    	-0.015611   
 122  	5.9111    	-0.062486   
 123  	5.9599    	-0.156236   
 124  	6.0088    	-0.046861   
 125  	6.0576    	0.015639    
 126  	6.1065    	0.109389    
 127  	6.1553    	-0.015611   
 128  	6.2042    	0.000014    
 129  	6.2531    	-0.031236   
 130  	6.3019    	0.015639    
 131  	6.3508    	0.109389    
 132  	6.3996    	-0.031236   
 133  	6.4485    	0.187514    
 134  	6.4973    	0.187514    
 135  	6.5462    	0.234389    
 136  	6.5950    	0.062514    
 137  	6.6439    	-0.328111   
 138  	6.6927    	-0.015611   
 139  	6.7416    	0.296889    
 140  	6.7904    	0.187514    
 141  	6.8393    	-0.093736   
 142  	6.8881    	-0.218736   
 143  	6.9370    	-0.249986   
 144  	6.9858    	-0.265611   
 145  	7.0347    	-0.234361   
 146  	7.0835    	0.187514    
 147  	7.1324    	0.234389    
 148  	7.1812    	0.203139    
 149  	7.2301    	0.093764    
 150  	7.2789    	-0.062486   
 151  	7.3278    	-0.078111   
 152  	7.3766    	-0.031236   
 153  	7.4255    	-0.218736   
 154  	7.4744    	0.078139    
 155  	7.5232    	-0.093736   
 156  	7.5721    	0.015639    
 157  	7.6209    	-0.249986   
 158  	7.6698    	-0.062486   
 159  	7.7186    	-0.140611   
 160  	7.7675    	-0.203111   
 161  	7.8163    	-0.124986   
 162  	7.8652    	0.140639    
 163  	7.9140    	0.000014    
 164  	7.9629    	0.000014    
 165  	8.0117    	0.062514    
 166  	8.0606    	0.015639    
 167  	8.1094    	0.000014    
 168  	8.1583    	-0.093736   
 169  	8.2071    	0.015639    
 170  	8.2560    	0.062514    
 171  	8.3048    	0.015639    
 172  	8.3537    	-0.265611   
 173  	8.4025    	-0.234361   
 174  	8.4514    	-0.015611   
 175  	8.5002    	-0.109361   
 176  	8.5491    	-0.093736   
 177  	8.5979    	-0.109361   
 178  	8.6468    	-0.171861   
 179  	8.6957    	0.031264    
 180  	8.7445    	-0.046861   
 181  	8.7934    	-0.124986   
 182  	8.8422    	-0.078111   
 183  	8.8911    	-0.124986   
 184  	8.9399    	-0.312486   
 185  	8.9888    	-0.031236   
 186  	9.0376    	0.125014    
 187  	9.0865    	0.203139    
 188  	9.1353    	0.218764    
 189  	9.1842    	0.359389    
 190  	9.2330    	0.125014    
 191  	9.2819    	-0.031236   
 192  	9.3307    	-0.031236   
 193  	9.3796    	-0.062486   
 194  	9.4284    	0.046889    
 195  	9.4773    	-0.046861   
 196  	9.5261    	0.109389    
 197  	9.5750    	0.062514    
 198  	9.6238    	-0.046861   
 199  	9.6727    	-0.015611   
 200  	9.7215    	-0.124986   
 201  	9.7704    	0.062514    
 202  	9.8192    	0.109389    
 203  	9.8681    	0.140639    
 204  	9.9170    	-0.015611   
 205  	9.9658    	0.000014    
 206  	10.0147   	-0.124986   
 207  	10.0635   	-0.015611   
 208  	10.1124   	-0.015611   
 209  	10.1612   	-0.140611   
 210  	10.2101   	0.125014    
 211  	10.2589   	0.062514    
 212  	10.3078   	-0.328111   
 213  	10.3566   	-0.093736   
 214  	10.4055   	-0.031236   
 215  	10.4543   	-0.109361   
 216  	10.5032   	-0.015611   
 217  	10.5520   	-0.062486   
 218  	10.6009   	-0.015611   
 219  	10.6497   	0.046889    
 220  	10.6986   	0.000014    
 221  	10.7474   	-0.124986   
 222  	10.7963   	-0.218736   
 223  	10.8451   	-0.312486   
 224  	10.8940   	0.140639    
 225  	10.9428   	0.031264    
 226  	10.9917   	0.015639    
 227  	11.0405   	-0.062486   
 228  	11.0894   	-0.203111   
 229  	11.1383   	-0.015611   
 230  	11.1871   	0.218764    
 231  	11.2360   	0.000014    
 232  	11.2848   	0.218764    
 233  	11.3337   	0.375014    
 234  	11.3825   	-0.031236   
 235  	11.4314   	0.140639    
 236  	11.4802   	-0.093736   
 237  	11.5291   	-0.062486   
 238  	11.5779   	0.015639    
 239  	11.6268   	0.125014    
 240  	11.6756   	-0.140611   
 241  	11.7245   	-0.093736   
 242  	11.7733   	-0.140611   
 243  	11.8222   	0.250014    
 244  	11.8710   	0.156264    
 245  	11.9199   	0.140639    
 246  	11.9687   	0.046889    
 247  	12.0176   	-0.046861   
 248  	12.0664   	0.156264    
 249  	12.1153   	-0.062486   
 250  	12.1641   	-0.124986   
 251  	12.2130   	-0.234361   
 252  	12.2618   	0.015639    
 253  	12.3107   	-0.078111   
 254  	12.3596   	0.234389    
 255  	12.4084   	0.125014    
 256  	12.4573   	0.093764    
 257  	12.5061   	0.031264    
 258  	12.5550   	-0.171861   
 259  	12.6038   	-0.187486   
 260  	12.6527   	-0.218736   
 261  	12.7015   	-0.124986   
 262  	12.7504   	-0.078111   
 263  	12.7992   	0.093764    
 264  	12.8481   	0.046889    
 265  	12.8969   	-0.109361   
 266  	12.9458   	-0.109361   
 267  	12.9946   	-0.156236   
 268  	13.0435   	0.031264    
 269  	13.0923   	0.000014    
 270  	13.1412   	-0.031236   
 271  	13.1900   	0.109389    
 272  	13.2389   	-0.031236   
 273  	13.2877   	-0.031236   
 274  	13.3366   	-0.124986   
 275  	13.3854   	-0.234361   
 276  	13.4343   	-0.374986   
 277  	13.4831   	0.031264    
 278  	13.5320   	0.125014    
 279  	13.5808   	0.140639    
 280  	13.6297   	0.078139    
 281  	13.6786   	-0.203111   
 282  	13.7274   	-0.187486   
 283  	13.7763   	-0.093736   
 284  	13.8251   	-0.093736   
 285  	13.8740   	-0.124986   
 286  	13.9228   	0.140639    
 287  	13.9717   	-0.062486   
 288  	14.0205   	0.140639    
 289  	14.0694   	0.109389    
 290  	14.1182   	0.171889    
 291  	14.1671   	-0.062486   
 292  	14.2159   	0.140639    
 293  	14.2648   	0.109389    
 294  	14.3136   	-0.015611   
 295  	14.3625   	-0.031236   
 296  	14.4113   	-0.093736   
 297  	14.4602   	-0.015611   
 298  	14.5090   	-0.046861   
 299  	14.5579   	0.015639    
 300  	14.6067   	-0.015611   
 301  	14.6556   	0.328139    
 302  	14.7044   	0.125014    
 303  	14.7533   	-0.015611   
 304  	14.8021   	0.109389    
 305  	14.8510   	-0.046861   
 306  	14.8999   	0.187514    
 307  	14.9487   	0.140639    
 308  	14.9976   	0.062514    
 309  	15.0464   	0.218764    
 310  	15.0953   	0.250014    
 311  	15.1441   	0.109389    
 312  	15.1930   	-0.218736   
 313  	15.2418   	-0.171861   
 314  	15.2907   	-0.078111   
 315  	15.3395   	0.109389    
 316  	15.3884   	0.000014    
 317  	15.4372   	0.203139    
 318  	15.4861   	0.281264    
 319  	15.5349   	-0.343736   
 320  	15.5838   	-0.187486   
 321  	15.6326   	-0.078111   
 322  	15.6815   	0.015639    
 323  	15.7303   	0.078139    
 324  	15.7792   	0.031264    
 325  	15.8280   	-0.171861   
 326  	15.8769   	-0.046861   
 327  	15.9257   	-0.078111   
 328  	15.9746   	0.109389    
 329  	16.0234   	0.125014    
 330  	16.0723   	0.000014    
 331  	16.1212   	0.125014    
 332  	16.1700   	0.000014    
 333  	16.2189   	0.062514    
 334  	16.2677   	0.156264    
 335  	16.3166   	0.031264    
 336  	16.3654   	0.109389    
 337  	16.4143   	0.140639    
 338  	16.4631   	0.156264    
 339  	16.5120   	0.125014    
 340  	16.5608   	-0.078111   
 341  	16.6097   	-0.265611   
 342  	16.6585   	-0.218736   
 343  	16.7074   	-0.062486   
 344  	16.7562   	-0.109361   
 345  	16.8051   	-0.078111   
 346  	16.8539   	-0.031236   
 347  	16.9028   	0.125014    
 348  	16.9516   	0.125014    
 349  	17.0005   	-0.031236   
 350  	17.0493   	-0.109361   
 351  	17.0982   	0.140639    
 352  	17.1470   	-0.031236   
 353  	17.1959   	-0.234361   
 354  	17.2447   	-0.062486   
 355  	17.2936   	-0.015611   
 356  	17.3425   	0.093764    
 357  	17.3913   	0.312514    
 358  	17.4402   	0.109389    
 359  	17.4890   	-0.031236   
 360  	17.5379   	0.109389    
 361  	17.5867   	0.187514    
 362  	17.6356   	0.000014    
 363  	17.6844   	0.078139    
 364  	17.7333   	0.125014    
 365  	17.7821   	0.046889    
 366  	17.8310   	-0.109361   
 367  	17.8798   	-0.124986   
 368  	17.9287   	0.046889    
 369  	17.9775   	0.000014    
 370  	18.0264   	-0.281236   
 371  	18.0752   	-1.218797   
 372  	18.1241   	-2.656297   
 373  	18.1729   	-0.734361   
 374  	18.2218   	5.922011    
 375  	18.2706   	11.391005   
 376  	18.3195   	6.281386    
 377  	18.3683   	-7.234544   
 378  	18.4172   	-22.000595  
 379  	18.4660   	-12.047227  
 380  	18.5149   	5.312636    
 381  	18.5638   	27.203869   
 382  	18.6126   	16.891127   
 383  	18.6615   	-3.609483   
 384  	18.7103   	-23.531906  
 385  	18.7592   	-15.203537  
 386  	18.8080   	0.187514    
 387  	18.8569   	12.469130   
 388  	18.9057   	8.640882    
 389  	18.9546   	2.328139    
 390  	19.0034   	-0.374986   
 391  	19.0523   	1.343764    
 392  	19.1011   	-1.765672   
 393  	19.1500   	-6.000169   
 394  	19.1988   	-6.453294   
 395  	19.2477   	0.546889    
 396  	19.2965   	6.031386    
 397  	19.3454   	6.156386    
 398  	19.3942   	0.500014    
 399  	19.4431   	-2.593797   
 400  	19.4919   	-1.828172   
 401  	19.5408   	-1.156297   
 402  	19.5896   	-2.390672   
 403  	19.6385   	-2.625047   
 404  	19.6873   	0.140639    
 405  	19.7362   	3.843886    
 406  	19.7851   	3.984511    
 407  	19.8339   	0.875014    
 408  	19.8828   	-2.781297   
 409  	19.9316   	-2.296922   
 410  	19.9805   	-1.046922   
 411  	20.0293   	-0.187486   
 412  	20.0782   	0.781264    
 413  	20.1270   	1.671889    
 414  	20.1759   	1.484389    
 415  	20.2247   	-0.671861   
 416  	20.2736   	-1.750047   
 417  	20.3224   	-1.109422   
 418  	20.3713   	0.046889    
 419  	20.4201   	0.406264    
 420  	20.4690   	0.265639    
 421  	20.5178   	0.750014    
 422  	20.5667   	1.593764    
 423  	20.6155   	1.234389    
 424  	20.6644   	0.000014    
 425  	20.7132   	-1.453172   
 426  	20.7621   	-1.218797   
 427  	20.8109   	0.015639    
 428  	20.8598   	0.781264    
 429  	20.9086   	0.281264    
 430  	20.9575   	-0.156236   
 431  	21.0064   	0.218764    
 432  	21.0552   	0.453139    
 433  	21.1041   	-0.124986   
 434  	21.1529   	-1.234422   
 435  	21.2018   	-0.937547   
 436  	21.2506   	-0.062486   
 437  	21.2995   	1.171889    
 438  	21.3483   	0.671889    
 439  	21.3972   	0.031264    
 440  	21.4460   	-0.406236   
 441  	21.4949   	0.093764    
 442  	21.5437   	0.265639    
 443  	21.5926   	-0.234361   
 444  	21.6414   	-0.546861   
 445  	21.6903   	0.000014    
 446  	21.7391   	0.953139    
 447  	21.7880   	0.921889    
 448  	21.8368   	0.046889    
 449  	21.8857   	-0.578111   
 450  	21.9345   	-0.531236   
 451  	21.9834   	-0.484361   
 452  	22.0322   	-0.140611   
 453  	22.0811   	-0.390611   
 454  	22.1299   	-0.078111   
 455  	22.1788   	0.156264    
 456  	22.2277   	0.156264    
 457  	22.2765   	-0.328111   
 458  	22.3254   	-0.421861   
 459  	22.3742   	-0.234361   
 460  	22.4231   	0.093764    
 461  	22.4719   	0.093764    
 462  	22.5208   	0.078139    
 463  	22.5696   	0.375014    
 464  	22.6185   	0.421889    
 465  	22.6673   	0.171889    
 466  	22.7162   	0.140639    
 467  	22.7650   	-0.187486   
 468  	22.8139   	-0.374986   
 469  	22.8627   	0.046889    
 470  	22.9116   	0.281264    
 471  	22.9604   	0.046889    
 472  	23.0093   	0.046889    
 473  	23.0581   	0.062514    
 474  	23.1070   	0.140639    
 475  	23.1558   	-0.031236   
 476  	23.2047   	-0.312486   
 477  	23.2535   	-0.468736   
 478  	23.3024   	-0.062486   
 479  	23.3512   	0.125014    
 480  	23.4001   	0.437514    
 481  	23.4489   	0.156264    
 482  	23.4978   	-0.203111   
 483  	23.5467   	-0.499986   
 484  	23.5955   	-0.031236   
 485  	23.6444   	0.031264    
 486  	23.6932   	0.015639    
 487  	23.7421   	0.265639    
 488  	23.7909   	0.078139    
 489  	23.8398   	-0.109361   
 490  	23.8886   	-0.203111   
 491  	23.9375   	-0.109361   
 492  	23.9863   	-0.234361   
 493  	24.0352   	0.250014    
 494  	24.0840   	0.265639    
 495  	24.1329   	-0.031236   
 496  	24.1817   	0.000014    
 497  	24.2306   	0.265639    
 498  	24.2794   	-0.093736   
 499  	24.3283   	-0.124986   
 500  	24.3771   	-0.046861   
 501  	24.4260   	0.218764    
 502  	24.4748   	0.031264    
 503  	24.5237   	-0.156236   
 504  	24.5725   	-0.031236   
 505  	24.6214   	-0.062486   
 506  	24.6702   	-0.093736   
 507  	24.7191   	0.234389    
 508  	24.7680   	0.000014    
 509  	24.8168   	-0.031236   
 510  	24.8657   	0.046889    
 511  	24.9145   	0.062514    
 512  	24.9634   	-0.109361   
 513  	25.0122   	0.109389    
 514  	25.0611   	0.000014    
 515  	25.1099   	0.000014    
 516  	25.1588   	0.187514    
 517  	25.2076   	-0.124986   
 518  	25.2565   	-0.156236   
 519  	25.3053   	-0.015611   
 520  	25.3542   	0.156264    
 521  	25.4030   	0.031264    
 522  	25.4519   	-0.124986   
 523  	25.5007   	0.015639    
 524  	25.5496   	-0.171861   
 525  	25.5984   	-0.046861   
 526  	25.6473   	-0.234361   
 527  	25.6961   	0.125014    
 528  	25.7450   	0.187514    
 529  	25.7938   	0.062514    
 530  	25.8427   	-0.124986   
 531  	25.8915   	-0.234361   
 532  	25.9404   	-0.187486   
 533  	25.9893   	-0.140611   
 534  	26.0381   	0.062514    
 535  	26.0870   	0.093764    
 536  	26.1358   	0.187514    
 537  	26.1847   	0.078139    
 538  	26.2335   	0.062514    
 539  	26.2824   	-0.078111   
 540  	26.3312   	0.109389    
 541  	26.3801   	0.156264    
 542  	26.4289   	-0.343736   
 543  	26.4778   	0.031264    
 544  	26.5266   	0.234389    
 545  	26.5755   	0.062514    
 546  	26.6243   	-0.093736   
 547  	26.6732   	-0.093736   
 548  	26.7220   	-0.078111   
 549  	26.7709   	-0.265611   
 550  	26.8197   	-0.187486   
 551  	26.8686   	-0.031236   
 552  	26.9174   	0.093764    
 553  	26.9663   	0.015639    
 554  	27.0151   	0.031264    
 555  	27.0640   	0.093764    
 556  	27.1128   	0.281264    
 557  	27.1617   	-0.062486   
 558  	27.2106   	-0.265611   
 559  	27.2594   	-0.421861   
 560  	27.3083   	-0.093736   
 561  	27.3571   	0.031264    
 562  	27.4060   	0.031264    
 563  	27.4548   	-0.140611   
 564  	27.5037   	-0.265611   
 565  	27.5525   	0.015639    
 566  	27.6014   	-0.062486   
 567  	27.6502   	-0.015611   
 568  	27.6991   	-0.218736   
 569  	27.7479   	0.125014    
 570  	27.7968   	0.140639    
 571  	27.8456   	0.140639    
 572  	27.8945   	0.140639    
 573  	27.9433   	-0.093736   
 574  	27.9922   	-0.156236   
 575  	28.0410   	0.078139    
 576  	28.0899   	0.062514    
 577  	28.1387   	0.062514    
 578  	28.1876   	-0.281236   
 579  	28.2364   	0.125014    
 580  	28.2853   	0.109389    
 581  	28.3341   	0.062514    
 582  	28.3830   	0.109389    
 583  	28.4319   	0.062514    
 584  	28.4807   	-0.046861   
 585  	28.5296   	0.156264    
 586  	28.5784   	0.171889    
 587  	28.6273   	-0.203111   
 588  	28.6761   	0.203139    
 589  	28.7250   	0.078139    
 590  	28.7738   	-0.140611   
 591  	28.8227   	0.015639    
 592  	28.8715   	-0.156236   
 593  	28.9204   	0.109389    
 594  	28.9692   	0.000014    
 595  	29.0181   	0.250014    
 596  	29.0669   	0.281264    
 597  	29.1158   	0.281264    
 598  	29.1646   	0.046889    
 599  	29.2135   	0.000014    
 600  	29.2623   	0.031264    
 601  	29.3112   	0.140639    
 602  	29.3600   	-0.218736   
 603  	29.4089   	-0.171861   
 604  	29.4577   	0.015639    
 605  	29.5066   	0.234389    
 606  	29.5554   	-0.046861   
 607  	29.6043   	0.218764    
 608  	29.6532   	-0.093736   
 609  	29.7020   	-0.015611   
 610  	29.7509   	0.125014    
 611  	29.7997   	-0.031236   
 612  	29.8486   	-0.046861   
 613  	29.8974   	-0.031236   
 614  	29.9463   	0.078139    
 615  	29.9951   	0.125014    
 616  	30.0440   	0.015639    
 617  	30.0928   	0.000014    
 618  	30.1417   	-0.078111   
 619  	30.1905   	-0.124986   
 620  	30.2394   	0.218764    
 621  	30.2882   	0.046889    
 622  	30.3371   	-0.015611   
 623  	30.3859   	-0.234361   
 624  	30.4348   	-0.031236   
 625  	30.4836   	0.234389    
 626  	30.5325   	0.281264    
 627  	30.5813   	0.171889    
 628  	30.6302   	-0.093736   
 629  	30.6790   	0.031264    
 630  	30.7279   	-0.046861   
 631  	30.7767   	0.250014    
 632  	30.8256   	0.109389    
 633  	30.8745   	0.093764    
 634  	30.9233   	-0.109361   
 635  	30.9722   	-0.062486   
 636  	31.0210   	0.187514    
 637  	31.0699   	-0.031236   
 638  	31.1187   	-0.046861   
 639  	31.1676   	-0.218736   
 640  	31.2164   	-0.296861   
 641  	31.2653   	-0.249986   
 642  	31.3141   	0.000014    
 643  	31.3630   	0.187514    
 644  	31.4118   	0.265639    
 645  	31.4607   	0.046889    
 646  	31.5095   	0.062514    
 647  	31.5584   	0.062514    
 648  	31.6072   	0.031264    
 649  	31.6561   	-0.062486   
 650  	31.7049   	0.250014    
 651  	31.7538   	-0.234361   
 652  	31.8026   	-0.046861   
 653  	31.8515   	0.062514    
 654  	31.9003   	0.156264    
 655  	31.9492   	-0.187486   
 656  	31.9980   	-0.499986   
 657  	32.0469   	0.015639    
 658  	32.0957   	-0.062486   
 659  	32.1446   	-0.312486   
 660  	32.1935   	-0.078111   
 661  	32.2423   	0.062514    
 662  	32.2912   	0.000014    
 663  	32.3400   	-0.187486   
 664  	32.3889   	-0.031236   
 665  	32.4377   	-0.140611   
 666  	32.4866   	-0.281236   
 667  	32.5354   	-0.015611   
 668  	32.5843   	0.140639    
 669  	32.6331   	0.187514    
 670  	32.6820   	0.140639    
 671  	32.7308   	0.359389    
 672  	32.7797   	0.203139    
 673  	32.8285   	0.125014    
 674  	32.8774   	0.015639    
 675  	32.9262   	0.046889    
 676  	32.9751   	0.140639    
 677  	33.0239   	-0.109361   
 678  	33.0728   	0.000014    
 679  	33.1216   	0.062514    
 680  	33.1705   	0.156264    
 681  	33.2193   	0.109389    
 682  	33.2682   	0.265639    
 683  	33.3170   	0.031264    
 684  	33.3659   	-0.187486   
 685  	33.4148   	-0.062486   
 686  	33.4636   	-0.109361   
 687  	33.5125   	-0.031236   
 688  	33.5613   	0.109389    
 689  	33.6102   	-0.109361   
 690  	33.6590   	-0.046861   
 691  	33.7079   	0.000014    
 692  	33.7567   	-0.078111   
 693  	33.8056   	-0.171861   
 694  	33.8544   	0.078139    
 695  	33.9033   	-0.046861   
 696  	33.9521   	0.156264    
 697  	34.0010   	0.031264    
 698  	34.0498   	-0.109361   
 699  	34.0987   	-0.187486   
 700  	34.1475   	0.031264    
 701  	34.1964   	0.203139    
 702  	34.2452   	-0.140611   
 703  	34.2941   	-0.015611   
 704  	34.3429   	0.046889    
 705  	34.3918   	-0.078111   
 706  	34.4406   	0.171889    
 707  	34.4895   	0.093764    
 708  	34.5383   	0.015639    
 709  	34.5872   	0.203139    
 710  	34.6361   	0.171889    
 711  	34.6849   	-0.140611   
 712  	34.7338   	0.031264    
 713  	34.7826   	0.109389    
 714  	34.8315   	0.125014    
 715  	34.8803   	-0.093736   
 716  	34.9292   	-0.062486   
 717  	34.9780   	-0.109361   
 718  	35.0269   	-0.046861   
 719  	35.0757   	-0.265611   
 720  	35.1246   	0.078139    
 721  	35.1734   	0.031264    
 722  	35.2223   	0.093764    
 723  	35.2711   	-0.171861   
 724  	35.3200   	-0.124986   
 725  	35.3688   	-0.078111   
 726  	35.4177   	0.125014    
 727  	35.4665   	0.000014    
 728  	35.5154   	-0.140611   
 729  	35.5642   	0.125014    
 730  	35.6131   	0.093764    
 731  	35.6619   	-0.015611   
 732  	35.7108   	-0.203111   
 733  	35.7596   	0.078139    
 734  	35.8085   	0.265639    
 735  	35.8574   	0.000014    
 736  	35.9062   	0.062514    
 737  	35.9551   	-0.015611   
 738  	36.0039   	0.453139    
 739  	36.0528   	0.203139    
 740  	36.1016   	0.171889    
 741  	36.1505   	-0.312486   
 742  	36.1993   	-0.093736   
 743  	36.2482   	-0.062486   
 744  	36.2970   	0.203139    
 745  	36.3459   	-0.031236   
 746  	36.3947   	-0.187486   
 747  	36.4436   	-0.093736   
 748  	36.4924   	-0.093736   
 749  	36.5413   	-0.031236   
 750  	36.5901   	-0.031236   
 751  	36.6390   	-0.015611   
 752  	36.6878   	-0.109361   
 753  	36.7367   	-0.109361   
 754  	36.7855   	0.312514    
 755  	36.8344   	-0.062486   
 756  	36.8832   	-0.031236   
 757  	36.9321   	0.062514    
 758  	36.9809   	0.140639    
 759  	37.0298   	0.218764    
 760  	37.0787   	0.203139    
 761  	37.1275   	0.156264    
 762  	37.1764   	-0.124986   
 763  	37.2252   	-0.031236   
 764  	37.2741   	-0.031236   
 765  	37.3229   	0.015639    
 766  	37.3718   	0.078139    
 767  	37.4206   	-0.093736   
 768  	37.4695   	-0.406236   
 769  	37.5183   	-0.046861   
 770  	37.5672   	0.156264    
 771  	37.6160   	0.046889    
 772  	37.6649   	-0.015611   
 773  	37.7137   	-0.203111   
 774  	37.7626   	0.078139    
 775  	37.8114   	0.265639    
 776  	37.8603   	0.093764    
 777  	37.9091   	-0.187486   
 778  	37.9580   	0.046889    
 779  	38.0068   	0.000014    
 780  	38.0557   	0.140639    
 781  	38.1045   	0.187514    
 782  	38.1534   	-0.218736   
 783  	38.2022   	-0.124986   
 784  	38.2511   	0.218764    
 785  	38.3000   	0.109389    
 786  	38.3488   	-0.124986   
 787  	38.3977   	-0.312486   
 788  	38.4465   	-0.078111   
 789  	38.4954   	-0.156236   
 790  	38.5442   	-0.187486   
 791  	38.5931   	-0.312486   
 792  	38.6419   	-0.203111   
 793  	38.6908   	-0.031236   
 794  	38.7396   	0.093764    
 795  	38.7885   	0.171889    
 796  	38.8373   	-0.265611   
 797  	38.8862   	-0.171861   
 798  	38.9350   	-0.171861   
 799  	38.9839   	0.125014    
 800  	39.0327   	-0.015611   
 801  	39.0816   	-0.109361   
 802  	39.1304   	0.000014    
 803  	39.1793   	-0.062486   
 804  	39.2281   	-0.031236   
 805  	39.2770   	0.093764    
 806  	39.3258   	-0.156236   
 807  	39.3747   	0.000014    
 808  	39.4235   	0.250014    
 809  	39.4724   	0.500014    
 810  	39.5213   	0.187514    
 811  	39.5701   	0.062514    
 812  	39.6190   	-0.109361   
 813  	39.6678   	-0.343736   
 814  	39.7167   	-0.343736   
 815  	39.7655   	0.015639    
 816  	39.8144   	0.109389    
 817  	39.8632   	-0.031236   
 818  	39.9121   	0.062514    
 819  	39.9609   	0.125014    
 820  	40.0098   	-0.218736   
 821  	40.0586   	-0.046861   
 822  	40.1075   	-0.453111   
 823  	40.1563   	-0.249986   
 824  	40.2052   	-0.109361   
 825  	40.2540   	-0.109361   
 826  	40.3029   	-0.140611   
 827  	40.3517   	0.140639    
 828  	40.4006   	0.062514    
 829  	40.4494   	-0.218736   
 830  	40.4983   	0.171889    
 831  	40.5471   	-0.093736   
 832  	40.5960   	0.015639    
 833  	40.6448   	0.140639    
 834  	40.6937   	-0.062486   
 835  	40.7425   	-0.109361   
 836  	40.7914   	-0.187486   
 837  	40.8403   	0.015639    
 838  	40.8891   	0.093764    
 839  	40.9380   	0.156264    
 840  	40.9868   	-0.140611   
 841  	41.0357   	-0.093736   
 842  	41.0845   	0.109389    
 843  	41.1334   	-0.218736   
 844  	41.1822   	-0.124986   
 845  	41.2311   	0.109389    
 846  	41.2799   	0.046889    
 847  	41.3288   	-0.046861   
 848  	41.3776   	0.078139    
 849  	41.4265   	-0.031236   
 850  	41.4753   	-0.265611   
 851  	41.5242   	-0.078111   
 852  	41.5730   	0.031264    
 853  	41.6219   	0.218764    
 854  	41.6707   	0.093764    
 855  	41.7196   	0.203139    
 856  	41.7684   	0.000014    
 857  	41.8173   	-0.124986   
 858  	41.8661   	-0.109361   
 859  	41.9150   	-0.156236   
 860  	41.9638   	-0.015611   
 861  	42.0127   	0.046889    
 862  	42.0616   	-0.062486   
 863  	42.1104   	-0.078111   
 864  	42.1593   	-0.156236   
 865  	42.2081   	0.078139    
 866  	42.2570   	0.015639    
 867  	42.3058   	0.031264    
 868  	42.3547   	-0.015611   
 869  	42.4035   	-0.187486   
 870  	42.4524   	-0.078111   
 871  	42.5012   	-0.249986   
 872  	42.5501   	-0.203111   
 873  	42.5989   	-0.093736   
 874  	42.6478   	-0.093736   
 875  	42.6966   	-0.109361   
 876  	42.7455   	-0.093736   
 877  	42.7943   	0.031264    
 878  	42.8432   	-0.062486   
 879  	42.8920   	0.328139    
 880  	42.9409   	0.281264    
 881  	42.9897   	0.109389    
 882  	43.0386   	0.234389    
 883  	43.0874   	0.140639    
 884  	43.1363   	0.125014    
 885  	43.1851   	-0.249986   
 886  	43.2340   	-0.203111   
 887  	43.2829   	-0.062486   
 888  	43.3317   	-0.140611   
 889  	43.3806   	0.156264    
 890  	43.4294   	-0.124986   
 891  	43.4783   	-0.218736   
 892  	43.5271   	-0.015611   
 893  	43.5760   	0.234389    
 894  	43.6248   	0.250014    
 895  	43.6737   	0.125014    
 896  	43.7225   	-0.187486   
 897  	43.7714   	-0.124986   
 898  	43.8202   	-0.187486   
 899  	43.8691   	-0.187486   
 900  	43.9179   	-0.062486   
 901  	43.9668   	-0.328111   
 902  	44.0156   	0.000014    
 903  	44.0645   	-0.124986   
 904  	44.1133   	0.031264    
 905  	44.1622   	0.093764    
 906  	44.2110   	-0.249986   
 907  	44.2599   	-0.187486   
 908  	44.3087   	0.140639    
 909  	44.3576   	0.093764    
 910  	44.4064   	0.171889    
 911  	44.4553   	0.156264    
 912  	44.5042   	0.000014    
 913  	44.5530   	0.125014    
 914  	44.6019   	0.000014    
 915  	44.6507   	-0.124986   
 916  	44.6996   	-0.234361   
 917  	44.7484   	-0.265611   
 918  	44.7973   	-0.093736   
 919  	44.8461   	-0.203111   
 920  	44.8950   	-0.265611   
 921  	44.9438   	-0.203111   
 922  	44.9927   	0.046889    
 923  	45.0415   	-0.031236   
 924  	45.0904   	0.046889    
 925  	45.1392   	0.015639    
 926  	45.1881   	-0.015611   
 927  	45.2369   	-0.015611   
 928  	45.2858   	-0.015611   
 929  	45.3346   	-0.109361   
 930  	45.3835   	-0.249986   
 931  	45.4323   	-0.249986   
 932  	45.4812   	-0.031236   
 933  	45.5300   	-0.062486   
 934  	45.5789   	-0.015611   
 935  	45.6277   	-0.218736   
 936  	45.6766   	0.015639    
 937  	45.7255   	0.031264    
 938  	45.7743   	0.062514    
 939  	45.8232   	-0.109361   
 940  	45.8720   	-0.296861   
 941  	45.9209   	-0.281236   
 942  	45.9697   	-0.078111   
 943  	46.0186   	-0.203111   
 944  	46.0674   	-0.093736   
 945  	46.1163   	0.046889    
 946  	46.1651   	-0.156236   
 947  	46.2140   	0.062514    
 948  	46.2628   	-0.109361   
 949  	46.3117   	-0.093736   
 950  	46.3605   	-0.218736   
 951  	46.4094   	-0.171861   
 952  	46.4582   	-0.187486   
 953  	46.5071   	-0.265611   
 954  	46.5559   	-0.062486   
 955  	46.6048   	-0.124986   
 956  	46.6536   	0.031264    
 957  	46.7025   	-0.124986   
 958  	46.7513   	-0.031236   
 959  	46.8002   	-0.249986   
 960  	46.8490   	0.046889    
 961  	46.8979   	-0.062486   
 962  	46.9468   	-0.203111   
 963  	46.9956   	-0.156236   
 964  	47.0445   	-0.046861   
 965  	47.0933   	0.078139    
 966  	47.1422   	0.093764    
 967  	47.1910   	-0.109361   
 968  	47.2399   	0.078139    
 969  	47.2887   	-0.062486   
 970  	47.3376   	-0.265611   
 971  	47.3864   	-0.156236   
 972  	47.4353   	-0.078111   
 973  	47.4841   	0.156264    
 974  	47.5330   	0.250014    
 975  	47.5818   	0.015639    
 976  	47.6307   	0.140639    
 977  	47.6795   	0.125014    
 978  	47.7284   	-0.046861   
 979  	47.7772   	-0.124986   
 980  	47.8261   	-0.109361   
 981  	47.8749   	-0.062486   
 982  	47.9238   	-0.203111   
 983  	47.9726   	-0.062486   
 984  	48.0215   	-0.015611   
 985  	48.0703   	-0.171861   
 986  	48.1192   	0.187514    
 987  	48.1681   	-0.171861   
 988  	48.2169   	-0.031236   
 989  	48.2658   	0.046889    
 990  	48.3146   	0.156264    
 991  	48.3635   	-0.015611   
 992  	48.4123   	0.000014    
 993  	48.4612   	0.046889    
 994  	48.5100   	0.062514    
 995  	48.5589   	-0.031236   
 996  	48.6077   	-0.062486   
 997  	48.6566   	-0.109361   
 998  	48.7054   	-0.078111   
 999  	48.7543   	-0.031236   
 1000 	48.8031   	-0.124986   
 1001 	48.8520   	-0.374986   
 1002 	48.9008   	0.203139    
 1003 	48.9497   	-0.218736   
 1004 	48.9985   	0.109389    
 1005 	49.0474   	-0.062486   
 1006 	49.0962   	0.125014    
 1007 	49.1451   	-0.203111   
 1008 	49.1939   	-0.031236   
 1009 	49.2428   	-0.046861   
 1010 	49.2916   	-0.046861   
 1011 	49.3405   	-0.046861   
 1012 	49.3893   	0.109389    
 1013 	49.4382   	0.125014    
 1014 	49.4871   	0.109389    
 1015 	49.5359   	-0.187486   
 1016 	49.5848   	-0.156236   
 1017 	49.6336   	0.218764    
 1018 	49.6825   	-0.156236   
 1019 	49.7313   	-0.124986   
 1020 	49.7802   	-0.062486   
 1021 	49.8290   	-0.078111   
 1022 	49.8779   	-0.093736   
 1023 	49.9267   	-0.093736   
 1024 	49.9756   	-0.124986   
 1025 	50.0244   	-0.187486   
 1026 	50.0733   	-0.062486   
 1027 	50.1221   	-0.015611   
 1028 	50.1710   	-0.124986   
 1029 	50.2198   	-0.203111   
 1030 	50.2687   	0.031264    
 1031 	50.3175   	0.062514    
 1032 	50.3664   	-0.078111   
 1033 	50.4152   	-0.062486   
 1034 	50.4641   	0.093764    
 1035 	50.5129   	-0.171861   
 1036 	50.5618   	0.031264    
 1037 	50.6106   	0.093764    
 1038 	50.6595   	-0.031236   
 1039 	50.7084   	0.015639    
 1040 	50.7572   	0.000014    
 1041 	50.8061   	0.031264    
 1042 	50.8549   	-0.203111   
 1043 	50.9038   	-0.015611   
 1044 	50.9526   	-0.062486   
 1045 	51.0015   	0.078139    
 1046 	51.0503   	0.078139    
 1047 	51.0992   	0.218764    
 1048 	51.1480   	0.078139    
 1049 	51.1969   	0.109389    
 1050 	51.2457   	0.234389    
 1051 	51.2946   	0.203139    
 1052 	51.3434   	0.062514    
 1053 	51.3923   	0.031264    
 1054 	51.4411   	-0.031236   
 1055 	51.4900   	0.093764    
 1056 	51.5388   	-0.078111   
 1057 	51.5877   	-0.062486   
 1058 	51.6365   	-0.062486   
 1059 	51.6854   	-0.156236   
 1060 	51.7342   	-0.296861   
 1061 	51.7831   	-0.140611   
 1062 	51.8319   	0.078139    
 1063 	51.8808   	0.031264    
 1064 	51.9297   	0.062514    
 1065 	51.9785   	0.218764    
 1066 	52.0274   	0.046889    
 1067 	52.0762   	-0.156236   
 1068 	52.1251   	-0.312486   
 1069 	52.1739   	-0.328111   
 1070 	52.2228   	-0.218736   
 1071 	52.2716   	-0.140611   
 1072 	52.3205   	-0.124986   
 1073 	52.3693   	-0.156236   
 1074 	52.4182   	0.140639    
 1075 	52.4670   	0.093764    
 1076 	52.5159   	-0.109361   
 1077 	52.5647   	-0.218736   
 1078 	52.6136   	-0.156236   
 1079 	52.6624   	-0.109361   
 1080 	52.7113   	-0.062486   
 1081 	52.7601   	0.000014    
 1082 	52.8090   	0.234389    
 1083 	52.8578   	0.125014    
 1084 	52.9067   	-0.078111   
 1085 	52.9555   	0.078139    
 1086 	53.0044   	0.093764    
 1087 	53.0532   	-0.234361   
 1088 	53.1021   	-0.124986   
 1089 	53.1510   	-0.015611   
 1090 	53.1998   	-0.031236   
 1091 	53.2487   	0.125014    
 1092 	53.2975   	0.062514    
 1093 	53.3464   	0.000014    
 1094 	53.3952   	0.078139    
 1095 	53.4441   	0.140639    
 1096 	53.4929   	0.031264    
 1097 	53.5418   	-0.078111   
 1098 	53.5906   	-0.046861   
 1099 	53.6395   	-0.187486   
 1100 	53.6883   	-0.124986   
 1101 	53.7372   	-0.015611   
 1102 	53.7860   	0.031264    
 1103 	53.8349   	-0.140611   
 1104 	53.8837   	-0.156236   
 1105 	53.9326   	-0.078111   
 1106 	53.9814   	-0.234361   
 1107 	54.0303   	-0.062486   
 1108 	54.0791   	-0.046861   
 1109 	54.1280   	0.125014    
 1110 	54.1768   	0.156264    
 1111 	54.2257   	-0.109361   
 1112 	54.2745   	-0.156236   
 1113 	54.3234   	-0.015611   
 1114 	54.3723   	-0.093736   
 1115 	54.4211   	-0.156236   
 1116 	54.4700   	-0.140611   
 1117 	54.5188   	-0.031236   
 1118 	54.5677   	-0.031236   
 1119 	54.6165   	-0.234361   
 1120 	54.6654   	-0.359361   
 1121 	54.7142   	-0.140611   
 1122 	54.7631   	0.078139    
 1123 	54.8119   	0.015639    
 1124 	54.8608   	0.156264    
 1125 	54.9096   	0.109389    
 1126 	54.9585   	0.031264    
 1127 	55.0073   	-0.156236   
 1128 	55.0562   	0.109389    
 1129 	55.1050   	0.187514    
 1130 	55.1539   	-0.015611   
 1131 	55.2027   	-0.171861   
 1132 	55.2516   	0.046889    
 1133 	55.3004   	-0.234361   
 1134 	55.3493   	-0.171861   
 1135 	55.3981   	0.000014    
 1136 	55.4470   	-0.124986   
 1137 	55.4958   	0.062514    
 1138 	55.5447   	0.093764    
 1139 	55.5936   	-0.374986   
 1140 	55.6424   	-0.203111   
 1141 	55.6913   	-0.249986   
 1142 	55.7401   	-0.124986   
 1143 	55.7890   	0.046889    
 1144 	55.8378   	-0.031236   
 1145 	55.8867   	-0.140611   
 1146 	55.9355   	-0.109361   
 1147 	55.9844   	-0.124986   
 1148 	56.0332   	-0.109361   
 1149 	56.0821   	0.187514    
 1150 	56.1309   	0.218764    
 1151 	56.1798   	0.109389    
 1152 	56.2286   	0.062514    
 1153 	56.2775   	-0.078111   
 1154 	56.3263   	-0.078111   
 1155 	56.3752   	0.062514    
 1156 	56.4240   	-0.062486   
 1157 	56.4729   	0.031264    
 1158 	56.5217   	0.171889    
 1159 	56.5706   	0.187514    
 1160 	56.6194   	-0.140611   
 1161 	56.6683   	-0.046861   
 1162 	56.7171   	0.093764    
 1163 	56.7660   	0.078139    
 1164 	56.8149   	0.109389    
 1165 	56.8637   	-0.140611   
 1166 	56.9126   	-0.062486   
 1167 	56.9614   	-0.046861   
 1168 	57.0103   	0.171889    
 1169 	57.0591   	-0.078111   
 1170 	57.1080   	0.031264    
 1171 	57.1568   	0.140639    
 1172 	57.2057   	-0.281236   
 1173 	57.2545   	-0.390611   
 1174 	57.3034   	-0.374986   
 1175 	57.3522   	-0.031236   
 1176 	57.4011   	0.109389    
 1177 	57.4499   	0.031264    
 1178 	57.4988   	-0.140611   
 1179 	57.5476   	-0.078111   
 1180 	57.5965   	-0.031236   
 1181 	57.6453   	0.031264    
 1182 	57.6942   	-0.078111   
 1183 	57.7430   	0.109389    
 1184 	57.7919   	-0.046861   
 1185 	57.8407   	0.015639    
 1186 	57.8896   	-0.140611   
 1187 	57.9384   	0.031264    
 1188 	57.9873   	-0.234361   
 1189 	58.0361   	-0.140611   
 1190 	58.0850   	-0.109361   
 1191 	58.1339   	0.062514    
 1192 	58.1827   	0.046889    
 1193 	58.2316   	-0.015611   
 1194 	58.2804   	-0.062486   
 1195 	58.3293   	0.031264    
 1196 	58.3781   	0.031264    
 1197 	58.4270   	0.140639    
 1198 	58.4758   	0.000014    
 1199 	58.5247   	0.109389    
 1200 	58.5735   	0.296889    
 1201 	58.6224   	0.234389    
 1202 	58.6712   	0.171889    
 1203 	58.7201   	-0.015611   
 1204 	58.7689   	0.046889    
 1205 	58.8178   	0.078139    
 1206 	58.8666   	-0.140611   
 1207 	58.9155   	0.125014    
 1208 	58.9643   	-0.281236   
 1209 	59.0132   	-0.062486   
 1210 	59.0620   	0.062514    
 1211 	59.1109   	0.187514    
 1212 	59.1597   	0.046889    
 1213 	59.2086   	-0.234361   
 1214 	59.2574   	-0.124986   
 1215 	59.3063   	-0.234361   
 1216 	59.3552   	-0.062486   
 1217 	59.4040   	0.046889    
 1218 	59.4529   	-0.062486   
 1219 	59.5017   	-0.234361   
 1220 	59.5506   	-0.203111   
 1221 	59.5994   	-0.078111   
 1222 	59.6483   	0.078139    
 1223 	59.6971   	0.000014    
 1224 	59.7460   	-0.171861   
 1225 	59.7948   	-0.265611   
 1226 	59.8437   	-0.078111   
 1227 	59.8925   	-0.109361   
 1228 	59.9414   	0.046889    
 1229 	59.9902   	0.046889    
 1230 	60.0391   	-0.171861   
 1231 	60.0879   	-0.062486   
 1232 	60.1368   	-0.109361   
 1233 	60.1856   	0.109389    
 1234 	60.2345   	0.171889    
 1235 	60.2833   	0.046889    
 1236 	60.3322   	0.125014    
 1237 	60.3810   	0.046889    
 1238 	60.4299   	0.187514    
 1239 	60.4787   	-0.218736   
 1240 	60.5276   	0.109389    
 1241 	60.5765   	-0.140611   
 1242 	60.6253   	-0.171861   
 1243 	60.6742   	-0.328111   
 1244 	60.7230   	-0.078111   
 1245 	60.7719   	0.046889    
 1246 	60.8207   	-0.015611   
 1247 	60.8696   	-0.046861   
 1248 	60.9184   	-0.046861   
 1249 	60.9673   	-0.140611   
 1250 	61.0161   	0.093764    
 1251 	61.0650   	0.140639    
 1252 	61.1138   	-0.062486   
 1253 	61.1627   	-0.124986   
 1254 	61.2115   	0.203139    
 1255 	61.2604   	-0.078111   
 1256 	61.3092   	-0.281236   
 1257 	61.3581   	-0.031236   
 1258 	61.4069   	-0.093736   
 1259 	61.4558   	-0.046861   
 1260 	61.5046   	0.093764    
 1261 	61.5535   	0.187514    
 1262 	61.6023   	-0.156236   
 1263 	61.6512   	-0.062486   
 1264 	61.7000   	-0.078111   
 1265 	61.7489   	0.171889    
 1266 	61.7978   	-0.078111   
 1267 	61.8466   	-0.093736   
 1268 	61.8955   	0.015639    
 1269 	61.9443   	-0.140611   
 1270 	61.9932   	-0.156236   
 1271 	62.0420   	0.187514    
 1272 	62.0909   	-0.218736   
 1273 	62.1397   	0.218764    
 1274 	62.1886   	0.187514    
 1275 	62.2374   	0.093764    
 1276 	62.2863   	0.125014    
 1277 	62.3351   	0.046889    
 1278 	62.3840   	0.343764    
 1279 	62.4328   	0.046889    
 1280 	62.4817   	-0.281236   
 1281 	62.5305   	-0.249986   
 1282 	62.5794   	0.437514    
 1283 	62.6282   	0.031264    
 1284 	62.6771   	-0.109361   
 1285 	62.7259   	-0.218736   
 1286 	62.7748   	-0.046861   
 1287 	62.8236   	0.125014    
 1288 	62.8725   	0.062514    
 1289 	62.9213   	-0.093736   
 1290 	62.9702   	-0.140611   
 1291 	63.0191   	-0.374986   
 1292 	63.0679   	-0.093736   
 1293 	63.1168   	0.250014    
 1294 	63.1656   	0.062514    
 1295 	63.2145   	0.031264    
 1296 	63.2633   	0.328139    
 1297 	63.3122   	0.218764    
 1298 	63.3610   	0.046889    
 1299 	63.4099   	-0.062486   
 1300 	63.4587   	-0.062486   
 1301 	63.5076   	-0.265611   
 1302 	63.5564   	-0.124986   
 1303 	63.6053   	-0.218736   
 1304 	63.6541   	0.109389    
 1305 	63.7030   	0.125014    
 1306 	63.7518   	0.328139    
 1307 	63.8007   	-0.249986   
 1308 	63.8495   	-0.031236   
 1309 	63.8984   	-0.109361   
 1310 	63.9472   	0.140639    
 1311 	63.9961   	-0.062486   
 1312 	64.0449   	-0.140611   
 1313 	64.0938   	0.046889    
 1314 	64.1426   	0.140639    
 1315 	64.1915   	-0.109361   
 1316 	64.2404   	-0.015611   
 1317 	64.2892   	-0.062486   
 1318 	64.3381   	0.015639    
 1319 	64.3869   	-0.093736   
 1320 	64.4358   	0.156264    
 1321 	64.4846   	-0.046861   
 1322 	64.5335   	0.000014    
 1323 	64.5823   	-0.078111   
 1324 	64.6312   	-0.093736   
 1325 	64.6800   	0.046889    
 1326 	64.7289   	-0.015611   
 1327 	64.7777   	0.187514    
 1328 	64.8266   	0.000014    
 1329 	64.8754   	0.015639    
 1330 	64.9243   	-0.093736   
 1331 	64.9731   	-0.187486   
 1332 	65.0220   	-0.062486   
 1333 	65.0708   	0.046889    
 1334 	65.1197   	-0.046861   
 1335 	65.1685   	0.000014    
 1336 	65.2174   	-0.078111   
 1337 	65.2662   	-0.218736   
 1338 	65.3151   	-0.171861   
 1339 	65.3639   	0.031264    
 1340 	65.4128   	0.015639    
 1341 	65.4617   	-0.015611   
 1342 	65.5105   	0.062514    
 1343 	65.5594   	-0.015611   
 1344 	65.6082   	-0.140611   
 1345 	65.6571   	-0.374986   
 1346 	65.7059   	-0.140611   
 1347 	65.7548   	0.171889    
 1348 	65.8036   	0.312514    
 1349 	65.8525   	-0.140611   
 1350 	65.9013   	-0.046861   
 1351 	65.9502   	-0.218736   
 1352 	65.9990   	0.046889    
 1353 	66.0479   	-0.218736   
 1354 	66.0967   	0.140639    
 1355 	66.1456   	0.234389    
 1356 	66.1944   	0.093764    
 1357 	66.2433   	0.031264    
 1358 	66.2921   	-0.140611   
 1359 	66.3410   	-0.062486   
 1360 	66.3898   	-0.093736   
 1361 	66.4387   	-0.109361   
 1362 	66.4875   	0.000014    
 1363 	66.5364   	0.140639    
 1364 	66.5852   	0.109389    
 1365 	66.6341   	-0.234361   
 1366 	66.6830   	-0.187486   
 1367 	66.7318   	0.015639    
 1368 	66.7807   	0.140639    
 1369 	66.8295   	-0.093736   
 1370 	66.8784   	0.140639    
 1371 	66.9272   	0.078139    
 1372 	66.9761   	-0.109361   
 1373 	67.0249   	-0.015611   
 1374 	67.0738   	-0.015611   
 1375 	67.1226   	0.000014    
 1376 	67.1715   	-0.062486   
 1377 	67.2203   	0.109389    
 1378 	67.2692   	0.171889    
 1379 	67.3180   	0.109389    
 1380 	67.3669   	0.000014    
 1381 	67.4157   	0.125014    
 1382 	67.4646   	-0.031236   
 1383 	67.5134   	-0.296861   
 1384 	67.5623   	0.015639    
 1385 	67.6111   	0.093764    
 1386 	67.6600   	0.156264    
 1387 	67.7088   	0.062514    
 1388 	67.7577   	0.125014    
 1389 	67.8065   	0.046889    
 1390 	67.8554   	0.093764    
 1391 	67.9042   	-0.015611   
 1392 	67.9531   	0.046889    
 1393 	68.0020   	-0.031236   
 1394 	68.0508   	0.078139    
 1395 	68.0997   	-0.062486   
 1396 	68.1485   	-0.031236   
 1397 	68.1974   	-0.093736   
 1398 	68.2462   	-0.249986   
 1399 	68.2951   	-0.046861   
 1400 	68.3439   	-0.046861   
 1401 	68.3928   	0.000014    
 1402 	68.4416   	-0.124986   
 1403 	68.4905   	-0.124986   
 1404 	68.5393   	-0.156236   
 1405 	68.5882   	-0.124986   
 1406 	68.6370   	0.078139    
 1407 	68.6859   	0.078139    
 1408 	68.7347   	-0.031236   
 1409 	68.7836   	-0.093736   
 1410 	68.8324   	-0.031236   
 1411 	68.8813   	0.281264    
 1412 	68.9301   	0.046889    
 1413 	68.9790   	0.140639    
 1414 	69.0278   	-0.124986   
 1415 	69.0767   	-0.140611   
 1416 	69.1255   	-0.031236   
 1417 	69.1744   	-0.296861   
 1418 	69.2233   	-0.124986   
 1419 	69.2721   	-0.046861   
 1420 	69.3210   	0.125014    
 1421 	69.3698   	-0.062486   
 1422 	69.4187   	-0.156236   
 1423 	69.4675   	-0.062486   
 1424 	69.5164   	-0.093736   
 1425 	69.5652   	-0.109361   
 1426 	69.6141   	0.187514    
 1427 	69.6629   	0.218764    
 1428 	69.7118   	0.078139    
 1429 	69.7606   	-0.046861   
 1430 	69.8095   	-0.062486   
 1431 	69.8583   	0.046889    
 1432 	69.9072   	0.156264    
 1433 	69.9560   	-0.062486   
 1434 	70.0049   	-0.124986   
 1435 	70.0537   	0.031264    
 1436 	70.1026   	-0.265611   
 1437 	70.1514   	-0.046861   
 1438 	70.2003   	-0.062486   
 1439 	70.2491   	0.062514    
 1440 	70.2980   	-0.031236   
 1441 	70.3468   	-0.062486   
 1442 	70.3957   	0.046889    
 1443 	70.4446   	0.125014    
 1444 	70.4934   	0.250014    
 1445 	70.5423   	0.140639    
 1446 	70.5911   	0.093764    
 1447 	70.6400   	0.328139    
 1448 	70.6888   	0.296889    
 1449 	70.7377   	0.109389    
 1450 	70.7865   	0.187514    
 1451 	70.8354   	0.062514    
 1452 	70.8842   	0.015639    
 1453 	70.9331   	0.046889    
 1454 	70.9819   	0.328139    
 1455 	71.0308   	0.093764    
 1456 	71.0796   	-0.031236   
 1457 	71.1285   	-0.140611   
 1458 	71.1773   	0.171889    
 1459 	71.2262   	0.203139    
 1460 	71.2750   	0.000014    
 1461 	71.3239   	-0.171861   
 1462 	71.3727   	-0.078111   
 1463 	71.4216   	-0.093736   
 1464 	71.4704   	0.109389    
 1465 	71.5193   	0.312514    
 1466 	71.5681   	0.093764    
 1467 	71.6170   	0.125014    
 1468 	71.6659   	-0.156236   
 1469 	71.7147   	-0.093736   
 1470 	71.7636   	-0.046861   
 1471 	71.8124   	-0.093736   
 1472 	71.8613   	-0.109361   
 1473 	71.9101   	-0.109361   
 1474 	71.9590   	-0.187486   
 1475 	72.0078   	0.093764    
 1476 	72.0567   	0.125014    
 1477 	72.1055   	-0.015611   
 1478 	72.1544   	0.109389    
 1479 	72.2032   	0.015639    
 1480 	72.2521   	-0.015611   
 1481 	72.3009   	0.093764    
 1482 	72.3498   	0.062514    
 1483 	72.3986   	-0.218736   
 1484 	72.4475   	-0.390611   
 1485 	72.4963   	-0.046861   
 1486 	72.5452   	-0.015611   
 1487 	72.5940   	-0.390611   
 1488 	72.6429   	0.125014    
 1489 	72.6917   	-0.078111   
 1490 	72.7406   	0.156264    
 1491 	72.7894   	0.031264    
 1492 	72.8383   	0.015639    
 1493 	72.8872   	-0.124986   
 1494 	72.9360   	-0.312486   
 1495 	72.9849   	0.234389    
 1496 	73.0337   	-0.046861   
 1497 	73.0826   	-0.265611   
 1498 	73.1314   	-0.187486   
 1499 	73.1803   	-0.062486   
 1500 	73.2291   	0.125014    
 1501 	73.2780   	-0.249986   
 1502 	73.3268   	0.046889    
 1503 	73.3757   	-0.156236   
 1504 	73.4245   	0.109389    
 1505 	73.4734   	0.265639    
 1506 	73.5222   	0.109389    
 1507 	73.5711   	0.203139    
 1508 	73.6199   	0.000014    
 1509 	73.6688   	-0.171861   
 1510 	73.7176   	-0.109361   
 1511 	73.7665   	0.000014    
 1512 	73.8153   	0.078139    
 1513 	73.8642   	-0.031236   
 1514 	73.9130   	0.046889    
 1515 	73.9619   	-0.046861   
 1516 	74.0107   	0.203139    
 1517 	74.0596   	0.000014    
 1518 	74.1085   	-0.156236   
 1519 	74.1573   	-0.109361   
 1520 	74.2062   	-0.187486   
 1521 	74.2550   	-0.062486   
 1522 	74.3039   	-0.015611   
 1523 	74.3527   	-0.234361   
 1524 	74.4016   	0.031264    
 1525 	74.4504   	0.218764    
 1526 	74.4993   	0.031264    
 1527 	74.5481   	0.125014    
 1528 	74.5970   	0.281264    
 1529 	74.6458   	-0.062486   
 1530 	74.6947   	-0.078111   
 1531 	74.7435   	-0.124986   
 1532 	74.7924   	-0.031236   
 1533 	74.8412   	0.125014    
 1534 	74.8901   	0.109389    
 1535 	74.9389   	0.062514    
 1536 	74.9878   	0.000014    
 1537 	75.0366   	0.015639    
 1538 	75.0855   	-0.031236   
 1539 	75.1343   	-0.312486   
 1540 	75.1832   	-0.078111   
 1541 	75.2320   	-0.140611   
 1542 	75.2809   	-0.015611   
 1543 	75.3298   	-0.249986   
 1544 	75.3786   	-0.312486   
 1545 	75.4275   	-0.187486   
 1546 	75.4763   	0.000014    
 1547 	75.5252   	0.187514    
 1548 	75.5740   	-0.109361   
 1549 	75.6229   	-0.124986   
 1550 	75.6717   	-0.031236   
 1551 	75.7206   	0.109389    
 1552 	75.7694   	-0.093736   
 1553 	75.8183   	0.078139    
 1554 	75.8671   	0.187514    
 1555 	75.9160   	-0.218736   
 1556 	75.9648   	0.062514    
 1557 	76.0137   	0.093764    
 1558 	76.0625   	0.046889    
 1559 	76.1114   	0.140639    
 1560 	76.1602   	0.046889    
 1561 	76.2091   	-0.093736   
 1562 	76.2579   	0.015639    
 1563 	76.3068   	0.234389    
 1564 	76.3556   	0.156264    
 1565 	76.4045   	-0.171861   
 1566 	76.4533   	0.046889    
 1567 	76.5022   	-0.140611   
 1568 	76.5510   	-0.093736   
 1569 	76.5999   	-0.046861   
 1570 	76.6488   	-0.093736   
 1571 	76.6976   	0.093764    
 1572 	76.7465   	0.031264    
 1573 	76.7953   	-0.078111   
 1574 	76.8442   	0.187514    
 1575 	76.8930   	-0.234361   
 1576 	76.9419   	-0.109361   
 1577 	76.9907   	0.031264    
 1578 	77.0396   	0.031264    
 1579 	77.0884   	0.031264    
 1580 	77.1373   	-0.140611   
 1581 	77.1861   	-0.046861   
 1582 	77.2350   	-0.109361   
 1583 	77.2838   	0.031264    
 1584 	77.3327   	0.140639    
 1585 	77.3815   	-0.046861   
 1586 	77.4304   	-0.124986   
 1587 	77.4792   	-0.140611   
 1588 	77.5281   	-0.015611   
 1589 	77.5769   	0.046889    
 1590 	77.6258   	0.171889    
 1591 	77.6746   	-0.124986   
 1592 	77.7235   	-0.156236   
 1593 	77.7723   	0.140639    
 1594 	77.8212   	-0.171861   
 1595 	77.8701   	0.046889    
 1596 	77.9189   	0.265639    
 1597 	77.9678   	0.328139    
 1598 	78.0166   	-0.062486   
 1599 	78.0655   	0.046889    
 1600 	78.1143   	0.078139    
 1601 	78.1632   	-0.187486   
 1602 	78.2120   	-0.124986   
 1603 	78.2609   	-0.171861   
 1604 	78.3097   	-0.031236   
 1605 	78.3586   	0.156264    
 1606 	78.4074   	0.000014    
 1607 	78.4563   	0.046889    
 1608 	78.5051   	-0.156236   
 1609 	78.5540   	-0.218736   
 1610 	78.6028   	-0.281236   
 1611 	78.6517   	-0.421861   
 1612 	78.7005   	-0.031236   
 1613 	78.7494   	-0.218736   
 1614 	78.7982   	0.000014    
 1615 	78.8471   	-0.109361   
 1616 	78.8959   	0.218764    
 1617 	78.9448   	-0.031236   
 1618 	78.9936   	-0.093736   
 1619 	79.0425   	-0.015611   
 1620 	79.0914   	-0.124986   
 1621 	79.1402   	-0.031236   
 1622 	79.1891   	0.062514    
 1623 	79.2379   	0.062514    
 1624 	79.2868   	-0.140611   
 1625 	79.3356   	-0.062486   
 1626 	79.3845   	0.187514    
 1627 	79.4333   	-0.062486   
 1628 	79.4822   	-0.046861   
 1629 	79.5310   	-0.171861   
 1630 	79.5799   	0.125014    
 1631 	79.6287   	-0.046861   
 1632 	79.6776   	0.000014    
 1633 	79.7264   	0.046889    
 1634 	79.7753   	0.062514    
 1635 	79.8241   	-0.187486   
 1636 	79.8730   	-0.124986   
 1637 	79.9218   	-0.046861   
 1638 	79.9707   	-0.031236   
 1639 	80.0195   	-0.109361   
 1640 	80.0684   	-0.109361   
 1641 	80.1172   	-0.093736   
 1642 	80.1661   	0.015639    
 1643 	80.2149   	0.000014    
 1644 	80.2638   	-0.140611   
 1645 	80.3127   	0.015639    
 1646 	80.3615   	0.062514    
 1647 	80.4104   	0.093764    
 1648 	80.4592   	0.156264    
 1649 	80.5081   	0.062514    
 1650 	80.5569   	-0.015611   
 1651 	80.6058   	0.109389    
 1652 	80.6546   	0.093764    
 1653 	80.7035   	-0.093736   
 1654 	80.7523   	-0.031236   
 1655 	80.8012   	-0.203111   
 1656 	80.8500   	-0.234361   
 1657 	80.8989   	0.046889    
 1658 	80.9477   	0.218764    
 1659 	80.9966   	0.078139    
 1660 	81.0454   	0.046889    
 1661 	81.0943   	-0.015611   
 1662 	81.1431   	-0.078111   
 1663 	81.1920   	-0.343736   
 1664 	81.2408   	0.015639    
 1665 	81.2897   	-0.046861   
 1666 	81.3385   	-0.187486   
 1667 	81.3874   	-0.140611   
 1668 	81.4362   	0.000014    
 1669 	81.4851   	0.109389    
 1670 	81.5340   	0.171889    
 1671 	81.5828   	-0.203111   
 1672 	81.6317   	0.093764    
 1673 	81.6805   	-0.093736   
 1674 	81.7294   	0.140639    
 1675 	81.7782   	0.109389    
 1676 	81.8271   	-0.046861   
 1677 	81.8759   	0.093764    
 1678 	81.9248   	0.046889    
 1679 	81.9736   	0.109389    
 1680 	82.0225   	-0.140611   
 1681 	82.0713   	0.078139    
 1682 	82.1202   	0.031264    
 1683 	82.1690   	-0.031236   
 1684 	82.2179   	0.062514    
 1685 	82.2667   	-0.062486   
 1686 	82.3156   	0.109389    
 1687 	82.3644   	0.187514    
 1688 	82.4133   	-0.203111   
 1689 	82.4621   	-0.249986   
 1690 	82.5110   	-0.171861   
 1691 	82.5598   	-0.078111   
 1692 	82.6087   	0.171889    
 1693 	82.6575   	0.078139    
 1694 	82.7064   	-0.015611   
 1695 	82.7553   	-0.093736   
 1696 	82.8041   	-0.156236   
 1697 	82.8530   	0.000014    
 1698 	82.9018   	-0.124986   
 1699 	82.9507   	-0.156236   
 1700 	82.9995   	-0.124986   
 1701 	83.0484   	0.125014    
 1702 	83.0972   	0.171889    
 1703 	83.1461   	-0.093736   
 1704 	83.1949   	0.000014    
 1705 	83.2438   	0.000014    
 1706 	83.2926   	-0.328111   
 1707 	83.3415   	0.015639    
 1708 	83.3903   	0.140639    
 1709 	83.4392   	-0.062486   
 1710 	83.4880   	-0.031236   
 1711 	83.5369   	0.031264    
 1712 	83.5857   	0.312514    
 1713 	83.6346   	0.265639    
 1714 	83.6834   	0.046889    
 1715 	83.7323   	0.062514    
 1716 	83.7811   	-0.093736   
 1717 	83.8300   	0.140639    
 1718 	83.8788   	0.000014    
 1719 	83.9277   	0.046889    
 1720 	83.9766   	0.015639    
 1721 	84.0254   	-0.078111   
 1722 	84.0743   	-0.046861   
 1723 	84.1231   	-0.093736   
 1724 	84.1720   	0.156264    
 1725 	84.2208   	0.203139    
 1726 	84.2697   	0.015639    
 1727 	84.3185   	-0.124986   
 1728 	84.3674   	0.328139    
 1729 	84.4162   	0.062514    
 1730 	84.4651   	-0.046861   
 1731 	84.5139   	-0.124986   
 1732 	84.5628   	-0.109361   
 1733 	84.6116   	0.078139    
 1734 	84.6605   	-0.015611   
 1735 	84.7093   	0.078139    
 1736 	84.7582   	-0.031236   
 1737 	84.8070   	-0.406236   
 1738 	84.8559   	-0.140611   
 1739 	84.9047   	0.171889    
 1740 	84.9536   	-0.140611   
 1741 	85.0024   	0.046889    
 1742 	85.0513   	0.109389    
 1743 	85.1001   	-0.046861   
 1744 	85.1490   	-0.031236   
 1745 	85.1978   	-0.078111   
 1746 	85.2467   	0.234389    
 1747 	85.2956   	0.140639    
 1748 	85.3444   	-0.078111   
 1749 	85.3933   	-0.062486   
 1750 	85.4421   	0.031264    
 1751 	85.4910   	-0.031236   
 1752 	85.5398   	0.015639    
 1753 	85.5887   	-0.171861   
 1754 	85.6375   	0.140639    
 1755 	85.6864   	0.171889    
 1756 	85.7352   	-0.062486   
 1757 	85.7841   	-0.031236   
 1758 	85.8329   	0.140639    
 1759 	85.8818   	0.093764    
 1760 	85.9306   	-0.031236   
 1761 	85.9795   	-0.203111   
 1762 	86.0283   	-0.265611   
 1763 	86.0772   	-0.031236   
 1764 	86.1260   	0.046889    
 1765 	86.1749   	-0.046861   
 1766 	86.2237   	0.078139    
 1767 	86.2726   	0.078139    
 1768 	86.3214   	0.171889    
 1769 	86.3703   	0.015639    
 1770 	86.4191   	-0.078111   
 1771 	86.4680   	-0.390611   
 1772 	86.5169   	-0.203111   
 1773 	86.5657   	-0.187486   
 1774 	86.6146   	0.093764    
 1775 	86.6634   	0.093764    
 1776 	86.7123   	0.000014    
 1777 	86.7611   	0.078139    
 1778 	86.8100   	-0.078111   
 1779 	86.8588   	0.265639    
 1780 	86.9077   	-0.046861   
 1781 	86.9565   	-0.109361   
 1782 	87.0054   	-0.062486   
 1783 	87.0542   	-0.171861   
 1784 	87.1031   	-0.031236   
 1785 	87.1519   	0.250014    
 1786 	87.2008   	0.062514    
 1787 	87.2496   	-0.374986   
 1788 	87.2985   	-0.203111   
 1789 	87.3473   	-0.031236   
 1790 	87.3962   	0.062514    
 1791 	87.4450   	0.375014    
 1792 	87.4939   	0.156264    
 1793 	87.5427   	0.140639    
 1794 	87.5916   	0.171889    
 1795 	87.6404   	0.093764    
 1796 	87.6893   	0.203139    
 1797 	87.7382   	0.031264    
 1798 	87.7870   	0.046889    
 1799 	87.8359   	-0.093736   
 1800 	87.8847   	-0.078111   
 1801 	87.9336   	-0.203111   
 1802 	87.9824   	-0.187486   
 1803 	88.0313   	-0.312486   
 1804 	88.0801   	-0.203111   
 1805 	88.1290   	-0.046861   
 1806 	88.1778   	-0.078111   
 1807 	88.2267   	0.171889    
 1808 	88.2755   	0.078139    
 1809 	88.3244   	-0.062486   
 1810 	88.3732   	0.000014    
 1811 	88.4221   	0.015639    
 1812 	88.4709   	-0.078111   
 1813 	88.5198   	-0.062486   
 1814 	88.5686   	0.156264    
 1815 	88.6175   	0.125014    
 1816 	88.6663   	-0.062486   
 1817 	88.7152   	-0.109361   
 1818 	88.7640   	0.078139    
 1819 	88.8129   	0.140639    
 1820 	88.8617   	0.093764    
 1821 	88.9106   	0.031264    
 1822 	88.9595   	0.156264    
 1823 	89.0083   	0.046889    
 1824 	89.0572   	-0.281236   
 1825 	89.1060   	-0.093736   
 1826 	89.1549   	-0.140611   
 1827 	89.2037   	0.015639    
 1828 	89.2526   	0.171889    
 1829 	89.3014   	0.015639    
 1830 	89.3503   	0.171889    
 1831 	89.3991   	0.000014    
 1832 	89.4480   	-0.062486   
 1833 	89.4968   	-0.046861   
 1834 	89.5457   	0.015639    
 1835 	89.5945   	-0.187486   
 1836 	89.6434   	-0.249986   
 1837 	89.6922   	0.093764    
 1838 	89.7411   	-0.031236   
 1839 	89.7899   	0.046889    
 1840 	89.8388   	-0.046861   
 1841 	89.8876   	-0.249986   
 1842 	89.9365   	-0.296861   
 1843 	89.9853   	0.093764    
 1844 	90.0342   	-0.156236   
 1845 	90.0830   	-0.046861   
 1846 	90.1319   	-0.031236   
 1847 	90.1808   	-0.093736   
 1848 	90.2296   	0.046889    
 1849 	90.2785   	0.140639    
 1850 	90.3273   	0.046889    
 1851 	90.3762   	0.015639    
 1852 	90.4250   	-0.312486   
 1853 	90.4739   	0.078139    
 1854 	90.5227   	-0.109361   
 1855 	90.5716   	0.171889    
 1856 	90.6204   	-0.031236   
 1857 	90.6693   	-0.187486   
 1858 	90.7181   	-0.296861   
 1859 	90.7670   	0.093764    
 1860 	90.8158   	0.093764    
 1861 	90.8647   	0.062514    
 1862 	90.9135   	-0.046861   
 1863 	90.9624   	-0.031236   
 1864 	91.0112   	-0.171861   
 1865 	91.0601   	0.046889    
 1866 	91.1089   	0.125014    
 1867 	91.1578   	-0.062486   
 1868 	91.2066   	-0.046861   
 1869 	91.2555   	0.031264    
 1870 	91.3043   	0.062514    
 1871 	91.3532   	0.031264    
 1872 	91.4021   	-0.109361   
 1873 	91.4509   	-0.015611   
 1874 	91.4998   	-0.015611   
 1875 	91.5486   	0.015639    
 1876 	91.5975   	-0.171861   
 1877 	91.6463   	-0.124986   
 1878 	91.6952   	-0.046861   
 1879 	91.7440   	-0.140611   
 1880 	91.7929   	0.156264    
 1881 	91.8417   	0.015639    
 1882 	91.8906   	-0.109361   
 1883 	91.9394   	-0.046861   
 1884 	91.9883   	-0.093736   
 1885 	92.0371   	0.046889    
 1886 	92.0860   	0.015639    
 1887 	92.1348   	-0.171861   
 1888 	92.1837   	-0.265611   
 1889 	92.2325   	-0.046861   
 1890 	92.2814   	0.125014    
 1891 	92.3302   	-0.015611   
 1892 	92.3791   	-0.015611   
 1893 	92.4279   	0.093764    
 1894 	92.4768   	0.093764    
 1895 	92.5256   	0.046889    
 1896 	92.5745   	0.140639    
 1897 	92.6234   	-0.109361   
 1898 	92.6722   	0.093764    
 1899 	92.7211   	0.046889    
 1900 	92.7699   	-0.156236   
 1901 	92.8188   	-0.015611   
 1902 	92.8676   	-0.046861   
 1903 	92.9165   	-0.281236   
 1904 	92.9653   	-0.171861   
 1905 	93.0142   	-0.171861   
 1906 	93.0630   	0.093764    
 1907 	93.1119   	0.015639    
 1908 	93.1607   	0.140639    
 1909 	93.2096   	-0.031236   
 1910 	93.2584   	-0.156236   
 1911 	93.3073   	0.062514    
 1912 	93.3561   	-0.265611   
 1913 	93.4050   	-0.093736   
 1914 	93.4538   	-0.046861   
 1915 	93.5027   	-0.218736   
 1916 	93.5515   	-0.109361   
 1917 	93.6004   	-0.171861   
 1918 	93.6492   	0.000014    
 1919 	93.6981   	-0.015611   
 1920 	93.7469   	0.093764    
 1921 	93.7958   	0.015639    
 1922 	93.8446   	0.015639    
 1923 	93.8935   	-0.015611   
 1924 	93.9424   	-0.046861   
 1925 	93.9912   	0.156264    
 1926 	94.0401   	-0.265611   
 1927 	94.0889   	-0.031236   
 1928 	94.1378   	-0.109361   
 1929 	94.1866   	0.078139    
 1930 	94.2355   	-0.062486   
 1931 	94.2843   	-0.062486   
 1932 	94.3332   	-0.046861   
 1933 	94.3820   	0.234389    
 1934 	94.4309   	0.109389    
 1935 	94.4797   	0.000014    
 1936 	94.5286   	0.218764    
 1937 	94.5774   	0.328139    
 1938 	94.6263   	0.171889    
 1939 	94.6751   	-0.015611   
 1940 	94.7240   	-0.234361   
 1941 	94.7728   	-0.078111   
 1942 	94.8217   	0.093764    
 1943 	94.8705   	-0.171861   
 1944 	94.9194   	-0.124986   
 1945 	94.9682   	-0.093736   
 1946 	95.0171   	0.015639    
 1947 	95.0659   	0.046889    
 1948 	95.1148   	0.031264    
 1949 	95.1637   	-0.390611   
 1950 	95.2125   	-0.078111   
 1951 	95.2614   	0.046889    
 1952 	95.3102   	0.078139    
 1953 	95.3591   	-0.249986   
 1954 	95.4079   	-0.171861   
 1955 	95.4568   	0.031264    
 1956 	95.5056   	0.031264    
 1957 	95.5545   	-0.031236   
 1958 	95.6033   	0.093764    
 1959 	95.6522   	0.078139    
 1960 	95.7010   	0.328139    
 1961 	95.7499   	0.000014    
 1962 	95.7987   	-0.062486   
 1963 	95.8476   	0.031264    
 1964 	95.8964   	-0.062486   
 1965 	95.9453   	-0.296861   
 1966 	95.9941   	0.093764    
 1967 	96.0430   	-0.328111   
 1968 	96.0918   	-0.062486   
 1969 	96.1407   	-0.124986   
 1970 	96.1895   	-0.265611   
 1971 	96.2384   	-0.218736   
 1972 	96.2872   	-0.046861   
 1973 	96.3361   	0.078139    
 1974 	96.3850   	-0.093736   
 1975 	96.4338   	-0.015611   
 1976 	96.4827   	-0.031236   
 1977 	96.5315   	0.015639    
 1978 	96.5804   	-0.015611   
 1979 	96.6292   	0.078139    
 1980 	96.6781   	0.125014    
 1981 	96.7269   	0.281264    
 1982 	96.7758   	0.062514    
 1983 	96.8246   	-0.015611   
 1984 	96.8735   	0.000014    
 1985 	96.9223   	-0.031236   
 1986 	96.9712   	-0.249986   
 1987 	97.0200   	-0.171861   
 1988 	97.0689   	-0.078111   
 1989 	97.1177   	-0.031236   
 1990 	97.1666   	-0.359361   
 1991 	97.2154   	-0.171861   
 1992 	97.2643   	0.203139    
 1993 	97.3131   	0.000014    
 1994 	97.3620   	-0.124986   
 1995 	97.4108   	-0.187486   
 1996 	97.4597   	0.156264    
 1997 	97.5085   	0.078139    
 1998 	97.5574   	-0.078111   
 1999 	97.6063   	-0.078111   
 2000 	97.6551   	-0.078111   
 2001 	97.7040   	0.296889    
 2002 	97.7528   	-0.109361   
 2003 	97.8017   	-0.109361   
 2004 	97.8505   	-0.062486   
 2005 	97.8994   	-0.218736   
 2006 	97.9482   	0.031264    
 2007 	97.9971   	0.171889    
 2008 	98.0459   	0.125014    
 2009 	98.0948   	-0.031236   
 2010 	98.1436   	-0.265611   
 2011 	98.1925   	-0.156236   
 2012 	98.2413   	0.000014    
 2013 	98.2902   	0.000014    
 2014 	98.3390   	0.078139    
 2015 	98.3879   	0.250014    
 2016 	98.4367   	0.156264    
 2017 	98.4856   	0.000014    
 2018 	98.5344   	0.265639    
 2019 	98.5833   	0.156264    
 2020 	98.6321   	-0.015611   
 2021 	98.6810   	-0.156236   
 2022 	98.7298   	0.046889    
 2023 	98.7787   	0.140639    
 2024 	98.8276   	0.125014    
 2025 	98.8764   	-0.015611   
 2026 	98.9253   	0.171889    
 2027 	98.9741   	0.125014    
 2028 	99.0230   	0.109389    
 2029 	99.0718   	0.093764    
 2030 	99.1207   	0.031264    
 2031 	99.1695   	-0.156236   
 2032 	99.2184   	0.031264    
 2033 	99.2672   	0.187514    
 2034 	99.3161   	0.140639    
 2035 	99.3649   	-0.015611   
 2036 	99.4138   	0.046889    
 2037 	99.4626   	-0.046861   
 2038 	99.5115   	0.093764    
 2039 	99.5603   	0.046889    
 2040 	99.6092   	0.187514    
 2041 	99.6580   	0.296889    
 2042 	99.7069   	0.078139    
 2043 	99.7557   	-0.046861   
 2044 	99.8046   	-0.203111   
 2045 	99.8534   	0.015639    
 2046 	99.9023   	-0.015611   
 2047 	99.9511   	-0.078111   
 2048 	100.0000  	0.093764    

