
      	X(nS)     	Ch1(mV)      


 1    	0.0000    	0.375013    
 2    	0.0489    	0.640638    
 3    	0.0977    	0.765638    
 4    	0.1466    	0.718763    
 5    	0.1954    	0.656263    
 6    	0.2443    	0.500013    
 7    	0.2931    	0.609388    
 8    	0.3420    	0.968763    
 9    	0.3908    	0.656263    
 10   	0.4397    	0.750013    
 11   	0.4885    	0.453138    
 12   	0.5374    	0.781263    
 13   	0.5862    	0.875013    
 14   	0.6351    	0.687513    
 15   	0.6839    	0.640638    
 16   	0.7328    	0.578138    
 17   	0.7816    	0.625013    
 18   	0.8305    	0.593763    
 19   	0.8793    	0.750013    
 20   	0.9282    	0.671888    
 21   	0.9770    	0.750013    
 22   	1.0259    	0.718763    
 23   	1.0747    	0.375013    
 24   	1.1236    	0.515638    
 25   	1.1724    	0.609388    
 26   	1.2213    	0.468763    
 27   	1.2702    	0.625013    
 28   	1.3190    	0.765638    
 29   	1.3679    	0.718763    
 30   	1.4167    	0.562513    
 31   	1.4656    	0.546888    
 32   	1.5144    	0.500013    
 33   	1.5633    	0.312513    
 34   	1.6121    	0.859388    
 35   	1.6610    	0.671888    
 36   	1.7098    	0.718763    
 37   	1.7587    	0.671888    
 38   	1.8075    	0.687513    
 39   	1.8564    	0.500013    
 40   	1.9052    	0.468763    
 41   	1.9541    	0.468763    
 42   	2.0029    	0.437513    
 43   	2.0518    	0.562513    
 44   	2.1006    	0.828138    
 45   	2.1495    	0.843763    
 46   	2.1983    	0.750013    
 47   	2.2472    	0.781263    
 48   	2.2960    	0.687513    
 49   	2.3449    	0.609388    
 50   	2.3937    	0.500013    
 51   	2.4426    	0.562513    
 52   	2.4915    	0.531263    
 53   	2.5403    	0.593763    
 54   	2.5892    	0.765638    
 55   	2.6380    	0.437513    
 56   	2.6869    	0.406263    
 57   	2.7357    	0.375013    
 58   	2.7846    	0.531263    
 59   	2.8334    	0.203138    
 60   	2.8823    	0.625013    
 61   	2.9311    	0.718763    
 62   	2.9800    	0.531263    
 63   	3.0288    	0.750013    
 64   	3.0777    	0.703138    
 65   	3.1265    	0.953138    
 66   	3.1754    	0.609388    
 67   	3.2242    	0.531263    
 68   	3.2731    	0.640638    
 69   	3.3219    	0.437513    
 70   	3.3708    	0.609388    
 71   	3.4196    	0.671888    
 72   	3.4685    	0.796888    
 73   	3.5173    	0.796888    
 74   	3.5662    	0.484388    
 75   	3.6150    	0.562513    
 76   	3.6639    	0.734388    
 77   	3.7128    	0.578138    
 78   	3.7616    	0.453138    
 79   	3.8105    	0.671888    
 80   	3.8593    	0.890638    
 81   	3.9082    	0.859388    
 82   	3.9570    	0.843763    
 83   	4.0059    	0.703138    
 84   	4.0547    	0.703138    
 85   	4.1036    	0.734388    
 86   	4.1524    	0.734388    
 87   	4.2013    	0.593763    
 88   	4.2501    	0.515638    
 89   	4.2990    	0.515638    
 90   	4.3478    	0.406263    
 91   	4.3967    	0.609388    
 92   	4.4455    	0.656263    
 93   	4.4944    	0.812513    
 94   	4.5432    	0.671888    
 95   	4.5921    	0.453138    
 96   	4.6409    	0.750013    
 97   	4.6898    	0.546888    
 98   	4.7386    	0.468763    
 99   	4.7875    	0.343763    
 100  	4.8363    	0.421888    
 101  	4.8852    	0.578138    
 102  	4.9340    	0.578138    
 103  	4.9829    	0.687513    
 104  	5.0318    	0.593763    
 105  	5.0806    	0.531263    
 106  	5.1295    	0.625013    
 107  	5.1783    	0.640638    
 108  	5.2272    	0.656263    
 109  	5.2760    	0.531263    
 110  	5.3249    	0.500013    
 111  	5.3737    	0.578138    
 112  	5.4226    	0.578138    
 113  	5.4714    	0.734388    
 114  	5.5203    	0.671888    
 115  	5.5691    	0.578138    
 116  	5.6180    	0.484388    
 117  	5.6668    	0.531263    
 118  	5.7157    	0.453138    
 119  	5.7645    	0.359388    
 120  	5.8134    	0.343763    
 121  	5.8622    	0.421888    
 122  	5.9111    	0.640638    
 123  	5.9599    	0.640638    
 124  	6.0088    	0.500013    
 125  	6.0576    	0.828138    
 126  	6.1065    	0.765638    
 127  	6.1553    	0.953138    
 128  	6.2042    	0.375013    
 129  	6.2531    	0.640638    
 130  	6.3019    	0.671888    
 131  	6.3508    	0.671888    
 132  	6.3996    	0.734388    
 133  	6.4485    	0.812513    
 134  	6.4973    	0.703138    
 135  	6.5462    	0.750013    
 136  	6.5950    	0.703138    
 137  	6.6439    	0.765638    
 138  	6.6927    	0.875013    
 139  	6.7416    	0.484388    
 140  	6.7904    	0.375013    
 141  	6.8393    	0.359388    
 142  	6.8881    	0.484388    
 143  	6.9370    	0.703138    
 144  	6.9858    	0.406263    
 145  	7.0347    	0.421888    
 146  	7.0835    	0.218763    
 147  	7.1324    	0.359388    
 148  	7.1812    	0.656263    
 149  	7.2301    	0.734388    
 150  	7.2789    	0.750013    
 151  	7.3278    	0.609388    
 152  	7.3766    	0.750013    
 153  	7.4255    	0.562513    
 154  	7.4744    	0.625013    
 155  	7.5232    	0.843763    
 156  	7.5721    	0.656263    
 157  	7.6209    	0.562513    
 158  	7.6698    	0.593763    
 159  	7.7186    	0.234388    
 160  	7.7675    	0.546888    
 161  	7.8163    	0.531263    
 162  	7.8652    	0.531263    
 163  	7.9140    	0.531263    
 164  	7.9629    	0.593763    
 165  	8.0117    	0.609388    
 166  	8.0606    	0.656263    
 167  	8.1094    	0.765638    
 168  	8.1583    	0.781263    
 169  	8.2071    	0.453138    
 170  	8.2560    	0.296888    
 171  	8.3048    	0.265638    
 172  	8.3537    	0.359388    
 173  	8.4025    	0.656263    
 174  	8.4514    	0.828138    
 175  	8.5002    	0.500013    
 176  	8.5491    	0.593763    
 177  	8.5979    	0.609388    
 178  	8.6468    	0.703138    
 179  	8.6957    	0.765638    
 180  	8.7445    	0.671888    
 181  	8.7934    	0.625013    
 182  	8.8422    	0.546888    
 183  	8.8911    	0.734388    
 184  	8.9399    	0.843763    
 185  	8.9888    	0.500013    
 186  	9.0376    	0.593763    
 187  	9.0865    	0.593763    
 188  	9.1353    	0.531263    
 189  	9.1842    	0.750013    
 190  	9.2330    	0.875013    
 191  	9.2819    	0.609388    
 192  	9.3307    	0.484388    
 193  	9.3796    	0.687513    
 194  	9.4284    	0.453138    
 195  	9.4773    	0.484388    
 196  	9.5261    	0.562513    
 197  	9.5750    	0.562513    
 198  	9.6238    	0.671888    
 199  	9.6727    	0.609388    
 200  	9.7215    	0.781263    
 201  	9.7704    	0.640638    
 202  	9.8192    	0.468763    
 203  	9.8681    	0.500013    
 204  	9.9170    	0.484388    
 205  	9.9658    	0.765638    
 206  	10.0147   	0.625013    
 207  	10.0635   	0.609388    
 208  	10.1124   	0.953138    
 209  	10.1612   	0.796888    
 210  	10.2101   	0.718763    
 211  	10.2589   	0.468763    
 212  	10.3078   	0.484388    
 213  	10.3566   	0.640638    
 214  	10.4055   	0.671888    
 215  	10.4543   	0.500013    
 216  	10.5032   	0.312513    
 217  	10.5520   	0.500013    
 218  	10.6009   	0.453138    
 219  	10.6497   	0.437513    
 220  	10.6986   	0.359388    
 221  	10.7474   	0.406263    
 222  	10.7963   	0.578138    
 223  	10.8451   	0.859388    
 224  	10.8940   	0.718763    
 225  	10.9428   	0.546888    
 226  	10.9917   	0.578138    
 227  	11.0405   	0.531263    
 228  	11.0894   	0.640638    
 229  	11.1383   	0.781263    
 230  	11.1871   	0.625013    
 231  	11.2360   	0.421888    
 232  	11.2848   	0.671888    
 233  	11.3337   	0.562513    
 234  	11.3825   	0.640638    
 235  	11.4314   	0.562513    
 236  	11.4802   	0.703138    
 237  	11.5291   	0.828138    
 238  	11.5779   	0.625013    
 239  	11.6268   	0.453138    
 240  	11.6756   	0.828138    
 241  	11.7245   	0.515638    
 242  	11.7733   	0.765638    
 243  	11.8222   	0.546888    
 244  	11.8710   	0.437513    
 245  	11.9199   	0.515638    
 246  	11.9687   	0.390638    
 247  	12.0176   	0.593763    
 248  	12.0664   	0.453138    
 249  	12.1153   	0.625013    
 250  	12.1641   	0.578138    
 251  	12.2130   	0.500013    
 252  	12.2618   	0.328138    
 253  	12.3107   	0.546888    
 254  	12.3596   	0.625013    
 255  	12.4084   	0.796888    
 256  	12.4573   	0.750013    
 257  	12.5061   	0.500013    
 258  	12.5550   	0.812513    
 259  	12.6038   	0.718763    
 260  	12.6527   	0.703138    
 261  	12.7015   	0.718763    
 262  	12.7504   	0.546888    
 263  	12.7992   	0.484388    
 264  	12.8481   	0.453138    
 265  	12.8969   	0.468763    
 266  	12.9458   	0.609388    
 267  	12.9946   	0.515638    
 268  	13.0435   	0.656263    
 269  	13.0923   	0.656263    
 270  	13.1412   	0.562513    
 271  	13.1900   	0.484388    
 272  	13.2389   	0.640638    
 273  	13.2877   	0.484388    
 274  	13.3366   	0.562513    
 275  	13.3854   	0.437513    
 276  	13.4343   	0.390638    
 277  	13.4831   	0.359388    
 278  	13.5320   	0.593763    
 279  	13.5808   	0.640638    
 280  	13.6297   	0.515638    
 281  	13.6786   	0.562513    
 282  	13.7274   	0.671888    
 283  	13.7763   	0.625013    
 284  	13.8251   	0.578138    
 285  	13.8740   	0.515638    
 286  	13.9228   	0.609388    
 287  	13.9717   	0.640638    
 288  	14.0205   	0.546888    
 289  	14.0694   	0.406263    
 290  	14.1182   	0.437513    
 291  	14.1671   	0.468763    
 292  	14.2159   	0.484388    
 293  	14.2648   	0.593763    
 294  	14.3136   	0.562513    
 295  	14.3625   	0.500013    
 296  	14.4113   	0.671888    
 297  	14.4602   	0.781263    
 298  	14.5090   	0.640638    
 299  	14.5579   	0.765638    
 300  	14.6067   	0.796888    
 301  	14.6556   	0.562513    
 302  	14.7044   	0.578138    
 303  	14.7533   	0.234388    
 304  	14.8021   	0.328138    
 305  	14.8510   	0.406263    
 306  	14.8999   	0.546888    
 307  	14.9487   	0.359388    
 308  	14.9976   	0.531263    
 309  	15.0464   	0.765638    
 310  	15.0953   	0.437513    
 311  	15.1441   	0.593763    
 312  	15.1930   	0.796888    
 313  	15.2418   	0.937513    
 314  	15.2907   	0.796888    
 315  	15.3395   	0.687513    
 316  	15.3884   	0.734388    
 317  	15.4372   	0.640638    
 318  	15.4861   	0.546888    
 319  	15.5349   	0.359388    
 320  	15.5838   	0.578138    
 321  	15.6326   	0.703138    
 322  	15.6815   	0.781263    
 323  	15.7303   	0.687513    
 324  	15.7792   	0.515638    
 325  	15.8280   	0.406263    
 326  	15.8769   	0.640638    
 327  	15.9257   	0.734388    
 328  	15.9746   	0.656263    
 329  	16.0234   	0.781263    
 330  	16.0723   	0.593763    
 331  	16.1212   	0.609388    
 332  	16.1700   	0.359388    
 333  	16.2189   	0.468763    
 334  	16.2677   	0.703138    
 335  	16.3166   	0.593763    
 336  	16.3654   	0.546888    
 337  	16.4143   	0.578138    
 338  	16.4631   	0.515638    
 339  	16.5120   	0.531263    
 340  	16.5608   	0.765638    
 341  	16.6097   	0.609388    
 342  	16.6585   	0.828138    
 343  	16.7074   	0.687513    
 344  	16.7562   	0.515638    
 345  	16.8051   	0.375013    
 346  	16.8539   	0.421888    
 347  	16.9028   	0.687513    
 348  	16.9516   	0.500013    
 349  	17.0005   	0.609388    
 350  	17.0493   	0.578138    
 351  	17.0982   	0.468763    
 352  	17.1470   	0.406263    
 353  	17.1959   	0.609388    
 354  	17.2447   	0.453138    
 355  	17.2936   	0.609388    
 356  	17.3425   	0.453138    
 357  	17.3913   	0.562513    
 358  	17.4402   	0.640638    
 359  	17.4890   	0.375013    
 360  	17.5379   	0.562513    
 361  	17.5867   	0.609388    
 362  	17.6356   	0.687513    
 363  	17.6844   	0.531263    
 364  	17.7333   	0.609388    
 365  	17.7821   	0.562513    
 366  	17.8310   	0.750013    
 367  	17.8798   	0.859388    
 368  	17.9287   	0.656263    
 369  	17.9775   	0.625013    
 370  	18.0264   	0.421888    
 371  	18.0752   	0.171888    
 372  	18.1241   	0.343763    
 373  	18.1729   	0.625013    
 374  	18.2218   	0.453138    
 375  	18.2706   	0.687513    
 376  	18.3195   	0.484388    
 377  	18.3683   	-1.078173   
 378  	18.4172   	-1.750048   
 379  	18.4660   	2.968885    
 380  	18.5149   	13.750380   
 381  	18.5638   	10.265882   
 382  	18.6126   	-18.125475  
 383  	18.6615   	-33.797779  
 384  	18.7103   	1.343763    
 385  	18.7592   	34.813488   
 386  	18.8080   	25.860119   
 387  	18.8569   	-2.390673   
 388  	18.9057   	-10.828417  
 389  	18.9546   	-21.734972  
 390  	19.0034   	-15.562913  
 391  	19.0523   	7.484632    
 392  	19.1011   	13.375380   
 393  	19.1500   	7.094007    
 394  	19.1988   	8.469007    
 395  	19.2477   	3.812635    
 396  	19.2965   	-3.218859   
 397  	19.3454   	-6.750170   
 398  	19.3942   	-9.156481   
 399  	19.4431   	-3.312608   
 400  	19.4919   	3.593885    
 401  	19.5408   	5.672010    
 402  	19.5896   	5.265760    
 403  	19.6385   	5.515760    
 404  	19.6873   	6.218885    
 405  	19.7362   	-7.656480   
 406  	19.7851   	-3.046922   
 407  	19.8339   	-1.765673   
 408  	19.8828   	-5.875170   
 409  	19.9316   	0.500013    
 410  	19.9805   	7.000257    
 411  	20.0293   	9.531507    
 412  	20.0782   	-3.796984   
 413  	20.1270   	-1.250048   
 414  	20.1759   	-0.671862   
 415  	20.2247   	-2.828172   
 416  	20.2736   	-2.421923   
 417  	20.3224   	2.625135    
 418  	20.3713   	1.406263    
 419  	20.4201   	6.375135    
 420  	20.4690   	3.406385    
 421  	20.5178   	-1.046923   
 422  	20.5667   	-2.781298   
 423  	20.6155   	3.484510    
 424  	20.6644   	-1.609423   
 425  	20.7132   	-3.468859   
 426  	20.7621   	0.187513    
 427  	20.8109   	3.437635    
 428  	20.8598   	1.968763    
 429  	20.9086   	3.109510    
 430  	20.9575   	0.203138    
 431  	21.0064   	0.578138    
 432  	21.0552   	-1.390673   
 433  	21.1041   	-0.671862   
 434  	21.1529   	0.406263    
 435  	21.2018   	-2.593798   
 436  	21.2506   	1.218763    
 437  	21.2995   	4.718885    
 438  	21.3483   	0.984388    
 439  	21.3972   	0.796888    
 440  	21.4460   	0.468763    
 441  	21.4949   	0.578138    
 442  	21.5437   	-0.593737   
 443  	21.5926   	0.015638    
 444  	21.6414   	-0.687487   
 445  	21.6903   	1.437513    
 446  	21.7391   	3.000135    
 447  	21.7880   	2.187513    
 448  	21.8368   	0.390638    
 449  	21.8857   	1.859388    
 450  	21.9345   	-0.593737   
 451  	21.9834   	-1.453173   
 452  	22.0322   	1.375013    
 453  	22.0811   	-1.000048   
 454  	22.1299   	-0.265612   
 455  	22.1788   	0.921888    
 456  	22.2277   	2.703260    
 457  	22.2765   	1.750013    
 458  	22.3254   	0.062513    
 459  	22.3742   	-1.312548   
 460  	22.4231   	1.546888    
 461  	22.4719   	0.765638    
 462  	22.5208   	0.046888    
 463  	22.5696   	-1.218798   
 464  	22.6185   	1.421888    
 465  	22.6673   	2.640760    
 466  	22.7162   	2.562635    
 467  	22.7650   	-1.828173   
 468  	22.8139   	0.000013    
 469  	22.8627   	2.578260    
 470  	22.9116   	-0.328112   
 471  	22.9604   	-1.406298   
 472  	23.0093   	0.546888    
 473  	23.0581   	1.531263    
 474  	23.1070   	1.671888    
 475  	23.1558   	1.031263    
 476  	23.2047   	-0.515612   
 477  	23.2535   	1.875013    
 478  	23.3024   	-0.671862   
 479  	23.3512   	0.828138    
 480  	23.4001   	0.328138    
 481  	23.4489   	-0.953173   
 482  	23.4978   	1.218763    
 483  	23.5467   	1.593763    
 484  	23.5955   	-0.140612   
 485  	23.6444   	1.312513    
 486  	23.6932   	1.421888    
 487  	23.7421   	-0.656237   
 488  	23.7909   	0.781263    
 489  	23.8398   	-0.031237   
 490  	23.8886   	1.671888    
 491  	23.9375   	0.281263    
 492  	23.9863   	0.625013    
 493  	24.0352   	0.359388    
 494  	24.0840   	-0.187487   
 495  	24.1329   	-0.390612   
 496  	24.1817   	1.765638    
 497  	24.2306   	1.437513    
 498  	24.2794   	-1.796923   
 499  	24.3283   	0.421888    
 500  	24.3771   	2.265638    
 501  	24.4260   	1.078138    
 502  	24.4748   	0.156263    
 503  	24.5237   	-0.671862   
 504  	24.5725   	1.546888    
 505  	24.6214   	2.453138    
 506  	24.6702   	-0.390612   
 507  	24.7191   	-0.374987   
 508  	24.7680   	0.859388    
 509  	24.8168   	2.000013    
 510  	24.8657   	0.453138    
 511  	24.9145   	-0.640612   
 512  	24.9634   	0.375013    
 513  	25.0122   	2.171888    
 514  	25.0611   	-0.031237   
 515  	25.1099   	-0.781237   
 516  	25.1588   	1.203138    
 517  	25.2076   	2.312513    
 518  	25.2565   	-0.281237   
 519  	25.3053   	0.031263    
 520  	25.3542   	1.250013    
 521  	25.4030   	1.125013    
 522  	25.4519   	-0.374987   
 523  	25.5007   	0.031263    
 524  	25.5496   	1.546888    
 525  	25.5984   	0.281263    
 526  	25.6473   	0.531263    
 527  	25.6961   	1.078138    
 528  	25.7450   	0.734388    
 529  	25.7938   	1.234388    
 530  	25.8427   	0.312513    
 531  	25.8915   	-0.187487   
 532  	25.9404   	0.468763    
 533  	25.9893   	0.765638    
 534  	26.0381   	0.500013    
 535  	26.0870   	0.218763    
 536  	26.1358   	0.406263    
 537  	26.1847   	1.687513    
 538  	26.2335   	1.453138    
 539  	26.2824   	-0.390612   
 540  	26.3312   	0.640638    
 541  	26.3801   	1.187513    
 542  	26.4289   	1.390638    
 543  	26.4778   	-0.078112   
 544  	26.5266   	0.750013    
 545  	26.5755   	0.515638    
 546  	26.6243   	1.656263    
 547  	26.6732   	0.140638    
 548  	26.7220   	-0.546862   
 549  	26.7709   	0.765638    
 550  	26.8197   	1.359388    
 551  	26.8686   	0.125013    
 552  	26.9174   	-0.390612   
 553  	26.9663   	0.859388    
 554  	27.0151   	1.125013    
 555  	27.0640   	0.906263    
 556  	27.1128   	0.203138    
 557  	27.1617   	0.359388    
 558  	27.2106   	1.140638    
 559  	27.2594   	0.843763    
 560  	27.3083   	-0.484362   
 561  	27.3571   	0.968763    
 562  	27.4060   	0.578138    
 563  	27.4548   	0.906263    
 564  	27.5037   	-0.093737   
 565  	27.5525   	0.640638    
 566  	27.6014   	1.750013    
 567  	27.6502   	0.031263    
 568  	27.6991   	-0.437487   
 569  	27.7479   	2.343763    
 570  	27.7968   	1.031263    
 571  	27.8456   	-0.624987   
 572  	27.8945   	0.953138    
 573  	27.9433   	1.062513    
 574  	27.9922   	1.343763    
 575  	28.0410   	0.046888    
 576  	28.0899   	1.687513    
 577  	28.1387   	0.890638    
 578  	28.1876   	0.093763    
 579  	28.2364   	0.531263    
 580  	28.2853   	0.125013    
 581  	28.3341   	1.218763    
 582  	28.3830   	0.937513    
 583  	28.4319   	-0.593737   
 584  	28.4807   	0.765638    
 585  	28.5296   	1.250013    
 586  	28.5784   	-0.249987   
 587  	28.6273   	1.250013    
 588  	28.6761   	0.609388    
 589  	28.7250   	-0.328112   
 590  	28.7738   	2.140638    
 591  	28.8227   	0.718763    
 592  	28.8715   	-0.140612   
 593  	28.9204   	0.984388    
 594  	28.9692   	0.140638    
 595  	29.0181   	0.765638    
 596  	29.0669   	0.640638    
 597  	29.1158   	-0.421862   
 598  	29.1646   	0.484388    
 599  	29.2135   	0.875013    
 600  	29.2623   	0.125013    
 601  	29.3112   	1.140638    
 602  	29.3600   	-0.046862   
 603  	29.4089   	0.296888    
 604  	29.4577   	1.453138    
 605  	29.5066   	0.296888    
 606  	29.5554   	0.046888    
 607  	29.6043   	0.687513    
 608  	29.6532   	0.156263    
 609  	29.7020   	1.312513    
 610  	29.7509   	1.593763    
 611  	29.7997   	-0.468737   
 612  	29.8486   	0.171888    
 613  	29.8974   	1.968763    
 614  	29.9463   	0.890638    
 615  	29.9951   	-0.203112   
 616  	30.0440   	0.203138    
 617  	30.0928   	1.187513    
 618  	30.1417   	0.718763    
 619  	30.1905   	-0.312487   
 620  	30.2394   	0.546888    
 621  	30.2882   	0.656263    
 622  	30.3371   	0.390638    
 623  	30.3859   	0.968763    
 624  	30.4348   	0.828138    
 625  	30.4836   	-0.109362   
 626  	30.5325   	1.015638    
 627  	30.5813   	0.906263    
 628  	30.6302   	1.000013    
 629  	30.6790   	0.828138    
 630  	30.7279   	0.218763    
 631  	30.7767   	0.593763    
 632  	30.8256   	1.062513    
 633  	30.8745   	0.406263    
 634  	30.9233   	0.093763    
 635  	30.9722   	0.140638    
 636  	31.0210   	1.062513    
 637  	31.0699   	1.031263    
 638  	31.1187   	0.312513    
 639  	31.1676   	0.046888    
 640  	31.2164   	1.031263    
 641  	31.2653   	0.968763    
 642  	31.3141   	0.203138    
 643  	31.3630   	0.421888    
 644  	31.4118   	0.312513    
 645  	31.4607   	0.984388    
 646  	31.5095   	0.937513    
 647  	31.5584   	0.296888    
 648  	31.6072   	0.203138    
 649  	31.6561   	1.156263    
 650  	31.7049   	0.625013    
 651  	31.7538   	0.906263    
 652  	31.8026   	1.140638    
 653  	31.8515   	0.125013    
 654  	31.9003   	0.093763    
 655  	31.9492   	0.921888    
 656  	31.9980   	0.796888    
 657  	32.0469   	0.953138    
 658  	32.0957   	1.515638    
 659  	32.1446   	0.796888    
 660  	32.1935   	0.125013    
 661  	32.2423   	0.281263    
 662  	32.2912   	1.093763    
 663  	32.3400   	0.515638    
 664  	32.3889   	0.640638    
 665  	32.4377   	0.171888    
 666  	32.4866   	-0.124987   
 667  	32.5354   	1.046888    
 668  	32.5843   	1.062513    
 669  	32.6331   	0.125013    
 670  	32.6820   	0.156263    
 671  	32.7308   	0.937513    
 672  	32.7797   	1.203138    
 673  	32.8285   	1.046888    
 674  	32.8774   	0.109388    
 675  	32.9262   	0.531263    
 676  	32.9751   	1.187513    
 677  	33.0239   	0.687513    
 678  	33.0728   	0.656263    
 679  	33.1216   	0.296888    
 680  	33.1705   	0.875013    
 681  	33.2193   	0.875013    
 682  	33.2682   	0.468763    
 683  	33.3170   	0.343763    
 684  	33.3659   	0.593763    
 685  	33.4148   	0.531263    
 686  	33.4636   	0.468763    
 687  	33.5125   	0.390638    
 688  	33.5613   	0.421888    
 689  	33.6102   	0.343763    
 690  	33.6590   	0.859388    
 691  	33.7079   	0.968763    
 692  	33.7567   	1.218763    
 693  	33.8056   	0.718763    
 694  	33.8544   	0.062513    
 695  	33.9033   	1.359388    
 696  	33.9521   	0.984388    
 697  	34.0010   	0.187513    
 698  	34.0498   	-0.062487   
 699  	34.0987   	0.765638    
 700  	34.1475   	1.140638    
 701  	34.1964   	0.281263    
 702  	34.2452   	0.015638    
 703  	34.2941   	0.593763    
 704  	34.3429   	1.187513    
 705  	34.3918   	0.671888    
 706  	34.4406   	-0.093737   
 707  	34.4895   	0.625013    
 708  	34.5383   	0.765638    
 709  	34.5872   	0.156263    
 710  	34.6361   	0.734388    
 711  	34.6849   	0.578138    
 712  	34.7338   	0.046888    
 713  	34.7826   	0.984388    
 714  	34.8315   	1.250013    
 715  	34.8803   	0.250013    
 716  	34.9292   	0.750013    
 717  	34.9780   	0.343763    
 718  	35.0269   	0.687513    
 719  	35.0757   	0.671888    
 720  	35.1246   	0.406263    
 721  	35.1734   	0.468763    
 722  	35.2223   	1.046888    
 723  	35.2711   	0.453138    
 724  	35.3200   	0.890638    
 725  	35.3688   	0.671888    
 726  	35.4177   	-0.062487   
 727  	35.4665   	0.718763    
 728  	35.5154   	1.000013    
 729  	35.5642   	0.562513    
 730  	35.6131   	0.078138    
 731  	35.6619   	0.421888    
 732  	35.7108   	0.578138    
 733  	35.7596   	0.687513    
 734  	35.8085   	0.671888    
 735  	35.8574   	0.671888    
 736  	35.9062   	0.734388    
 737  	35.9551   	1.000013    
 738  	36.0039   	0.125013    
 739  	36.0528   	0.750013    
 740  	36.1016   	0.796888    
 741  	36.1505   	0.187513    
 742  	36.1993   	0.375013    
 743  	36.2482   	0.515638    
 744  	36.2970   	0.781263    
 745  	36.3459   	0.093763    
 746  	36.3947   	0.140638    
 747  	36.4436   	1.203138    
 748  	36.4924   	0.593763    
 749  	36.5413   	0.531263    
 750  	36.5901   	1.125013    
 751  	36.6390   	0.671888    
 752  	36.6878   	0.687513    
 753  	36.7367   	0.609388    
 754  	36.7855   	0.671888    
 755  	36.8344   	1.062513    
 756  	36.8832   	0.406263    
 757  	36.9321   	0.468763    
 758  	36.9809   	1.234388    
 759  	37.0298   	0.484388    
 760  	37.0787   	0.312513    
 761  	37.1275   	0.328138    
 762  	37.1764   	0.500013    
 763  	37.2252   	0.312513    
 764  	37.2741   	0.359388    
 765  	37.3229   	0.562513    
 766  	37.3718   	0.359388    
 767  	37.4206   	0.859388    
 768  	37.4695   	0.781263    
 769  	37.5183   	0.640638    
 770  	37.5672   	0.531263    
 771  	37.6160   	0.578138    
 772  	37.6649   	0.796888    
 773  	37.7137   	0.390638    
 774  	37.7626   	0.859388    
 775  	37.8114   	0.921888    
 776  	37.8603   	0.468763    
 777  	37.9091   	0.593763    
 778  	37.9580   	0.406263    
 779  	38.0068   	0.453138    
 780  	38.0557   	1.218763    
 781  	38.1045   	0.515638    
 782  	38.1534   	0.000013    
 783  	38.2022   	0.703138    
 784  	38.2511   	0.843763    
 785  	38.3000   	0.578138    
 786  	38.3488   	0.593763    
 787  	38.3977   	0.843763    
 788  	38.4465   	0.500013    
 789  	38.4954   	0.531263    
 790  	38.5442   	0.640638    
 791  	38.5931   	0.750013    
 792  	38.6419   	0.765638    
 793  	38.6908   	1.218763    
 794  	38.7396   	0.609388    
 795  	38.7885   	0.312513    
 796  	38.8373   	0.500013    
 797  	38.8862   	1.015638    
 798  	38.9350   	0.328138    
 799  	38.9839   	0.359388    
 800  	39.0327   	1.109388    
 801  	39.0816   	0.078138    
 802  	39.1304   	0.250013    
 803  	39.1793   	1.156263    
 804  	39.2281   	0.609388    
 805  	39.2770   	0.765638    
 806  	39.3258   	0.531263    
 807  	39.3747   	0.828138    
 808  	39.4235   	0.984388    
 809  	39.4724   	0.015638    
 810  	39.5213   	0.593763    
 811  	39.5701   	0.953138    
 812  	39.6190   	0.296888    
 813  	39.6678   	0.468763    
 814  	39.7167   	0.640638    
 815  	39.7655   	0.000013    
 816  	39.8144   	0.859388    
 817  	39.8632   	0.687513    
 818  	39.9121   	0.453138    
 819  	39.9609   	0.625013    
 820  	40.0098   	0.781263    
 821  	40.0586   	0.703138    
 822  	40.1075   	0.703138    
 823  	40.1563   	0.468763    
 824  	40.2052   	0.718763    
 825  	40.2540   	0.640638    
 826  	40.3029   	0.859388    
 827  	40.3517   	0.453138    
 828  	40.4006   	0.343763    
 829  	40.4494   	0.812513    
 830  	40.4983   	0.671888    
 831  	40.5471   	0.609388    
 832  	40.5960   	0.406263    
 833  	40.6448   	0.765638    
 834  	40.6937   	0.734388    
 835  	40.7425   	0.859388    
 836  	40.7914   	0.046888    
 837  	40.8403   	1.062513    
 838  	40.8891   	1.000013    
 839  	40.9380   	0.406263    
 840  	40.9868   	0.718763    
 841  	41.0357   	0.828138    
 842  	41.0845   	0.234388    
 843  	41.1334   	0.859388    
 844  	41.1822   	0.468763    
 845  	41.2311   	0.671888    
 846  	41.2799   	0.343763    
 847  	41.3288   	1.000013    
 848  	41.3776   	0.656263    
 849  	41.4265   	0.734388    
 850  	41.4753   	-0.046862   
 851  	41.5242   	0.562513    
 852  	41.5730   	1.093763    
 853  	41.6219   	0.250013    
 854  	41.6707   	0.843763    
 855  	41.7196   	0.875013    
 856  	41.7684   	0.281263    
 857  	41.8173   	1.187513    
 858  	41.8661   	1.171888    
 859  	41.9150   	0.343763    
 860  	41.9638   	0.781263    
 861  	42.0127   	0.531263    
 862  	42.0616   	0.468763    
 863  	42.1104   	0.750013    
 864  	42.1593   	0.281263    
 865  	42.2081   	0.593763    
 866  	42.2570   	0.468763    
 867  	42.3058   	0.968763    
 868  	42.3547   	0.484388    
 869  	42.4035   	0.734388    
 870  	42.4524   	0.765638    
 871  	42.5012   	1.125013    
 872  	42.5501   	1.250013    
 873  	42.5989   	0.500013    
 874  	42.6478   	0.468763    
 875  	42.6966   	1.078138    
 876  	42.7455   	0.968763    
 877  	42.7943   	0.328138    
 878  	42.8432   	0.296888    
 879  	42.8920   	0.921888    
 880  	42.9409   	0.640638    
 881  	42.9897   	0.875013    
 882  	43.0386   	0.468763    
 883  	43.0874   	0.671888    
 884  	43.1363   	0.515638    
 885  	43.1851   	0.750013    
 886  	43.2340   	0.625013    
 887  	43.2829   	0.656263    
 888  	43.3317   	0.000013    
 889  	43.3806   	0.593763    
 890  	43.4294   	1.328138    
 891  	43.4783   	0.578138    
 892  	43.5271   	0.281263    
 893  	43.5760   	0.296888    
 894  	43.6248   	0.703138    
 895  	43.6737   	0.734388    
 896  	43.7225   	0.125013    
 897  	43.7714   	0.796888    
 898  	43.8202   	0.625013    
 899  	43.8691   	0.687513    
 900  	43.9179   	0.781263    
 901  	43.9668   	0.671888    
 902  	44.0156   	0.843763    
 903  	44.0645   	0.593763    
 904  	44.1133   	0.359388    
 905  	44.1622   	0.281263    
 906  	44.2110   	0.984388    
 907  	44.2599   	0.718763    
 908  	44.3087   	0.468763    
 909  	44.3576   	0.484388    
 910  	44.4064   	0.546888    
 911  	44.4553   	0.453138    
 912  	44.5042   	0.546888    
 913  	44.5530   	0.625013    
 914  	44.6019   	0.359388    
 915  	44.6507   	0.671888    
 916  	44.6996   	0.968763    
 917  	44.7484   	0.562513    
 918  	44.7973   	0.343763    
 919  	44.8461   	0.796888    
 920  	44.8950   	0.718763    
 921  	44.9438   	0.593763    
 922  	44.9927   	0.484388    
 923  	45.0415   	0.265638    
 924  	45.0904   	0.515638    
 925  	45.1392   	0.890638    
 926  	45.1881   	0.781263    
 927  	45.2369   	0.812513    
 928  	45.2858   	0.375013    
 929  	45.3346   	0.296888    
 930  	45.3835   	1.125013    
 931  	45.4323   	0.734388    
 932  	45.4812   	0.437513    
 933  	45.5300   	0.437513    
 934  	45.5789   	0.843763    
 935  	45.6277   	0.640638    
 936  	45.6766   	0.437513    
 937  	45.7255   	0.531263    
 938  	45.7743   	0.968763    
 939  	45.8232   	0.843763    
 940  	45.8720   	0.281263    
 941  	45.9209   	0.406263    
 942  	45.9697   	0.718763    
 943  	46.0186   	0.578138    
 944  	46.0674   	0.359388    
 945  	46.1163   	0.781263    
 946  	46.1651   	0.375013    
 947  	46.2140   	0.437513    
 948  	46.2628   	0.812513    
 949  	46.3117   	0.625013    
 950  	46.3605   	0.390638    
 951  	46.4094   	0.312513    
 952  	46.4582   	0.843763    
 953  	46.5071   	0.515638    
 954  	46.5559   	0.718763    
 955  	46.6048   	0.593763    
 956  	46.6536   	0.312513    
 957  	46.7025   	0.812513    
 958  	46.7513   	0.718763    
 959  	46.8002   	0.546888    
 960  	46.8490   	0.796888    
 961  	46.8979   	0.531263    
 962  	46.9468   	0.750013    
 963  	46.9956   	0.578138    
 964  	47.0445   	0.312513    
 965  	47.0933   	0.515638    
 966  	47.1422   	0.703138    
 967  	47.1910   	0.640638    
 968  	47.2399   	0.781263    
 969  	47.2887   	0.687513    
 970  	47.3376   	0.250013    
 971  	47.3864   	0.531263    
 972  	47.4353   	0.750013    
 973  	47.4841   	0.609388    
 974  	47.5330   	0.515638    
 975  	47.5818   	0.468763    
 976  	47.6307   	0.843763    
 977  	47.6795   	0.796888    
 978  	47.7284   	0.593763    
 979  	47.7772   	0.343763    
 980  	47.8261   	0.921888    
 981  	47.8749   	1.062513    
 982  	47.9238   	0.718763    
 983  	47.9726   	1.125013    
 984  	48.0215   	0.687513    
 985  	48.0703   	0.718763    
 986  	48.1192   	0.468763    
 987  	48.1681   	0.296888    
 988  	48.2169   	0.812513    
 989  	48.2658   	0.640638    
 990  	48.3146   	0.578138    
 991  	48.3635   	0.562513    
 992  	48.4123   	0.312513    
 993  	48.4612   	0.406263    
 994  	48.5100   	0.468763    
 995  	48.5589   	0.484388    
 996  	48.6077   	0.562513    
 997  	48.6566   	0.468763    
 998  	48.7054   	0.390638    
 999  	48.7543   	0.562513    
 1000 	48.8031   	0.546888    
 1001 	48.8520   	0.609388    
 1002 	48.9008   	0.671888    
 1003 	48.9497   	0.937513    
 1004 	48.9985   	0.531263    
 1005 	49.0474   	0.578138    
 1006 	49.0962   	0.906263    
 1007 	49.1451   	0.687513    
 1008 	49.1939   	0.953138    
 1009 	49.2428   	0.750013    
 1010 	49.2916   	0.218763    
 1011 	49.3405   	0.625013    
 1012 	49.3893   	0.546888    
 1013 	49.4382   	0.796888    
 1014 	49.4871   	0.937513    
 1015 	49.5359   	0.671888    
 1016 	49.5848   	0.812513    
 1017 	49.6336   	0.812513    
 1018 	49.6825   	0.703138    
 1019 	49.7313   	0.437513    
 1020 	49.7802   	0.578138    
 1021 	49.8290   	0.625013    
 1022 	49.8779   	0.625013    
 1023 	49.9267   	0.671888    
 1024 	49.9756   	0.406263    
 1025 	50.0244   	0.453138    
 1026 	50.0733   	0.593763    
 1027 	50.1221   	1.000013    
 1028 	50.1710   	0.640638    
 1029 	50.2198   	0.578138    
 1030 	50.2687   	0.734388    
 1031 	50.3175   	1.156263    
 1032 	50.3664   	0.546888    
 1033 	50.4152   	0.859388    
 1034 	50.4641   	0.375013    
 1035 	50.5129   	0.750013    
 1036 	50.5618   	0.781263    
 1037 	50.6106   	0.781263    
 1038 	50.6595   	0.687513    
 1039 	50.7084   	0.531263    
 1040 	50.7572   	0.562513    
 1041 	50.8061   	0.687513    
 1042 	50.8549   	0.546888    
 1043 	50.9038   	0.437513    
 1044 	50.9526   	0.906263    
 1045 	51.0015   	0.500013    
 1046 	51.0503   	0.593763    
 1047 	51.0992   	0.671888    
 1048 	51.1480   	0.578138    
 1049 	51.1969   	0.781263    
 1050 	51.2457   	0.781263    
 1051 	51.2946   	0.718763    
 1052 	51.3434   	0.421888    
 1053 	51.3923   	0.718763    
 1054 	51.4411   	0.859388    
 1055 	51.4900   	0.609388    
 1056 	51.5388   	0.546888    
 1057 	51.5877   	0.515638    
 1058 	51.6365   	0.515638    
 1059 	51.6854   	0.578138    
 1060 	51.7342   	0.640638    
 1061 	51.7831   	0.421888    
 1062 	51.8319   	0.593763    
 1063 	51.8808   	0.703138    
 1064 	51.9297   	0.687513    
 1065 	51.9785   	0.781263    
 1066 	52.0274   	0.265638    
 1067 	52.0762   	0.593763    
 1068 	52.1251   	0.843763    
 1069 	52.1739   	0.703138    
 1070 	52.2228   	0.484388    
 1071 	52.2716   	0.781263    
 1072 	52.3205   	0.609388    
 1073 	52.3693   	0.718763    
 1074 	52.4182   	0.546888    
 1075 	52.4670   	0.593763    
 1076 	52.5159   	0.546888    
 1077 	52.5647   	0.562513    
 1078 	52.6136   	0.734388    
 1079 	52.6624   	0.750013    
 1080 	52.7113   	0.484388    
 1081 	52.7601   	0.796888    
 1082 	52.8090   	0.906263    
 1083 	52.8578   	0.671888    
 1084 	52.9067   	0.453138    
 1085 	52.9555   	0.515638    
 1086 	53.0044   	0.812513    
 1087 	53.0532   	0.609388    
 1088 	53.1021   	0.796888    
 1089 	53.1510   	0.546888    
 1090 	53.1998   	0.718763    
 1091 	53.2487   	0.453138    
 1092 	53.2975   	0.625013    
 1093 	53.3464   	0.515638    
 1094 	53.3952   	0.625013    
 1095 	53.4441   	0.640638    
 1096 	53.4929   	0.781263    
 1097 	53.5418   	0.500013    
 1098 	53.5906   	0.781263    
 1099 	53.6395   	0.921888    
 1100 	53.6883   	0.281263    
 1101 	53.7372   	0.437513    
 1102 	53.7860   	0.546888    
 1103 	53.8349   	0.531263    
 1104 	53.8837   	0.437513    
 1105 	53.9326   	0.531263    
 1106 	53.9814   	0.703138    
 1107 	54.0303   	0.671888    
 1108 	54.0791   	0.468763    
 1109 	54.1280   	0.640638    
 1110 	54.1768   	0.671888    
 1111 	54.2257   	0.421888    
 1112 	54.2745   	0.359388    
 1113 	54.3234   	0.843763    
 1114 	54.3723   	0.765638    
 1115 	54.4211   	0.578138    
 1116 	54.4700   	0.390638    
 1117 	54.5188   	0.265638    
 1118 	54.5677   	0.562513    
 1119 	54.6165   	0.671888    
 1120 	54.6654   	0.609388    
 1121 	54.7142   	0.515638    
 1122 	54.7631   	0.359388    
 1123 	54.8119   	0.578138    
 1124 	54.8608   	0.718763    
 1125 	54.9096   	0.640638    
 1126 	54.9585   	0.281263    
 1127 	55.0073   	0.500013    
 1128 	55.0562   	0.828138    
 1129 	55.1050   	0.937513    
 1130 	55.1539   	0.343763    
 1131 	55.2027   	0.468763    
 1132 	55.2516   	0.750013    
 1133 	55.3004   	0.750013    
 1134 	55.3493   	0.531263    
 1135 	55.3981   	0.828138    
 1136 	55.4470   	0.453138    
 1137 	55.4958   	0.500013    
 1138 	55.5447   	0.718763    
 1139 	55.5936   	0.343763    
 1140 	55.6424   	0.421888    
 1141 	55.6913   	0.609388    
 1142 	55.7401   	0.515638    
 1143 	55.7890   	0.750013    
 1144 	55.8378   	0.750013    
 1145 	55.8867   	0.484388    
 1146 	55.9355   	0.656263    
 1147 	55.9844   	0.671888    
 1148 	56.0332   	0.515638    
 1149 	56.0821   	0.453138    
 1150 	56.1309   	0.562513    
 1151 	56.1798   	0.546888    
 1152 	56.2286   	0.328138    
 1153 	56.2775   	0.187513    
 1154 	56.3263   	0.437513    
 1155 	56.3752   	0.734388    
 1156 	56.4240   	0.562513    
 1157 	56.4729   	0.718763    
 1158 	56.5217   	0.609388    
 1159 	56.5706   	0.562513    
 1160 	56.6194   	0.734388    
 1161 	56.6683   	0.625013    
 1162 	56.7171   	0.687513    
 1163 	56.7660   	0.796888    
 1164 	56.8149   	0.625013    
 1165 	56.8637   	0.656263    
 1166 	56.9126   	0.671888    
 1167 	56.9614   	0.625013    
 1168 	57.0103   	0.812513    
 1169 	57.0591   	0.437513    
 1170 	57.1080   	0.406263    
 1171 	57.1568   	0.515638    
 1172 	57.2057   	0.843763    
 1173 	57.2545   	0.718763    
 1174 	57.3034   	0.484388    
 1175 	57.3522   	0.687513    
 1176 	57.4011   	0.609388    
 1177 	57.4499   	0.578138    
 1178 	57.4988   	0.562513    
 1179 	57.5476   	0.531263    
 1180 	57.5965   	0.500013    
 1181 	57.6453   	0.453138    
 1182 	57.6942   	0.578138    
 1183 	57.7430   	0.812513    
 1184 	57.7919   	0.671888    
 1185 	57.8407   	0.687513    
 1186 	57.8896   	0.718763    
 1187 	57.9384   	0.671888    
 1188 	57.9873   	0.578138    
 1189 	58.0361   	0.562513    
 1190 	58.0850   	0.484388    
 1191 	58.1339   	0.578138    
 1192 	58.1827   	1.062513    
 1193 	58.2316   	0.656263    
 1194 	58.2804   	0.625013    
 1195 	58.3293   	0.796888    
 1196 	58.3781   	0.906263    
 1197 	58.4270   	0.796888    
 1198 	58.4758   	0.765638    
 1199 	58.5247   	0.421888    
 1200 	58.5735   	0.812513    
 1201 	58.6224   	0.734388    
 1202 	58.6712   	0.359388    
 1203 	58.7201   	0.671888    
 1204 	58.7689   	0.421888    
 1205 	58.8178   	0.343763    
 1206 	58.8666   	0.656263    
 1207 	58.9155   	0.828138    
 1208 	58.9643   	0.593763    
 1209 	59.0132   	0.531263    
 1210 	59.0620   	0.875013    
 1211 	59.1109   	0.546888    
 1212 	59.1597   	0.531263    
 1213 	59.2086   	0.671888    
 1214 	59.2574   	0.500013    
 1215 	59.3063   	0.515638    
 1216 	59.3552   	0.640638    
 1217 	59.4040   	0.484388    
 1218 	59.4529   	0.593763    
 1219 	59.5017   	0.609388    
 1220 	59.5506   	0.218763    
 1221 	59.5994   	0.875013    
 1222 	59.6483   	0.218763    
 1223 	59.6971   	0.593763    
 1224 	59.7460   	0.828138    
 1225 	59.7948   	0.765638    
 1226 	59.8437   	0.437513    
 1227 	59.8925   	0.500013    
 1228 	59.9414   	0.515638    
 1229 	59.9902   	0.656263    
 1230 	60.0391   	0.343763    
 1231 	60.0879   	0.390638    
 1232 	60.1368   	0.734388    
 1233 	60.1856   	0.671888    
 1234 	60.2345   	0.656263    
 1235 	60.2833   	0.953138    
 1236 	60.3322   	0.578138    
 1237 	60.3810   	1.031263    
 1238 	60.4299   	0.843763    
 1239 	60.4787   	0.531263    
 1240 	60.5276   	0.343763    
 1241 	60.5765   	0.656263    
 1242 	60.6253   	0.656263    
 1243 	60.6742   	0.593763    
 1244 	60.7230   	0.625013    
 1245 	60.7719   	0.625013    
 1246 	60.8207   	0.250013    
 1247 	60.8696   	0.515638    
 1248 	60.9184   	0.562513    
 1249 	60.9673   	0.656263    
 1250 	61.0161   	0.484388    
 1251 	61.0650   	0.656263    
 1252 	61.1138   	0.859388    
 1253 	61.1627   	0.546888    
 1254 	61.2115   	0.468763    
 1255 	61.2604   	0.484388    
 1256 	61.3092   	0.140638    
 1257 	61.3581   	0.515638    
 1258 	61.4069   	0.687513    
 1259 	61.4558   	0.656263    
 1260 	61.5046   	0.562513    
 1261 	61.5535   	0.437513    
 1262 	61.6023   	0.750013    
 1263 	61.6512   	0.609388    
 1264 	61.7000   	0.546888    
 1265 	61.7489   	0.812513    
 1266 	61.7978   	0.562513    
 1267 	61.8466   	0.625013    
 1268 	61.8955   	0.625013    
 1269 	61.9443   	0.515638    
 1270 	61.9932   	0.765638    
 1271 	62.0420   	0.640638    
 1272 	62.0909   	0.625013    
 1273 	62.1397   	0.468763    
 1274 	62.1886   	0.796888    
 1275 	62.2374   	0.609388    
 1276 	62.2863   	0.484388    
 1277 	62.3351   	0.312513    
 1278 	62.3840   	1.046888    
 1279 	62.4328   	0.906263    
 1280 	62.4817   	0.578138    
 1281 	62.5305   	0.250013    
 1282 	62.5794   	0.421888    
 1283 	62.6282   	0.421888    
 1284 	62.6771   	0.562513    
 1285 	62.7259   	0.328138    
 1286 	62.7748   	0.421888    
 1287 	62.8236   	0.453138    
 1288 	62.8725   	0.531263    
 1289 	62.9213   	1.031263    
 1290 	62.9702   	0.687513    
 1291 	63.0191   	0.359388    
 1292 	63.0679   	0.609388    
 1293 	63.1168   	0.593763    
 1294 	63.1656   	0.687513    
 1295 	63.2145   	0.703138    
 1296 	63.2633   	0.515638    
 1297 	63.3122   	0.578138    
 1298 	63.3610   	0.718763    
 1299 	63.4099   	0.843763    
 1300 	63.4587   	1.093763    
 1301 	63.5076   	0.578138    
 1302 	63.5564   	0.500013    
 1303 	63.6053   	0.640638    
 1304 	63.6541   	0.671888    
 1305 	63.7030   	0.359388    
 1306 	63.7518   	0.562513    
 1307 	63.8007   	0.515638    
 1308 	63.8495   	0.781263    
 1309 	63.8984   	0.531263    
 1310 	63.9472   	0.500013    
 1311 	63.9961   	0.687513    
 1312 	64.0449   	0.421888    
 1313 	64.0938   	0.593763    
 1314 	64.1426   	0.390638    
 1315 	64.1915   	0.796888    
 1316 	64.2404   	0.734388    
 1317 	64.2892   	0.625013    
 1318 	64.3381   	0.640638    
 1319 	64.3869   	0.500013    
 1320 	64.4358   	0.781263    
 1321 	64.4846   	0.531263    
 1322 	64.5335   	0.718763    
 1323 	64.5823   	0.593763    
 1324 	64.6312   	0.843763    
 1325 	64.6800   	0.671888    
 1326 	64.7289   	0.515638    
 1327 	64.7777   	0.531263    
 1328 	64.8266   	0.421888    
 1329 	64.8754   	0.453138    
 1330 	64.9243   	0.593763    
 1331 	64.9731   	0.625013    
 1332 	65.0220   	0.671888    
 1333 	65.0708   	0.750013    
 1334 	65.1197   	0.640638    
 1335 	65.1685   	0.390638    
 1336 	65.2174   	0.718763    
 1337 	65.2662   	0.640638    
 1338 	65.3151   	0.265638    
 1339 	65.3639   	0.531263    
 1340 	65.4128   	0.640638    
 1341 	65.4617   	0.531263    
 1342 	65.5105   	0.531263    
 1343 	65.5594   	0.765638    
 1344 	65.6082   	0.734388    
 1345 	65.6571   	0.500013    
 1346 	65.7059   	0.703138    
 1347 	65.7548   	0.734388    
 1348 	65.8036   	0.656263    
 1349 	65.8525   	0.890638    
 1350 	65.9013   	0.531263    
 1351 	65.9502   	0.359388    
 1352 	65.9990   	0.640638    
 1353 	66.0479   	0.531263    
 1354 	66.0967   	0.421888    
 1355 	66.1456   	0.453138    
 1356 	66.1944   	0.468763    
 1357 	66.2433   	0.421888    
 1358 	66.2921   	0.687513    
 1359 	66.3410   	0.828138    
 1360 	66.3898   	0.390638    
 1361 	66.4387   	0.296888    
 1362 	66.4875   	0.609388    
 1363 	66.5364   	0.500013    
 1364 	66.5852   	0.359388    
 1365 	66.6341   	0.750013    
 1366 	66.6830   	0.671888    
 1367 	66.7318   	0.984388    
 1368 	66.7807   	0.843763    
 1369 	66.8295   	0.562513    
 1370 	66.8784   	0.375013    
 1371 	66.9272   	0.734388    
 1372 	66.9761   	1.062513    
 1373 	67.0249   	0.906263    
 1374 	67.0738   	0.656263    
 1375 	67.1226   	0.781263    
 1376 	67.1715   	0.750013    
 1377 	67.2203   	0.734388    
 1378 	67.2692   	0.359388    
 1379 	67.3180   	0.562513    
 1380 	67.3669   	0.531263    
 1381 	67.4157   	0.906263    
 1382 	67.4646   	0.671888    
 1383 	67.5134   	0.625013    
 1384 	67.5623   	0.656263    
 1385 	67.6111   	0.578138    
 1386 	67.6600   	0.671888    
 1387 	67.7088   	0.593763    
 1388 	67.7577   	0.500013    
 1389 	67.8065   	0.687513    
 1390 	67.8554   	0.609388    
 1391 	67.9042   	0.687513    
 1392 	67.9531   	0.781263    
 1393 	68.0020   	0.609388    
 1394 	68.0508   	0.687513    
 1395 	68.0997   	0.671888    
 1396 	68.1485   	0.578138    
 1397 	68.1974   	0.593763    
 1398 	68.2462   	0.531263    
 1399 	68.2951   	0.515638    
 1400 	68.3439   	0.812513    
 1401 	68.3928   	0.453138    
 1402 	68.4416   	0.406263    
 1403 	68.4905   	0.593763    
 1404 	68.5393   	0.765638    
 1405 	68.5882   	0.328138    
 1406 	68.6370   	0.453138    
 1407 	68.6859   	0.656263    
 1408 	68.7347   	0.812513    
 1409 	68.7836   	0.593763    
 1410 	68.8324   	0.718763    
 1411 	68.8813   	0.703138    
 1412 	68.9301   	0.843763    
 1413 	68.9790   	0.828138    
 1414 	69.0278   	0.781263    
 1415 	69.0767   	0.531263    
 1416 	69.1255   	0.625013    
 1417 	69.1744   	0.671888    
 1418 	69.2233   	0.390638    
 1419 	69.2721   	0.406263    
 1420 	69.3210   	0.234388    
 1421 	69.3698   	0.750013    
 1422 	69.4187   	0.843763    
 1423 	69.4675   	0.625013    
 1424 	69.5164   	0.609388    
 1425 	69.5652   	0.484388    
 1426 	69.6141   	0.359388    
 1427 	69.6629   	0.625013    
 1428 	69.7118   	0.656263    
 1429 	69.7606   	0.546888    
 1430 	69.8095   	0.468763    
 1431 	69.8583   	0.625013    
 1432 	69.9072   	0.734388    
 1433 	69.9560   	0.593763    
 1434 	70.0049   	0.671888    
 1435 	70.0537   	0.625013    
 1436 	70.1026   	0.703138    
 1437 	70.1514   	0.906263    
 1438 	70.2003   	0.562513    
 1439 	70.2491   	0.687513    
 1440 	70.2980   	0.328138    
 1441 	70.3468   	1.093763    
 1442 	70.3957   	0.796888    
 1443 	70.4446   	0.718763    
 1444 	70.4934   	0.703138    
 1445 	70.5423   	0.421888    
 1446 	70.5911   	0.250013    
 1447 	70.6400   	0.328138    
 1448 	70.6888   	0.656263    
 1449 	70.7377   	0.781263    
 1450 	70.7865   	0.609388    
 1451 	70.8354   	0.765638    
 1452 	70.8842   	0.421888    
 1453 	70.9331   	0.453138    
 1454 	70.9819   	0.781263    
 1455 	71.0308   	0.750013    
 1456 	71.0796   	0.406263    
 1457 	71.1285   	0.734388    
 1458 	71.1773   	0.687513    
 1459 	71.2262   	0.765638    
 1460 	71.2750   	0.671888    
 1461 	71.3239   	0.437513    
 1462 	71.3727   	0.500013    
 1463 	71.4216   	0.578138    
 1464 	71.4704   	0.671888    
 1465 	71.5193   	0.578138    
 1466 	71.5681   	0.484388    
 1467 	71.6170   	0.546888    
 1468 	71.6659   	0.578138    
 1469 	71.7147   	0.562513    
 1470 	71.7636   	0.703138    
 1471 	71.8124   	0.453138    
 1472 	71.8613   	0.609388    
 1473 	71.9101   	0.765638    
 1474 	71.9590   	0.859388    
 1475 	72.0078   	0.812513    
 1476 	72.0567   	0.593763    
 1477 	72.1055   	0.468763    
 1478 	72.1544   	0.625013    
 1479 	72.2032   	0.640638    
 1480 	72.2521   	0.562513    
 1481 	72.3009   	0.578138    
 1482 	72.3498   	0.843763    
 1483 	72.3986   	0.671888    
 1484 	72.4475   	0.625013    
 1485 	72.4963   	0.703138    
 1486 	72.5452   	0.421888    
 1487 	72.5940   	0.546888    
 1488 	72.6429   	0.703138    
 1489 	72.6917   	0.703138    
 1490 	72.7406   	0.578138    
 1491 	72.7894   	0.625013    
 1492 	72.8383   	0.406263    
 1493 	72.8872   	0.531263    
 1494 	72.9360   	0.515638    
 1495 	72.9849   	0.578138    
 1496 	73.0337   	0.765638    
 1497 	73.0826   	0.843763    
 1498 	73.1314   	0.781263    
 1499 	73.1803   	0.328138    
 1500 	73.2291   	0.718763    
 1501 	73.2780   	0.718763    
 1502 	73.3268   	0.453138    
 1503 	73.3757   	0.609388    
 1504 	73.4245   	0.500013    
 1505 	73.4734   	0.593763    
 1506 	73.5222   	0.640638    
 1507 	73.5711   	0.562513    
 1508 	73.6199   	0.640638    
 1509 	73.6688   	0.609388    
 1510 	73.7176   	0.500013    
 1511 	73.7665   	0.765638    
 1512 	73.8153   	0.562513    
 1513 	73.8642   	0.406263    
 1514 	73.9130   	0.640638    
 1515 	73.9619   	0.531263    
 1516 	74.0107   	0.609388    
 1517 	74.0596   	0.593763    
 1518 	74.1085   	0.593763    
 1519 	74.1573   	0.640638    
 1520 	74.2062   	0.640638    
 1521 	74.2550   	0.734388    
 1522 	74.3039   	0.484388    
 1523 	74.3527   	0.625013    
 1524 	74.4016   	0.453138    
 1525 	74.4504   	0.578138    
 1526 	74.4993   	0.578138    
 1527 	74.5481   	0.609388    
 1528 	74.5970   	0.453138    
 1529 	74.6458   	0.500013    
 1530 	74.6947   	0.546888    
 1531 	74.7435   	0.609388    
 1532 	74.7924   	0.671888    
 1533 	74.8412   	0.531263    
 1534 	74.8901   	0.578138    
 1535 	74.9389   	0.781263    
 1536 	74.9878   	0.953138    
 1537 	75.0366   	0.812513    
 1538 	75.0855   	0.671888    
 1539 	75.1343   	0.875013    
 1540 	75.1832   	0.812513    
 1541 	75.2320   	0.671888    
 1542 	75.2809   	0.609388    
 1543 	75.3298   	0.640638    
 1544 	75.3786   	0.546888    
 1545 	75.4275   	0.484388    
 1546 	75.4763   	0.578138    
 1547 	75.5252   	0.687513    
 1548 	75.5740   	0.546888    
 1549 	75.6229   	0.765638    
 1550 	75.6717   	0.562513    
 1551 	75.7206   	0.812513    
 1552 	75.7694   	0.687513    
 1553 	75.8183   	0.656263    
 1554 	75.8671   	0.890638    
 1555 	75.9160   	0.375013    
 1556 	75.9648   	0.718763    
 1557 	76.0137   	0.921888    
 1558 	76.0625   	0.687513    
 1559 	76.1114   	0.468763    
 1560 	76.1602   	0.593763    
 1561 	76.2091   	0.546888    
 1562 	76.2579   	0.406263    
 1563 	76.3068   	0.500013    
 1564 	76.3556   	0.531263    
 1565 	76.4045   	0.750013    
 1566 	76.4533   	0.500013    
 1567 	76.5022   	0.671888    
 1568 	76.5510   	0.656263    
 1569 	76.5999   	0.671888    
 1570 	76.6488   	0.812513    
 1571 	76.6976   	0.625013    
 1572 	76.7465   	0.453138    
 1573 	76.7953   	0.640638    
 1574 	76.8442   	0.609388    
 1575 	76.8930   	0.625013    
 1576 	76.9419   	0.562513    
 1577 	76.9907   	0.515638    
 1578 	77.0396   	0.812513    
 1579 	77.0884   	0.875013    
 1580 	77.1373   	0.687513    
 1581 	77.1861   	0.625013    
 1582 	77.2350   	0.750013    
 1583 	77.2838   	0.593763    
 1584 	77.3327   	0.437513    
 1585 	77.3815   	0.578138    
 1586 	77.4304   	0.578138    
 1587 	77.4792   	0.812513    
 1588 	77.5281   	0.453138    
 1589 	77.5769   	0.515638    
 1590 	77.6258   	0.656263    
 1591 	77.6746   	0.390638    
 1592 	77.7235   	0.406263    
 1593 	77.7723   	0.328138    
 1594 	77.8212   	0.125013    
 1595 	77.8701   	0.406263    
 1596 	77.9189   	0.625013    
 1597 	77.9678   	0.703138    
 1598 	78.0166   	0.312513    
 1599 	78.0655   	0.546888    
 1600 	78.1143   	0.703138    
 1601 	78.1632   	0.640638    
 1602 	78.2120   	0.593763    
 1603 	78.2609   	0.453138    
 1604 	78.3097   	0.421888    
 1605 	78.3586   	0.578138    
 1606 	78.4074   	0.546888    
 1607 	78.4563   	0.718763    
 1608 	78.5051   	0.625013    
 1609 	78.5540   	0.343763    
 1610 	78.6028   	0.687513    
 1611 	78.6517   	0.718763    
 1612 	78.7005   	0.718763    
 1613 	78.7494   	0.453138    
 1614 	78.7982   	0.328138    
 1615 	78.8471   	0.562513    
 1616 	78.8959   	0.781263    
 1617 	78.9448   	0.640638    
 1618 	78.9936   	0.453138    
 1619 	79.0425   	0.671888    
 1620 	79.0914   	0.828138    
 1621 	79.1402   	0.406263    
 1622 	79.1891   	0.359388    
 1623 	79.2379   	0.515638    
 1624 	79.2868   	0.812513    
 1625 	79.3356   	0.843763    
 1626 	79.3845   	0.890638    
 1627 	79.4333   	0.625013    
 1628 	79.4822   	0.593763    
 1629 	79.5310   	0.609388    
 1630 	79.5799   	0.656263    
 1631 	79.6287   	0.500013    
 1632 	79.6776   	0.718763    
 1633 	79.7264   	0.546888    
 1634 	79.7753   	0.609388    
 1635 	79.8241   	0.531263    
 1636 	79.8730   	0.390638    
 1637 	79.9218   	0.671888    
 1638 	79.9707   	0.546888    
 1639 	80.0195   	0.578138    
 1640 	80.0684   	0.359388    
 1641 	80.1172   	0.390638    
 1642 	80.1661   	0.640638    
 1643 	80.2149   	0.546888    
 1644 	80.2638   	0.703138    
 1645 	80.3127   	0.609388    
 1646 	80.3615   	0.656263    
 1647 	80.4104   	0.984388    
 1648 	80.4592   	0.703138    
 1649 	80.5081   	0.421888    
 1650 	80.5569   	0.562513    
 1651 	80.6058   	0.593763    
 1652 	80.6546   	0.750013    
 1653 	80.7035   	0.453138    
 1654 	80.7523   	0.656263    
 1655 	80.8012   	0.687513    
 1656 	80.8500   	0.750013    
 1657 	80.8989   	0.640638    
 1658 	80.9477   	0.750013    
 1659 	80.9966   	0.593763    
 1660 	81.0454   	0.593763    
 1661 	81.0943   	0.625013    
 1662 	81.1431   	0.640638    
 1663 	81.1920   	0.578138    
 1664 	81.2408   	0.687513    
 1665 	81.2897   	0.468763    
 1666 	81.3385   	0.703138    
 1667 	81.3874   	0.359388    
 1668 	81.4362   	0.765638    
 1669 	81.4851   	0.656263    
 1670 	81.5340   	0.593763    
 1671 	81.5828   	0.531263    
 1672 	81.6317   	0.515638    
 1673 	81.6805   	0.468763    
 1674 	81.7294   	0.531263    
 1675 	81.7782   	0.765638    
 1676 	81.8271   	0.515638    
 1677 	81.8759   	0.546888    
 1678 	81.9248   	0.531263    
 1679 	81.9736   	0.765638    
 1680 	82.0225   	0.921888    
 1681 	82.0713   	0.765638    
 1682 	82.1202   	0.718763    
 1683 	82.1690   	0.531263    
 1684 	82.2179   	0.671888    
 1685 	82.2667   	0.625013    
 1686 	82.3156   	0.578138    
 1687 	82.3644   	0.671888    
 1688 	82.4133   	0.750013    
 1689 	82.4621   	0.515638    
 1690 	82.5110   	0.281263    
 1691 	82.5598   	0.484388    
 1692 	82.6087   	0.359388    
 1693 	82.6575   	0.687513    
 1694 	82.7064   	0.531263    
 1695 	82.7553   	0.671888    
 1696 	82.8041   	0.656263    
 1697 	82.8530   	0.562513    
 1698 	82.9018   	0.531263    
 1699 	82.9507   	0.484388    
 1700 	82.9995   	0.781263    
 1701 	83.0484   	0.421888    
 1702 	83.0972   	0.625013    
 1703 	83.1461   	0.796888    
 1704 	83.1949   	0.453138    
 1705 	83.2438   	0.390638    
 1706 	83.2926   	0.390638    
 1707 	83.3415   	0.531263    
 1708 	83.3903   	0.406263    
 1709 	83.4392   	0.625013    
 1710 	83.4880   	0.578138    
 1711 	83.5369   	0.625013    
 1712 	83.5857   	0.484388    
 1713 	83.6346   	0.671888    
 1714 	83.6834   	0.984388    
 1715 	83.7323   	0.484388    
 1716 	83.7811   	0.421888    
 1717 	83.8300   	0.343763    
 1718 	83.8788   	0.453138    
 1719 	83.9277   	0.625013    
 1720 	83.9766   	0.656263    
 1721 	84.0254   	0.687513    
 1722 	84.0743   	0.343763    
 1723 	84.1231   	0.609388    
 1724 	84.1720   	0.703138    
 1725 	84.2208   	0.578138    
 1726 	84.2697   	0.796888    
 1727 	84.3185   	0.500013    
 1728 	84.3674   	0.562513    
 1729 	84.4162   	0.765638    
 1730 	84.4651   	0.515638    
 1731 	84.5139   	0.593763    
 1732 	84.5628   	0.671888    
 1733 	84.6116   	0.671888    
 1734 	84.6605   	0.718763    
 1735 	84.7093   	0.718763    
 1736 	84.7582   	0.671888    
 1737 	84.8070   	0.671888    
 1738 	84.8559   	0.875013    
 1739 	84.9047   	0.734388    
 1740 	84.9536   	0.406263    
 1741 	85.0024   	0.718763    
 1742 	85.0513   	0.578138    
 1743 	85.1001   	0.640638    
 1744 	85.1490   	0.640638    
 1745 	85.1978   	0.250013    
 1746 	85.2467   	0.640638    
 1747 	85.2956   	0.625013    
 1748 	85.3444   	0.640638    
 1749 	85.3933   	0.640638    
 1750 	85.4421   	0.671888    
 1751 	85.4910   	0.406263    
 1752 	85.5398   	0.656263    
 1753 	85.5887   	0.859388    
 1754 	85.6375   	0.609388    
 1755 	85.6864   	0.687513    
 1756 	85.7352   	0.703138    
 1757 	85.7841   	0.625013    
 1758 	85.8329   	0.531263    
 1759 	85.8818   	0.718763    
 1760 	85.9306   	0.515638    
 1761 	85.9795   	0.468763    
 1762 	86.0283   	0.703138    
 1763 	86.0772   	0.546888    
 1764 	86.1260   	0.640638    
 1765 	86.1749   	0.687513    
 1766 	86.2237   	0.578138    
 1767 	86.2726   	0.703138    
 1768 	86.3214   	0.593763    
 1769 	86.3703   	0.640638    
 1770 	86.4191   	0.484388    
 1771 	86.4680   	0.718763    
 1772 	86.5169   	0.515638    
 1773 	86.5657   	0.859388    
 1774 	86.6146   	0.578138    
 1775 	86.6634   	0.671888    
 1776 	86.7123   	0.671888    
 1777 	86.7611   	0.375013    
 1778 	86.8100   	0.296888    
 1779 	86.8588   	0.515638    
 1780 	86.9077   	0.687513    
 1781 	86.9565   	0.656263    
 1782 	87.0054   	0.437513    
 1783 	87.0542   	0.718763    
 1784 	87.1031   	0.218763    
 1785 	87.1519   	0.593763    
 1786 	87.2008   	0.453138    
 1787 	87.2496   	0.515638    
 1788 	87.2985   	0.468763    
 1789 	87.3473   	0.500013    
 1790 	87.3962   	0.765638    
 1791 	87.4450   	0.640638    
 1792 	87.4939   	0.546888    
 1793 	87.5427   	0.437513    
 1794 	87.5916   	0.546888    
 1795 	87.6404   	0.562513    
 1796 	87.6893   	0.515638    
 1797 	87.7382   	0.515638    
 1798 	87.7870   	0.546888    
 1799 	87.8359   	0.500013    
 1800 	87.8847   	0.640638    
 1801 	87.9336   	0.500013    
 1802 	87.9824   	0.265638    
 1803 	88.0313   	0.500013    
 1804 	88.0801   	0.718763    
 1805 	88.1290   	0.609388    
 1806 	88.1778   	0.609388    
 1807 	88.2267   	0.656263    
 1808 	88.2755   	0.765638    
 1809 	88.3244   	0.562513    
 1810 	88.3732   	0.687513    
 1811 	88.4221   	0.484388    
 1812 	88.4709   	0.546888    
 1813 	88.5198   	0.609388    
 1814 	88.5686   	0.484388    
 1815 	88.6175   	0.640638    
 1816 	88.6663   	0.500013    
 1817 	88.7152   	0.781263    
 1818 	88.7640   	0.843763    
 1819 	88.8129   	0.718763    
 1820 	88.8617   	1.015638    
 1821 	88.9106   	0.484388    
 1822 	88.9595   	0.546888    
 1823 	89.0083   	0.593763    
 1824 	89.0572   	0.578138    
 1825 	89.1060   	0.578138    
 1826 	89.1549   	0.437513    
 1827 	89.2037   	0.687513    
 1828 	89.2526   	0.625013    
 1829 	89.3014   	0.734388    
 1830 	89.3503   	0.750013    
 1831 	89.3991   	0.609388    
 1832 	89.4480   	0.609388    
 1833 	89.4968   	0.593763    
 1834 	89.5457   	0.593763    
 1835 	89.5945   	0.718763    
 1836 	89.6434   	0.921888    
 1837 	89.6922   	0.906263    
 1838 	89.7411   	0.640638    
 1839 	89.7899   	0.531263    
 1840 	89.8388   	0.609388    
 1841 	89.8876   	0.734388    
 1842 	89.9365   	0.375013    
 1843 	89.9853   	0.593763    
 1844 	90.0342   	0.734388    
 1845 	90.0830   	0.593763    
 1846 	90.1319   	0.593763    
 1847 	90.1808   	0.625013    
 1848 	90.2296   	0.828138    
 1849 	90.2785   	0.562513    
 1850 	90.3273   	0.500013    
 1851 	90.3762   	0.703138    
 1852 	90.4250   	0.812513    
 1853 	90.4739   	0.546888    
 1854 	90.5227   	0.625013    
 1855 	90.5716   	0.640638    
 1856 	90.6204   	0.421888    
 1857 	90.6693   	0.281263    
 1858 	90.7181   	0.750013    
 1859 	90.7670   	0.593763    
 1860 	90.8158   	0.390638    
 1861 	90.8647   	0.484388    
 1862 	90.9135   	0.453138    
 1863 	90.9624   	0.625013    
 1864 	91.0112   	0.859388    
 1865 	91.0601   	0.625013    
 1866 	91.1089   	0.546888    
 1867 	91.1578   	0.406263    
 1868 	91.2066   	0.437513    
 1869 	91.2555   	0.328138    
 1870 	91.3043   	0.593763    
 1871 	91.3532   	0.328138    
 1872 	91.4021   	0.656263    
 1873 	91.4509   	0.671888    
 1874 	91.4998   	0.421888    
 1875 	91.5486   	0.546888    
 1876 	91.5975   	0.515638    
 1877 	91.6463   	0.859388    
 1878 	91.6952   	0.718763    
 1879 	91.7440   	0.687513    
 1880 	91.7929   	0.750013    
 1881 	91.8417   	0.421888    
 1882 	91.8906   	0.656263    
 1883 	91.9394   	0.703138    
 1884 	91.9883   	0.843763    
 1885 	92.0371   	0.421888    
 1886 	92.0860   	0.484388    
 1887 	92.1348   	0.578138    
 1888 	92.1837   	0.750013    
 1889 	92.2325   	0.859388    
 1890 	92.2814   	0.765638    
 1891 	92.3302   	0.515638    
 1892 	92.3791   	0.578138    
 1893 	92.4279   	0.484388    
 1894 	92.4768   	0.687513    
 1895 	92.5256   	0.562513    
 1896 	92.5745   	0.546888    
 1897 	92.6234   	0.406263    
 1898 	92.6722   	0.734388    
 1899 	92.7211   	0.906263    
 1900 	92.7699   	0.921888    
 1901 	92.8188   	0.781263    
 1902 	92.8676   	0.687513    
 1903 	92.9165   	0.546888    
 1904 	92.9653   	0.171888    
 1905 	93.0142   	0.453138    
 1906 	93.0630   	0.750013    
 1907 	93.1119   	0.703138    
 1908 	93.1607   	0.734388    
 1909 	93.2096   	0.875013    
 1910 	93.2584   	0.640638    
 1911 	93.3073   	0.703138    
 1912 	93.3561   	0.546888    
 1913 	93.4050   	0.718763    
 1914 	93.4538   	0.593763    
 1915 	93.5027   	0.500013    
 1916 	93.5515   	0.750013    
 1917 	93.6004   	0.734388    
 1918 	93.6492   	0.703138    
 1919 	93.6981   	0.640638    
 1920 	93.7469   	0.265638    
 1921 	93.7958   	0.390638    
 1922 	93.8446   	0.765638    
 1923 	93.8935   	0.593763    
 1924 	93.9424   	0.812513    
 1925 	93.9912   	0.593763    
 1926 	94.0401   	0.765638    
 1927 	94.0889   	0.500013    
 1928 	94.1378   	0.625013    
 1929 	94.1866   	0.859388    
 1930 	94.2355   	0.703138    
 1931 	94.2843   	0.937513    
 1932 	94.3332   	0.859388    
 1933 	94.3820   	0.765638    
 1934 	94.4309   	0.656263    
 1935 	94.4797   	0.390638    
 1936 	94.5286   	0.484388    
 1937 	94.5774   	0.468763    
 1938 	94.6263   	0.484388    
 1939 	94.6751   	0.375013    
 1940 	94.7240   	0.546888    
 1941 	94.7728   	0.437513    
 1942 	94.8217   	0.765638    
 1943 	94.8705   	0.750013    
 1944 	94.9194   	0.609388    
 1945 	94.9682   	0.609388    
 1946 	95.0171   	0.390638    
 1947 	95.0659   	0.765638    
 1948 	95.1148   	0.656263    
 1949 	95.1637   	0.671888    
 1950 	95.2125   	0.734388    
 1951 	95.2614   	0.609388    
 1952 	95.3102   	0.578138    
 1953 	95.3591   	0.593763    
 1954 	95.4079   	0.500013    
 1955 	95.4568   	0.625013    
 1956 	95.5056   	0.640638    
 1957 	95.5545   	0.656263    
 1958 	95.6033   	0.515638    
 1959 	95.6522   	0.968763    
 1960 	95.7010   	0.859388    
 1961 	95.7499   	0.609388    
 1962 	95.7987   	0.500013    
 1963 	95.8476   	0.593763    
 1964 	95.8964   	0.609388    
 1965 	95.9453   	0.437513    
 1966 	95.9941   	0.625013    
 1967 	96.0430   	0.703138    
 1968 	96.0918   	0.531263    
 1969 	96.1407   	0.562513    
 1970 	96.1895   	0.687513    
 1971 	96.2384   	0.656263    
 1972 	96.2872   	0.609388    
 1973 	96.3361   	0.578138    
 1974 	96.3850   	0.515638    
 1975 	96.4338   	0.703138    
 1976 	96.4827   	0.468763    
 1977 	96.5315   	0.578138    
 1978 	96.5804   	0.812513    
 1979 	96.6292   	0.546888    
 1980 	96.6781   	0.546888    
 1981 	96.7269   	0.546888    
 1982 	96.7758   	0.484388    
 1983 	96.8246   	0.734388    
 1984 	96.8735   	0.578138    
 1985 	96.9223   	0.640638    
 1986 	96.9712   	0.453138    
 1987 	97.0200   	0.625013    
 1988 	97.0689   	0.468763    
 1989 	97.1177   	0.500013    
 1990 	97.1666   	0.781263    
 1991 	97.2154   	0.796888    
 1992 	97.2643   	0.203138    
 1993 	97.3131   	0.718763    
 1994 	97.3620   	0.843763    
 1995 	97.4108   	0.687513    
 1996 	97.4597   	0.718763    
 1997 	97.5085   	0.500013    
 1998 	97.5574   	0.421888    
 1999 	97.6063   	0.875013    
 2000 	97.6551   	0.421888    
 2001 	97.7040   	0.625013    
 2002 	97.7528   	0.812513    
 2003 	97.8017   	0.781263    
 2004 	97.8505   	0.515638    
 2005 	97.8994   	0.687513    
 2006 	97.9482   	0.578138    
 2007 	97.9971   	0.640638    
 2008 	98.0459   	0.656263    
 2009 	98.0948   	0.281263    
 2010 	98.1436   	0.578138    
 2011 	98.1925   	0.500013    
 2012 	98.2413   	0.468763    
 2013 	98.2902   	0.609388    
 2014 	98.3390   	0.640638    
 2015 	98.3879   	0.687513    
 2016 	98.4367   	0.703138    
 2017 	98.4856   	0.375013    
 2018 	98.5344   	0.375013    
 2019 	98.5833   	0.671888    
 2020 	98.6321   	0.843763    
 2021 	98.6810   	0.812513    
 2022 	98.7298   	0.734388    
 2023 	98.7787   	0.609388    
 2024 	98.8276   	0.578138    
 2025 	98.8764   	0.828138    
 2026 	98.9253   	0.765638    
 2027 	98.9741   	0.671888    
 2028 	99.0230   	0.625013    
 2029 	99.0718   	0.671888    
 2030 	99.1207   	0.453138    
 2031 	99.1695   	0.453138    
 2032 	99.2184   	0.609388    
 2033 	99.2672   	0.515638    
 2034 	99.3161   	0.859388    
 2035 	99.3649   	0.515638    
 2036 	99.4138   	0.375013    
 2037 	99.4626   	0.468763    
 2038 	99.5115   	0.406263    
 2039 	99.5603   	0.390638    
 2040 	99.6092   	0.546888    
 2041 	99.6580   	0.546888    
 2042 	99.7069   	0.468763    
 2043 	99.7557   	0.562513    
 2044 	99.8046   	0.593763    
 2045 	99.8534   	0.828138    
 2046 	99.9023   	0.625013    
 2047 	99.9511   	0.765638    
 2048 	100.0000  	0.718763    

