
      	X(nS)     	Ch1(mV)      


 1    	0.0000    	0.281233    
 2    	0.0489    	0.484358    
 3    	0.0977    	0.578108    
 4    	0.1466    	0.468733    
 5    	0.1954    	0.359358    
 6    	0.2443    	0.406233    
 7    	0.2931    	0.562483    
 8    	0.3420    	0.562483    
 9    	0.3908    	0.906233    
 10   	0.4397    	0.531233    
 11   	0.4885    	0.468733    
 12   	0.5374    	0.437483    
 13   	0.5862    	0.296858    
 14   	0.6351    	0.296858    
 15   	0.6839    	0.562483    
 16   	0.7328    	0.499983    
 17   	0.7816    	0.718733    
 18   	0.8305    	0.656233    
 19   	0.8793    	0.609358    
 20   	0.9282    	0.359358    
 21   	0.9770    	0.640608    
 22   	1.0259    	0.281233    
 23   	1.0747    	0.281233    
 24   	1.1236    	0.406233    
 25   	1.1724    	0.687483    
 26   	1.2213    	0.515608    
 27   	1.2702    	0.124983    
 28   	1.3190    	0.546858    
 29   	1.3679    	0.437483    
 30   	1.4167    	0.453108    
 31   	1.4656    	0.437483    
 32   	1.5144    	0.484358    
 33   	1.5633    	0.531233    
 34   	1.6121    	0.515608    
 35   	1.6610    	0.281233    
 36   	1.7098    	0.484358    
 37   	1.7587    	0.374983    
 38   	1.8075    	0.453108    
 39   	1.8564    	0.656233    
 40   	1.9052    	0.343733    
 41   	1.9541    	0.499983    
 42   	2.0029    	0.734358    
 43   	2.0518    	0.546858    
 44   	2.1006    	0.249983    
 45   	2.1495    	0.390608    
 46   	2.1983    	0.499983    
 47   	2.2472    	0.374983    
 48   	2.2960    	0.312483    
 49   	2.3449    	0.656233    
 50   	2.3937    	0.562483    
 51   	2.4426    	0.828108    
 52   	2.4915    	0.624983    
 53   	2.5403    	0.406233    
 54   	2.5892    	0.578108    
 55   	2.6380    	0.671858    
 56   	2.6869    	0.531233    
 57   	2.7357    	0.468733    
 58   	2.7846    	0.624983    
 59   	2.8334    	0.406233    
 60   	2.8823    	0.249983    
 61   	2.9311    	0.343733    
 62   	2.9800    	0.296858    
 63   	3.0288    	0.546858    
 64   	3.0777    	0.343733    
 65   	3.1265    	0.359358    
 66   	3.1754    	0.484358    
 67   	3.2242    	0.499983    
 68   	3.2731    	0.406233    
 69   	3.3219    	0.390608    
 70   	3.3708    	0.515608    
 71   	3.4196    	0.484358    
 72   	3.4685    	0.468733    
 73   	3.5173    	0.343733    
 74   	3.5662    	0.296858    
 75   	3.6150    	0.453108    
 76   	3.6639    	0.531233    
 77   	3.7128    	0.593733    
 78   	3.7616    	0.468733    
 79   	3.8105    	0.531233    
 80   	3.8593    	0.296858    
 81   	3.9082    	0.390608    
 82   	3.9570    	0.343733    
 83   	4.0059    	0.499983    
 84   	4.0547    	0.640608    
 85   	4.1036    	0.515608    
 86   	4.1524    	0.531233    
 87   	4.2013    	0.531233    
 88   	4.2501    	0.640608    
 89   	4.2990    	0.281233    
 90   	4.3478    	0.499983    
 91   	4.3967    	0.484358    
 92   	4.4455    	0.265608    
 93   	4.4944    	0.406233    
 94   	4.5432    	0.421858    
 95   	4.5921    	0.406233    
 96   	4.6409    	0.578108    
 97   	4.6898    	0.499983    
 98   	4.7386    	0.656233    
 99   	4.7875    	0.406233    
 100  	4.8363    	0.374983    
 101  	4.8852    	0.593733    
 102  	4.9340    	0.609358    
 103  	4.9829    	0.609358    
 104  	5.0318    	0.593733    
 105  	5.0806    	0.296858    
 106  	5.1295    	0.515608    
 107  	5.1783    	0.687483    
 108  	5.2272    	0.640608    
 109  	5.2760    	0.328108    
 110  	5.3249    	0.671858    
 111  	5.3737    	0.578108    
 112  	5.4226    	0.296858    
 113  	5.4714    	0.328108    
 114  	5.5203    	0.374983    
 115  	5.5691    	0.609358    
 116  	5.6180    	0.624983    
 117  	5.6668    	0.406233    
 118  	5.7157    	0.562483    
 119  	5.7645    	0.593733    
 120  	5.8134    	0.734358    
 121  	5.8622    	0.374983    
 122  	5.9111    	0.468733    
 123  	5.9599    	0.468733    
 124  	6.0088    	0.453108    
 125  	6.0576    	0.281233    
 126  	6.1065    	0.546858    
 127  	6.1553    	0.781233    
 128  	6.2042    	0.624983    
 129  	6.2531    	0.593733    
 130  	6.3019    	0.437483    
 131  	6.3508    	0.515608    
 132  	6.3996    	0.749983    
 133  	6.4485    	0.406233    
 134  	6.4973    	0.374983    
 135  	6.5462    	0.328108    
 136  	6.5950    	0.499983    
 137  	6.6439    	0.656233    
 138  	6.6927    	0.640608    
 139  	6.7416    	0.656233    
 140  	6.7904    	0.531233    
 141  	6.8393    	0.437483    
 142  	6.8881    	0.656233    
 143  	6.9370    	0.593733    
 144  	6.9858    	0.578108    
 145  	7.0347    	0.671858    
 146  	7.0835    	0.328108    
 147  	7.1324    	0.578108    
 148  	7.1812    	0.671858    
 149  	7.2301    	0.499983    
 150  	7.2789    	0.406233    
 151  	7.3278    	0.609358    
 152  	7.3766    	0.671858    
 153  	7.4255    	0.624983    
 154  	7.4744    	0.437483    
 155  	7.5232    	0.531233    
 156  	7.5721    	0.546858    
 157  	7.6209    	0.546858    
 158  	7.6698    	0.421858    
 159  	7.7186    	0.374983    
 160  	7.7675    	0.531233    
 161  	7.8163    	0.578108    
 162  	7.8652    	0.609358    
 163  	7.9140    	0.515608    
 164  	7.9629    	0.421858    
 165  	8.0117    	0.374983    
 166  	8.0606    	0.546858    
 167  	8.1094    	0.703108    
 168  	8.1583    	0.312483    
 169  	8.2071    	0.484358    
 170  	8.2560    	0.421858    
 171  	8.3048    	0.328108    
 172  	8.3537    	0.406233    
 173  	8.4025    	0.390608    
 174  	8.4514    	0.484358    
 175  	8.5002    	0.312483    
 176  	8.5491    	0.374983    
 177  	8.5979    	0.343733    
 178  	8.6468    	0.499983    
 179  	8.6957    	0.343733    
 180  	8.7445    	0.406233    
 181  	8.7934    	0.546858    
 182  	8.8422    	0.687483    
 183  	8.8911    	0.593733    
 184  	8.9399    	0.484358    
 185  	8.9888    	0.359358    
 186  	9.0376    	0.546858    
 187  	9.0865    	0.703108    
 188  	9.1353    	0.515608    
 189  	9.1842    	0.578108    
 190  	9.2330    	0.546858    
 191  	9.2819    	0.656233    
 192  	9.3307    	0.406233    
 193  	9.3796    	0.718733    
 194  	9.4284    	0.499983    
 195  	9.4773    	0.406233    
 196  	9.5261    	0.249983    
 197  	9.5750    	0.312483    
 198  	9.6238    	0.515608    
 199  	9.6727    	0.437483    
 200  	9.7215    	0.187483    
 201  	9.7704    	0.281233    
 202  	9.8192    	0.531233    
 203  	9.8681    	0.499983    
 204  	9.9170    	0.531233    
 205  	9.9658    	0.531233    
 206  	10.0147   	0.390608    
 207  	10.0635   	0.437483    
 208  	10.1124   	0.328108    
 209  	10.1612   	0.281233    
 210  	10.2101   	0.390608    
 211  	10.2589   	0.406233    
 212  	10.3078   	0.249983    
 213  	10.3566   	0.499983    
 214  	10.4055   	0.499983    
 215  	10.4543   	0.234358    
 216  	10.5032   	0.406233    
 217  	10.5520   	0.484358    
 218  	10.6009   	0.484358    
 219  	10.6497   	0.624983    
 220  	10.6986   	0.546858    
 221  	10.7474   	0.390608    
 222  	10.7963   	0.265608    
 223  	10.8451   	0.421858    
 224  	10.8940   	0.531233    
 225  	10.9428   	0.218733    
 226  	10.9917   	0.312483    
 227  	11.0405   	0.218733    
 228  	11.0894   	0.437483    
 229  	11.1383   	0.312483    
 230  	11.1871   	0.437483    
 231  	11.2360   	0.515608    
 232  	11.2848   	0.562483    
 233  	11.3337   	0.796858    
 234  	11.3825   	0.265608    
 235  	11.4314   	0.343733    
 236  	11.4802   	0.484358    
 237  	11.5291   	0.359358    
 238  	11.5779   	0.546858    
 239  	11.6268   	0.421858    
 240  	11.6756   	0.578108    
 241  	11.7245   	0.421858    
 242  	11.7733   	0.437483    
 243  	11.8222   	0.593733    
 244  	11.8710   	0.593733    
 245  	11.9199   	0.562483    
 246  	11.9687   	0.453108    
 247  	12.0176   	0.468733    
 248  	12.0664   	0.343733    
 249  	12.1153   	0.484358    
 250  	12.1641   	0.265608    
 251  	12.2130   	0.203108    
 252  	12.2618   	0.468733    
 253  	12.3107   	0.265608    
 254  	12.3596   	0.312483    
 255  	12.4084   	0.374983    
 256  	12.4573   	0.390608    
 257  	12.5061   	0.593733    
 258  	12.5550   	0.390608    
 259  	12.6038   	0.140608    
 260  	12.6527   	0.484358    
 261  	12.7015   	0.406233    
 262  	12.7504   	0.359358    
 263  	12.7992   	0.421858    
 264  	12.8481   	0.624983    
 265  	12.8969   	0.796858    
 266  	12.9458   	0.359358    
 267  	12.9946   	0.312483    
 268  	13.0435   	0.281233    
 269  	13.0923   	0.546858    
 270  	13.1412   	0.406233    
 271  	13.1900   	0.546858    
 272  	13.2389   	0.515608    
 273  	13.2877   	0.468733    
 274  	13.3366   	0.390608    
 275  	13.3854   	0.296858    
 276  	13.4343   	0.406233    
 277  	13.4831   	0.249983    
 278  	13.5320   	0.249983    
 279  	13.5808   	0.390608    
 280  	13.6297   	0.515608    
 281  	13.6786   	0.421858    
 282  	13.7274   	0.406233    
 283  	13.7763   	0.203108    
 284  	13.8251   	0.374983    
 285  	13.8740   	0.484358    
 286  	13.9228   	0.421858    
 287  	13.9717   	0.499983    
 288  	14.0205   	0.531233    
 289  	14.0694   	0.499983    
 290  	14.1182   	0.687483    
 291  	14.1671   	0.593733    
 292  	14.2159   	0.562483    
 293  	14.2648   	0.499983    
 294  	14.3136   	0.390608    
 295  	14.3625   	0.171858    
 296  	14.4113   	0.312483    
 297  	14.4602   	0.359358    
 298  	14.5090   	0.453108    
 299  	14.5579   	0.656233    
 300  	14.6067   	0.421858    
 301  	14.6556   	0.578108    
 302  	14.7044   	0.453108    
 303  	14.7533   	0.734358    
 304  	14.8021   	0.531233    
 305  	14.8510   	0.781233    
 306  	14.8999   	0.531233    
 307  	14.9487   	0.374983    
 308  	14.9976   	0.343733    
 309  	15.0464   	0.484358    
 310  	15.0953   	0.531233    
 311  	15.1441   	0.421858    
 312  	15.1930   	0.515608    
 313  	15.2418   	0.359358    
 314  	15.2907   	0.546858    
 315  	15.3395   	0.328108    
 316  	15.3884   	0.453108    
 317  	15.4372   	0.468733    
 318  	15.4861   	0.296858    
 319  	15.5349   	0.343733    
 320  	15.5838   	0.374983    
 321  	15.6326   	0.406233    
 322  	15.6815   	0.687483    
 323  	15.7303   	0.499983    
 324  	15.7792   	0.406233    
 325  	15.8280   	0.328108    
 326  	15.8769   	0.437483    
 327  	15.9257   	0.703108    
 328  	15.9746   	0.671858    
 329  	16.0234   	0.546858    
 330  	16.0723   	0.296858    
 331  	16.1212   	0.343733    
 332  	16.1700   	0.437483    
 333  	16.2189   	0.484358    
 334  	16.2677   	0.624983    
 335  	16.3166   	0.453108    
 336  	16.3654   	0.593733    
 337  	16.4143   	0.484358    
 338  	16.4631   	0.515608    
 339  	16.5120   	0.343733    
 340  	16.5608   	0.484358    
 341  	16.6097   	0.593733    
 342  	16.6585   	0.343733    
 343  	16.7074   	0.281233    
 344  	16.7562   	0.749983    
 345  	16.8051   	0.531233    
 346  	16.8539   	0.499983    
 347  	16.9028   	0.593733    
 348  	16.9516   	0.593733    
 349  	17.0005   	0.546858    
 350  	17.0493   	0.765608    
 351  	17.0982   	0.609358    
 352  	17.1470   	0.499983    
 353  	17.1959   	0.531233    
 354  	17.2447   	0.390608    
 355  	17.2936   	0.187483    
 356  	17.3425   	0.656233    
 357  	17.3913   	0.671858    
 358  	17.4402   	0.640608    
 359  	17.4890   	0.374983    
 360  	17.5379   	0.468733    
 361  	17.5867   	0.468733    
 362  	17.6356   	0.453108    
 363  	17.6844   	0.453108    
 364  	17.7333   	0.328108    
 365  	17.7821   	0.515608    
 366  	17.8310   	0.515608    
 367  	17.8798   	0.640608    
 368  	17.9287   	0.515608    
 369  	17.9775   	0.562483    
 370  	18.0264   	0.390608    
 371  	18.0752   	0.531233    
 372  	18.1241   	0.421858    
 373  	18.1729   	0.609358    
 374  	18.2218   	0.374983    
 375  	18.2706   	0.249983    
 376  	18.3195   	0.312483    
 377  	18.3683   	0.218733    
 378  	18.4172   	0.249983    
 379  	18.4660   	-0.046892   
 380  	18.5149   	0.156233    
 381  	18.5638   	0.296858    
 382  	18.6126   	0.437483    
 383  	18.6615   	0.968733    
 384  	18.7103   	1.468733    
 385  	18.7592   	2.156233    
 386  	18.8080   	2.531354    
 387  	18.8569   	2.359357    
 388  	18.9057   	2.078108    
 389  	18.9546   	1.312483    
 390  	19.0034   	-0.531267   
 391  	19.0523   	-2.000078   
 392  	19.1011   	-3.437639   
 393  	19.1500   	-3.968889   
 394  	19.1988   	-3.812639   
 395  	19.2477   	-2.656328   
 396  	19.2965   	-0.218767   
 397  	19.3454   	2.812605    
 398  	19.3942   	5.203229    
 399  	19.4431   	7.531476    
 400  	19.4919   	8.078351    
 401  	19.5408   	7.140851    
 402  	19.5896   	4.296979    
 403  	19.6385   	0.156233    
 404  	19.6873   	-4.234514   
 405  	19.7362   	-8.031511   
 406  	19.7851   	-9.937821   
 407  	19.8339   	-9.469010   
 408  	19.8828   	-6.328325   
 409  	19.9316   	-1.843828   
 410  	19.9805   	3.906355    
 411  	20.0293   	13.906598   
 412  	20.0782   	12.765973   
 413  	20.1270   	9.265851    
 414  	20.1759   	3.593855    
 415  	20.2247   	-2.703203   
 416  	20.2736   	-8.125261   
 417  	20.3224   	-11.484697  
 418  	20.3713   	-11.781571  
 419  	20.4201   	-9.672136   
 420  	20.4690   	-4.984514   
 421  	20.5178   	1.031233    
 422  	20.5667   	6.437604    
 423  	20.6155   	10.515851   
 424  	20.6644   	11.656598   
 425  	20.7132   	10.156476   
 426  	20.7621   	6.890729    
 427  	20.8109   	2.406232    
 428  	20.8598   	-2.468828   
 429  	20.9086   	-6.297075   
 430  	20.9575   	-7.937760   
 431  	21.0064   	-7.234575   
 432  	21.0552   	-5.062639   
 433  	21.1041   	-1.921953   
 434  	21.1529   	1.296858    
 435  	21.2018   	3.890729    
 436  	21.2506   	5.171979    
 437  	21.2995   	5.125104    
 438  	21.3483   	4.015729    
 439  	21.3972   	2.124983    
 440  	21.4460   	0.531233    
 441  	21.4949   	-0.765642   
 442  	21.5437   	-1.265703   
 443  	21.5926   	-0.890703   
 444  	21.6414   	-0.187517   
 445  	21.6903   	0.421858    
 446  	21.7391   	0.703108    
 447  	21.7880   	0.468733    
 448  	21.8368   	0.046858    
 449  	21.8857   	-0.640642   
 450  	21.9345   	-1.203203   
 451  	21.9834   	-1.375078   
 452  	22.0322   	-0.781267   
 453  	22.0811   	0.203108    
 454  	22.1299   	1.749983    
 455  	22.1788   	3.078229    
 456  	22.2277   	3.593855    
 457  	22.2765   	3.312604    
 458  	22.3254   	2.484479    
 459  	22.3742   	1.249983    
 460  	22.4231   	-0.515642   
 461  	22.4719   	-2.312578   
 462  	22.5208   	-2.984453   
 463  	22.5696   	-3.015703   
 464  	22.6185   	-2.437578   
 465  	22.6673   	-0.843767   
 466  	22.7162   	1.124983    
 467  	22.7650   	2.265607    
 468  	22.8139   	3.078229    
 469  	22.8627   	3.281354    
 470  	22.9116   	2.921980    
 471  	22.9604   	1.937482    
 472  	23.0093   	0.593733    
 473  	23.0581   	-0.500017   
 474  	23.1070   	-1.015703   
 475  	23.1558   	-1.218828   
 476  	23.2047   	-1.078203   
 477  	23.2535   	-0.765642   
 478  	23.3024   	-0.171892   
 479  	23.3512   	0.749983    
 480  	23.4001   	0.859358    
 481  	23.4489   	0.937483    
 482  	23.4978   	1.046858    
 483  	23.5467   	0.609358    
 484  	23.5955   	0.468733    
 485  	23.6444   	0.546858    
 486  	23.6932   	0.562483    
 487  	23.7421   	0.984358    
 488  	23.7909   	1.093733    
 489  	23.8398   	1.234358    
 490  	23.8886   	0.984358    
 491  	23.9375   	0.562483    
 492  	23.9863   	0.078108    
 493  	24.0352   	-1.046953   
 494  	24.0840   	-0.703142   
 495  	24.1329   	-0.453142   
 496  	24.1817   	0.281233    
 497  	24.2306   	0.999983    
 498  	24.2794   	1.578108    
 499  	24.3283   	1.781233    
 500  	24.3771   	2.124983    
 501  	24.4260   	1.640608    
 502  	24.4748   	0.703108    
 503  	24.5237   	0.203108    
 504  	24.5725   	-0.296892   
 505  	24.6214   	-0.515642   
 506  	24.6702   	-0.593767   
 507  	24.7191   	-0.531267   
 508  	24.7680   	-0.046892   
 509  	24.8168   	0.374983    
 510  	24.8657   	0.609358    
 511  	24.9145   	0.828108    
 512  	24.9634   	0.781233    
 513  	25.0122   	0.874983    
 514  	25.0611   	0.781233    
 515  	25.1099   	0.562483    
 516  	25.1588   	0.609358    
 517  	25.2076   	0.624983    
 518  	25.2565   	0.687483    
 519  	25.3053   	0.593733    
 520  	25.3542   	0.531233    
 521  	25.4030   	0.265608    
 522  	25.4519   	0.359358    
 523  	25.5007   	0.093733    
 524  	25.5496   	-0.406267   
 525  	25.5984   	-0.375017   
 526  	25.6473   	-0.203142   
 527  	25.6961   	-0.031267   
 528  	25.7450   	0.390608    
 529  	25.7938   	1.062483    
 530  	25.8427   	1.296858    
 531  	25.8915   	1.421858    
 532  	25.9404   	1.593733    
 533  	25.9893   	1.390608    
 534  	26.0381   	0.765608    
 535  	26.0870   	0.156233    
 536  	26.1358   	-0.046892   
 537  	26.1847   	-0.359392   
 538  	26.2335   	-0.796892   
 539  	26.2824   	-0.531267   
 540  	26.3312   	0.093733    
 541  	26.3801   	0.484358    
 542  	26.4289   	0.734358    
 543  	26.4778   	1.093733    
 544  	26.5266   	1.234358    
 545  	26.5755   	1.109358    
 546  	26.6243   	0.671858    
 547  	26.6732   	0.703108    
 548  	26.7220   	0.343733    
 549  	26.7709   	0.296858    
 550  	26.8197   	0.265608    
 551  	26.8686   	0.265608    
 552  	26.9174   	0.437483    
 553  	26.9663   	0.140608    
 554  	27.0151   	0.171858    
 555  	27.0640   	0.515608    
 556  	27.1128   	0.421858    
 557  	27.1617   	0.671858    
 558  	27.2106   	0.468733    
 559  	27.2594   	0.703108    
 560  	27.3083   	0.703108    
 561  	27.3571   	0.734358    
 562  	27.4060   	0.968733    
 563  	27.4548   	0.828108    
 564  	27.5037   	0.734358    
 565  	27.5525   	0.546858    
 566  	27.6014   	0.421858    
 567  	27.6502   	0.249983    
 568  	27.6991   	0.218733    
 569  	27.7479   	-0.062517   
 570  	27.7968   	0.124983    
 571  	27.8456   	0.156233    
 572  	27.8945   	0.234358    
 573  	27.9433   	0.546858    
 574  	27.9922   	1.046858    
 575  	28.0410   	0.921858    
 576  	28.0899   	1.265608    
 577  	28.1387   	0.921858    
 578  	28.1876   	0.468733    
 579  	28.2364   	0.234358    
 580  	28.2853   	0.078108    
 581  	28.3341   	0.187483    
 582  	28.3830   	0.546858    
 583  	28.4319   	0.374983    
 584  	28.4807   	0.453108    
 585  	28.5296   	0.484358    
 586  	28.5784   	0.531233    
 587  	28.6273   	0.624983    
 588  	28.6761   	0.781233    
 589  	28.7250   	0.656233    
 590  	28.7738   	0.312483    
 591  	28.8227   	0.609358    
 592  	28.8715   	0.406233    
 593  	28.9204   	0.703108    
 594  	28.9692   	0.281233    
 595  	29.0181   	0.249983    
 596  	29.0669   	0.374983    
 597  	29.1158   	0.609358    
 598  	29.1646   	0.687483    
 599  	29.2135   	0.406233    
 600  	29.2623   	0.359358    
 601  	29.3112   	0.406233    
 602  	29.3600   	0.515608    
 603  	29.4089   	0.484358    
 604  	29.4577   	0.562483    
 605  	29.5066   	0.609358    
 606  	29.5554   	0.937483    
 607  	29.6043   	0.906233    
 608  	29.6532   	0.656233    
 609  	29.7020   	0.374983    
 610  	29.7509   	0.328108    
 611  	29.7997   	0.187483    
 612  	29.8486   	0.390608    
 613  	29.8974   	-0.015642   
 614  	29.9463   	0.078108    
 615  	29.9951   	0.093733    
 616  	30.0440   	0.374983    
 617  	30.0928   	0.624983    
 618  	30.1417   	0.874983    
 619  	30.1905   	0.890608    
 620  	30.2394   	0.546858    
 621  	30.2882   	0.468733    
 622  	30.3371   	0.562483    
 623  	30.3859   	0.609358    
 624  	30.4348   	0.640608    
 625  	30.4836   	0.671858    
 626  	30.5325   	0.359358    
 627  	30.5813   	0.234358    
 628  	30.6302   	0.328108    
 629  	30.6790   	0.312483    
 630  	30.7279   	0.296858    
 631  	30.7767   	0.343733    
 632  	30.8256   	0.390608    
 633  	30.8745   	0.437483    
 634  	30.9233   	0.765608    
 635  	30.9722   	0.609358    
 636  	31.0210   	0.390608    
 637  	31.0699   	0.562483    
 638  	31.1187   	0.828108    
 639  	31.1676   	0.390608    
 640  	31.2164   	0.468733    
 641  	31.2653   	0.265608    
 642  	31.3141   	0.437483    
 643  	31.3630   	0.156233    
 644  	31.4118   	0.437483    
 645  	31.4607   	0.453108    
 646  	31.5095   	0.218733    
 647  	31.5584   	0.453108    
 648  	31.6072   	0.499983    
 649  	31.6561   	0.437483    
 650  	31.7049   	0.718733    
 651  	31.7538   	0.499983    
 652  	31.8026   	0.515608    
 653  	31.8515   	0.578108    
 654  	31.9003   	0.593733    
 655  	31.9492   	0.734358    
 656  	31.9980   	0.499983    
 657  	32.0469   	0.281233    
 658  	32.0957   	0.437483    
 659  	32.1446   	0.374983    
 660  	32.1935   	0.609358    
 661  	32.2423   	0.531233    
 662  	32.2912   	0.421858    
 663  	32.3400   	0.953108    
 664  	32.3889   	0.406233    
 665  	32.4377   	0.562483    
 666  	32.4866   	0.437483    
 667  	32.5354   	0.406233    
 668  	32.5843   	0.421858    
 669  	32.6331   	0.421858    
 670  	32.6820   	0.156233    
 671  	32.7308   	0.421858    
 672  	32.7797   	0.406233    
 673  	32.8285   	0.296858    
 674  	32.8774   	0.234358    
 675  	32.9262   	0.296858    
 676  	32.9751   	0.328108    
 677  	33.0239   	0.515608    
 678  	33.0728   	0.265608    
 679  	33.1216   	0.390608    
 680  	33.1705   	0.531233    
 681  	33.2193   	0.687483    
 682  	33.2682   	0.640608    
 683  	33.3170   	0.656233    
 684  	33.3659   	0.374983    
 685  	33.4148   	0.484358    
 686  	33.4636   	0.390608    
 687  	33.5125   	0.328108    
 688  	33.5613   	0.390608    
 689  	33.6102   	0.531233    
 690  	33.6590   	0.484358    
 691  	33.7079   	0.703108    
 692  	33.7567   	0.437483    
 693  	33.8056   	0.531233    
 694  	33.8544   	0.562483    
 695  	33.9033   	0.562483    
 696  	33.9521   	0.531233    
 697  	34.0010   	0.421858    
 698  	34.0498   	0.609358    
 699  	34.0987   	0.734358    
 700  	34.1475   	0.796858    
 701  	34.1964   	0.484358    
 702  	34.2452   	0.484358    
 703  	34.2941   	0.328108    
 704  	34.3429   	0.562483    
 705  	34.3918   	0.453108    
 706  	34.4406   	0.437483    
 707  	34.4895   	0.218733    
 708  	34.5383   	0.406233    
 709  	34.5872   	0.624983    
 710  	34.6361   	0.515608    
 711  	34.6849   	0.484358    
 712  	34.7338   	0.296858    
 713  	34.7826   	0.124983    
 714  	34.8315   	0.390608    
 715  	34.8803   	0.499983    
 716  	34.9292   	0.374983    
 717  	34.9780   	0.468733    
 718  	35.0269   	0.312483    
 719  	35.0757   	0.265608    
 720  	35.1246   	0.249983    
 721  	35.1734   	0.453108    
 722  	35.2223   	0.359358    
 723  	35.2711   	0.312483    
 724  	35.3200   	0.531233    
 725  	35.3688   	0.484358    
 726  	35.4177   	0.578108    
 727  	35.4665   	0.843733    
 728  	35.5154   	0.515608    
 729  	35.5642   	0.249983    
 730  	35.6131   	0.062483    
 731  	35.6619   	0.265608    
 732  	35.7108   	0.468733    
 733  	35.7596   	0.281233    
 734  	35.8085   	0.359358    
 735  	35.8574   	0.578108    
 736  	35.9062   	0.437483    
 737  	35.9551   	0.312483    
 738  	36.0039   	0.484358    
 739  	36.0528   	0.578108    
 740  	36.1016   	0.718733    
 741  	36.1505   	0.421858    
 742  	36.1993   	0.656233    
 743  	36.2482   	0.546858    
 744  	36.2970   	0.499983    
 745  	36.3459   	0.484358    
 746  	36.3947   	0.593733    
 747  	36.4436   	0.421858    
 748  	36.4924   	0.359358    
 749  	36.5413   	0.124983    
 750  	36.5901   	0.359358    
 751  	36.6390   	0.546858    
 752  	36.6878   	0.343733    
 753  	36.7367   	0.453108    
 754  	36.7855   	0.468733    
 755  	36.8344   	0.687483    
 756  	36.8832   	0.484358    
 757  	36.9321   	0.437483    
 758  	36.9809   	0.421858    
 759  	37.0298   	0.328108    
 760  	37.0787   	0.656233    
 761  	37.1275   	0.640608    
 762  	37.1764   	0.156233    
 763  	37.2252   	0.203108    
 764  	37.2741   	0.468733    
 765  	37.3229   	0.374983    
 766  	37.3718   	0.359358    
 767  	37.4206   	0.515608    
 768  	37.4695   	0.406233    
 769  	37.5183   	0.281233    
 770  	37.5672   	0.328108    
 771  	37.6160   	0.359358    
 772  	37.6649   	0.484358    
 773  	37.7137   	0.296858    
 774  	37.7626   	0.593733    
 775  	37.8114   	0.234358    
 776  	37.8603   	0.562483    
 777  	37.9091   	0.265608    
 778  	37.9580   	0.421858    
 779  	38.0068   	0.468733    
 780  	38.0557   	0.312483    
 781  	38.1045   	0.421858    
 782  	38.1534   	0.515608    
 783  	38.2022   	0.484358    
 784  	38.2511   	0.374983    
 785  	38.3000   	0.468733    
 786  	38.3488   	0.515608    
 787  	38.3977   	0.578108    
 788  	38.4465   	0.390608    
 789  	38.4954   	0.656233    
 790  	38.5442   	0.609358    
 791  	38.5931   	0.359358    
 792  	38.6419   	0.593733    
 793  	38.6908   	0.406233    
 794  	38.7396   	0.281233    
 795  	38.7885   	0.484358    
 796  	38.8373   	0.359358    
 797  	38.8862   	0.671858    
 798  	38.9350   	0.390608    
 799  	38.9839   	0.484358    
 800  	39.0327   	0.406233    
 801  	39.0816   	0.390608    
 802  	39.1304   	0.265608    
 803  	39.1793   	0.312483    
 804  	39.2281   	0.546858    
 805  	39.2770   	0.374983    
 806  	39.3258   	0.703108    
 807  	39.3747   	0.671858    
 808  	39.4235   	0.484358    
 809  	39.4724   	0.406233    
 810  	39.5213   	0.578108    
 811  	39.5701   	0.390608    
 812  	39.6190   	0.484358    
 813  	39.6678   	0.484358    
 814  	39.7167   	0.499983    
 815  	39.7655   	0.218733    
 816  	39.8144   	0.406233    
 817  	39.8632   	0.437483    
 818  	39.9121   	0.765608    
 819  	39.9609   	0.328108    
 820  	40.0098   	0.437483    
 821  	40.0586   	0.515608    
 822  	40.1075   	0.656233    
 823  	40.1563   	0.484358    
 824  	40.2052   	0.249983    
 825  	40.2540   	0.468733    
 826  	40.3029   	0.703108    
 827  	40.3517   	0.546858    
 828  	40.4006   	0.656233    
 829  	40.4494   	0.453108    
 830  	40.4983   	0.312483    
 831  	40.5471   	0.468733    
 832  	40.5960   	0.546858    
 833  	40.6448   	0.640608    
 834  	40.6937   	0.374983    
 835  	40.7425   	0.296858    
 836  	40.7914   	0.562483    
 837  	40.8403   	0.640608    
 838  	40.8891   	0.749983    
 839  	40.9380   	0.593733    
 840  	40.9868   	0.718733    
 841  	41.0357   	0.687483    
 842  	41.0845   	0.624983    
 843  	41.1334   	0.703108    
 844  	41.1822   	0.468733    
 845  	41.2311   	0.468733    
 846  	41.2799   	0.218733    
 847  	41.3288   	0.468733    
 848  	41.3776   	0.124983    
 849  	41.4265   	0.156233    
 850  	41.4753   	0.156233    
 851  	41.5242   	0.437483    
 852  	41.5730   	0.718733    
 853  	41.6219   	0.578108    
 854  	41.6707   	0.609358    
 855  	41.7196   	0.328108    
 856  	41.7684   	0.124983    
 857  	41.8173   	0.515608    
 858  	41.8661   	0.593733    
 859  	41.9150   	0.437483    
 860  	41.9638   	0.421858    
 861  	42.0127   	0.656233    
 862  	42.0616   	0.687483    
 863  	42.1104   	0.562483    
 864  	42.1593   	0.687483    
 865  	42.2081   	0.374983    
 866  	42.2570   	0.328108    
 867  	42.3058   	0.484358    
 868  	42.3547   	0.531233    
 869  	42.4035   	0.406233    
 870  	42.4524   	0.406233    
 871  	42.5012   	0.343733    
 872  	42.5501   	0.249983    
 873  	42.5989   	0.515608    
 874  	42.6478   	0.468733    
 875  	42.6966   	0.562483    
 876  	42.7455   	0.343733    
 877  	42.7943   	0.437483    
 878  	42.8432   	0.374983    
 879  	42.8920   	0.328108    
 880  	42.9409   	0.453108    
 881  	42.9897   	0.406233    
 882  	43.0386   	0.656233    
 883  	43.0874   	0.640608    
 884  	43.1363   	0.546858    
 885  	43.1851   	0.734358    
 886  	43.2340   	0.609358    
 887  	43.2829   	0.234358    
 888  	43.3317   	0.453108    
 889  	43.3806   	0.421858    
 890  	43.4294   	0.546858    
 891  	43.4783   	0.359358    
 892  	43.5271   	0.593733    
 893  	43.5760   	0.249983    
 894  	43.6248   	0.515608    
 895  	43.6737   	0.593733    
 896  	43.7225   	0.312483    
 897  	43.7714   	0.390608    
 898  	43.8202   	0.265608    
 899  	43.8691   	0.468733    
 900  	43.9179   	0.374983    
 901  	43.9668   	0.562483    
 902  	44.0156   	0.421858    
 903  	44.0645   	0.499983    
 904  	44.1133   	0.609358    
 905  	44.1622   	0.421858    
 906  	44.2110   	0.359358    
 907  	44.2599   	0.390608    
 908  	44.3087   	0.593733    
 909  	44.3576   	0.265608    
 910  	44.4064   	0.624983    
 911  	44.4553   	0.515608    
 912  	44.5042   	0.390608    
 913  	44.5530   	0.656233    
 914  	44.6019   	0.656233    
 915  	44.6507   	0.437483    
 916  	44.6996   	0.374983    
 917  	44.7484   	0.515608    
 918  	44.7973   	0.578108    
 919  	44.8461   	0.562483    
 920  	44.8950   	0.781233    
 921  	44.9438   	0.531233    
 922  	44.9927   	0.390608    
 923  	45.0415   	0.515608    
 924  	45.0904   	0.499983    
 925  	45.1392   	0.656233    
 926  	45.1881   	0.578108    
 927  	45.2369   	0.468733    
 928  	45.2858   	0.609358    
 929  	45.3346   	0.718733    
 930  	45.3835   	0.671858    
 931  	45.4323   	0.437483    
 932  	45.4812   	0.562483    
 933  	45.5300   	0.687483    
 934  	45.5789   	0.499983    
 935  	45.6277   	0.515608    
 936  	45.6766   	0.499983    
 937  	45.7255   	0.390608    
 938  	45.7743   	0.218733    
 939  	45.8232   	0.703108    
 940  	45.8720   	0.640608    
 941  	45.9209   	0.296858    
 942  	45.9697   	0.624983    
 943  	46.0186   	0.249983    
 944  	46.0674   	0.453108    
 945  	46.1163   	0.234358    
 946  	46.1651   	0.234358    
 947  	46.2140   	0.281233    
 948  	46.2628   	0.562483    
 949  	46.3117   	0.546858    
 950  	46.3605   	0.437483    
 951  	46.4094   	0.671858    
 952  	46.4582   	0.515608    
 953  	46.5071   	0.546858    
 954  	46.5559   	0.343733    
 955  	46.6048   	0.390608    
 956  	46.6536   	0.234358    
 957  	46.7025   	0.828108    
 958  	46.7513   	0.578108    
 959  	46.8002   	0.515608    
 960  	46.8490   	0.484358    
 961  	46.8979   	0.578108    
 962  	46.9468   	0.265608    
 963  	46.9956   	0.421858    
 964  	47.0445   	0.531233    
 965  	47.0933   	0.499983    
 966  	47.1422   	0.359358    
 967  	47.1910   	0.749983    
 968  	47.2399   	0.515608    
 969  	47.2887   	0.234358    
 970  	47.3376   	0.406233    
 971  	47.3864   	0.687483    
 972  	47.4353   	0.937483    
 973  	47.4841   	0.484358    
 974  	47.5330   	0.468733    
 975  	47.5818   	0.484358    
 976  	47.6307   	0.515608    
 977  	47.6795   	0.421858    
 978  	47.7284   	0.593733    
 979  	47.7772   	0.671858    
 980  	47.8261   	0.609358    
 981  	47.8749   	0.812483    
 982  	47.9238   	0.656233    
 983  	47.9726   	0.593733    
 984  	48.0215   	0.359358    
 985  	48.0703   	0.296858    
 986  	48.1192   	0.406233    
 987  	48.1681   	0.249983    
 988  	48.2169   	0.390608    
 989  	48.2658   	0.265608    
 990  	48.3146   	0.374983    
 991  	48.3635   	0.390608    
 992  	48.4123   	0.281233    
 993  	48.4612   	0.343733    
 994  	48.5100   	0.484358    
 995  	48.5589   	0.546858    
 996  	48.6077   	0.499983    
 997  	48.6566   	0.312483    
 998  	48.7054   	0.515608    
 999  	48.7543   	0.546858    
 1000 	48.8031   	0.296858    
 1001 	48.8520   	0.562483    
 1002 	48.9008   	0.656233    
 1003 	48.9497   	0.312483    
 1004 	48.9985   	0.249983    
 1005 	49.0474   	0.468733    
 1006 	49.0962   	0.468733    
 1007 	49.1451   	0.609358    
 1008 	49.1939   	0.656233    
 1009 	49.2428   	0.749983    
 1010 	49.2916   	0.421858    
 1011 	49.3405   	0.749983    
 1012 	49.3893   	0.468733    
 1013 	49.4382   	0.499983    
 1014 	49.4871   	0.468733    
 1015 	49.5359   	0.312483    
 1016 	49.5848   	0.499983    
 1017 	49.6336   	0.234358    
 1018 	49.6825   	0.531233    
 1019 	49.7313   	0.265608    
 1020 	49.7802   	0.374983    
 1021 	49.8290   	0.203108    
 1022 	49.8779   	0.515608    
 1023 	49.9267   	0.609358    
 1024 	49.9756   	0.343733    
 1025 	50.0244   	0.484358    
 1026 	50.0733   	0.406233    
 1027 	50.1221   	0.328108    
 1028 	50.1710   	0.406233    
 1029 	50.2198   	0.484358    
 1030 	50.2687   	0.203108    
 1031 	50.3175   	0.359358    
 1032 	50.3664   	0.749983    
 1033 	50.4152   	0.593733    
 1034 	50.4641   	0.562483    
 1035 	50.5129   	0.406233    
 1036 	50.5618   	0.328108    
 1037 	50.6106   	0.359358    
 1038 	50.6595   	0.437483    
 1039 	50.7084   	0.343733    
 1040 	50.7572   	0.390608    
 1041 	50.8061   	0.812483    
 1042 	50.8549   	0.687483    
 1043 	50.9038   	0.843733    
 1044 	50.9526   	0.468733    
 1045 	51.0015   	0.281233    
 1046 	51.0503   	0.515608    
 1047 	51.0992   	0.421858    
 1048 	51.1480   	0.703108    
 1049 	51.1969   	0.562483    
 1050 	51.2457   	0.468733    
 1051 	51.2946   	0.249983    
 1052 	51.3434   	0.281233    
 1053 	51.3923   	0.296858    
 1054 	51.4411   	0.515608    
 1055 	51.4900   	0.499983    
 1056 	51.5388   	0.374983    
 1057 	51.5877   	0.515608    
 1058 	51.6365   	0.640608    
 1059 	51.6854   	0.531233    
 1060 	51.7342   	0.468733    
 1061 	51.7831   	0.515608    
 1062 	51.8319   	0.578108    
 1063 	51.8808   	0.656233    
 1064 	51.9297   	0.421858    
 1065 	51.9785   	0.453108    
 1066 	52.0274   	0.624983    
 1067 	52.0762   	0.578108    
 1068 	52.1251   	0.656233    
 1069 	52.1739   	0.296858    
 1070 	52.2228   	0.109358    
 1071 	52.2716   	0.265608    
 1072 	52.3205   	0.703108    
 1073 	52.3693   	0.656233    
 1074 	52.4182   	0.703108    
 1075 	52.4670   	0.499983    
 1076 	52.5159   	0.640608    
 1077 	52.5647   	0.312483    
 1078 	52.6136   	0.374983    
 1079 	52.6624   	0.593733    
 1080 	52.7113   	0.531233    
 1081 	52.7601   	0.562483    
 1082 	52.8090   	0.718733    
 1083 	52.8578   	0.499983    
 1084 	52.9067   	0.515608    
 1085 	52.9555   	0.390608    
 1086 	53.0044   	0.656233    
 1087 	53.0532   	0.609358    
 1088 	53.1021   	0.515608    
 1089 	53.1510   	0.499983    
 1090 	53.1998   	0.265608    
 1091 	53.2487   	0.234358    
 1092 	53.2975   	0.484358    
 1093 	53.3464   	0.390608    
 1094 	53.3952   	0.593733    
 1095 	53.4441   	0.484358    
 1096 	53.4929   	0.453108    
 1097 	53.5418   	0.640608    
 1098 	53.5906   	0.406233    
 1099 	53.6395   	0.656233    
 1100 	53.6883   	0.578108    
 1101 	53.7372   	0.703108    
 1102 	53.7860   	0.546858    
 1103 	53.8349   	0.484358    
 1104 	53.8837   	0.468733    
 1105 	53.9326   	0.531233    
 1106 	53.9814   	0.640608    
 1107 	54.0303   	0.328108    
 1108 	54.0791   	0.249983    
 1109 	54.1280   	0.406233    
 1110 	54.1768   	0.546858    
 1111 	54.2257   	0.281233    
 1112 	54.2745   	0.593733    
 1113 	54.3234   	0.499983    
 1114 	54.3723   	0.499983    
 1115 	54.4211   	0.312483    
 1116 	54.4700   	0.296858    
 1117 	54.5188   	0.359358    
 1118 	54.5677   	0.531233    
 1119 	54.6165   	0.437483    
 1120 	54.6654   	0.187483    
 1121 	54.7142   	0.281233    
 1122 	54.7631   	0.374983    
 1123 	54.8119   	0.562483    
 1124 	54.8608   	0.703108    
 1125 	54.9096   	0.437483    
 1126 	54.9585   	0.515608    
 1127 	55.0073   	0.593733    
 1128 	55.0562   	0.468733    
 1129 	55.1050   	0.593733    
 1130 	55.1539   	0.624983    
 1131 	55.2027   	0.359358    
 1132 	55.2516   	0.390608    
 1133 	55.3004   	0.640608    
 1134 	55.3493   	0.546858    
 1135 	55.3981   	0.593733    
 1136 	55.4470   	0.484358    
 1137 	55.4958   	0.281233    
 1138 	55.5447   	0.453108    
 1139 	55.5936   	0.281233    
 1140 	55.6424   	0.453108    
 1141 	55.6913   	0.671858    
 1142 	55.7401   	0.515608    
 1143 	55.7890   	0.531233    
 1144 	55.8378   	0.453108    
 1145 	55.8867   	0.578108    
 1146 	55.9355   	0.484358    
 1147 	55.9844   	0.156233    
 1148 	56.0332   	0.218733    
 1149 	56.0821   	0.406233    
 1150 	56.1309   	0.453108    
 1151 	56.1798   	0.718733    
 1152 	56.2286   	0.749983    
 1153 	56.2775   	0.593733    
 1154 	56.3263   	0.437483    
 1155 	56.3752   	0.546858    
 1156 	56.4240   	0.609358    
 1157 	56.4729   	0.468733    
 1158 	56.5217   	0.515608    
 1159 	56.5706   	0.499983    
 1160 	56.6194   	0.296858    
 1161 	56.6683   	0.593733    
 1162 	56.7171   	0.359358    
 1163 	56.7660   	0.374983    
 1164 	56.8149   	0.515608    
 1165 	56.8637   	0.468733    
 1166 	56.9126   	0.546858    
 1167 	56.9614   	0.828108    
 1168 	57.0103   	0.640608    
 1169 	57.0591   	0.531233    
 1170 	57.1080   	0.703108    
 1171 	57.1568   	0.515608    
 1172 	57.2057   	0.593733    
 1173 	57.2545   	0.437483    
 1174 	57.3034   	0.468733    
 1175 	57.3522   	0.421858    
 1176 	57.4011   	0.453108    
 1177 	57.4499   	0.468733    
 1178 	57.4988   	0.515608    
 1179 	57.5476   	0.406233    
 1180 	57.5965   	0.640608    
 1181 	57.6453   	0.484358    
 1182 	57.6942   	0.421858    
 1183 	57.7430   	0.499983    
 1184 	57.7919   	0.578108    
 1185 	57.8407   	0.546858    
 1186 	57.8896   	0.421858    
 1187 	57.9384   	0.390608    
 1188 	57.9873   	0.468733    
 1189 	58.0361   	0.437483    
 1190 	58.0850   	0.515608    
 1191 	58.1339   	0.468733    
 1192 	58.1827   	0.609358    
 1193 	58.2316   	0.374983    
 1194 	58.2804   	0.281233    
 1195 	58.3293   	0.515608    
 1196 	58.3781   	0.484358    
 1197 	58.4270   	0.640608    
 1198 	58.4758   	0.374983    
 1199 	58.5247   	0.437483    
 1200 	58.5735   	0.546858    
 1201 	58.6224   	0.515608    
 1202 	58.6712   	0.437483    
 1203 	58.7201   	0.499983    
 1204 	58.7689   	0.421858    
 1205 	58.8178   	0.593733    
 1206 	58.8666   	0.421858    
 1207 	58.9155   	0.562483    
 1208 	58.9643   	0.515608    
 1209 	59.0132   	0.359358    
 1210 	59.0620   	0.343733    
 1211 	59.1109   	0.453108    
 1212 	59.1597   	0.359358    
 1213 	59.2086   	0.515608    
 1214 	59.2574   	0.328108    
 1215 	59.3063   	0.437483    
 1216 	59.3552   	0.515608    
 1217 	59.4040   	0.609358    
 1218 	59.4529   	0.546858    
 1219 	59.5017   	0.546858    
 1220 	59.5506   	0.296858    
 1221 	59.5994   	0.343733    
 1222 	59.6483   	0.453108    
 1223 	59.6971   	0.234358    
 1224 	59.7460   	0.515608    
 1225 	59.7948   	0.546858    
 1226 	59.8437   	0.484358    
 1227 	59.8925   	0.749983    
 1228 	59.9414   	0.546858    
 1229 	59.9902   	0.265608    
 1230 	60.0391   	0.624983    
 1231 	60.0879   	0.703108    
 1232 	60.1368   	0.499983    
 1233 	60.1856   	0.640608    
 1234 	60.2345   	0.578108    
 1235 	60.2833   	0.687483    
 1236 	60.3322   	0.562483    
 1237 	60.3810   	0.374983    
 1238 	60.4299   	0.406233    
 1239 	60.4787   	0.343733    
 1240 	60.5276   	0.499983    
 1241 	60.5765   	0.578108    
 1242 	60.6253   	0.562483    
 1243 	60.6742   	0.671858    
 1244 	60.7230   	0.593733    
 1245 	60.7719   	0.578108    
 1246 	60.8207   	0.437483    
 1247 	60.8696   	0.421858    
 1248 	60.9184   	0.531233    
 1249 	60.9673   	0.421858    
 1250 	61.0161   	0.249983    
 1251 	61.0650   	0.374983    
 1252 	61.1138   	0.374983    
 1253 	61.1627   	0.281233    
 1254 	61.2115   	0.499983    
 1255 	61.2604   	0.171858    
 1256 	61.3092   	0.656233    
 1257 	61.3581   	0.812483    
 1258 	61.4069   	0.578108    
 1259 	61.4558   	0.437483    
 1260 	61.5046   	0.609358    
 1261 	61.5535   	0.562483    
 1262 	61.6023   	0.515608    
 1263 	61.6512   	0.749983    
 1264 	61.7000   	0.796858    
 1265 	61.7489   	0.609358    
 1266 	61.7978   	0.531233    
 1267 	61.8466   	0.781233    
 1268 	61.8955   	0.484358    
 1269 	61.9443   	0.265608    
 1270 	61.9932   	0.281233    
 1271 	62.0420   	0.593733    
 1272 	62.0909   	0.343733    
 1273 	62.1397   	0.484358    
 1274 	62.1886   	0.531233    
 1275 	62.2374   	0.609358    
 1276 	62.2863   	0.687483    
 1277 	62.3351   	0.468733    
 1278 	62.3840   	0.374983    
 1279 	62.4328   	0.499983    
 1280 	62.4817   	0.421858    
 1281 	62.5305   	0.578108    
 1282 	62.5794   	0.328108    
 1283 	62.6282   	0.343733    
 1284 	62.6771   	0.656233    
 1285 	62.7259   	0.515608    
 1286 	62.7748   	0.624983    
 1287 	62.8236   	0.624983    
 1288 	62.8725   	0.374983    
 1289 	62.9213   	0.515608    
 1290 	62.9702   	0.578108    
 1291 	63.0191   	0.531233    
 1292 	63.0679   	0.453108    
 1293 	63.1168   	0.109358    
 1294 	63.1656   	0.546858    
 1295 	63.2145   	0.390608    
 1296 	63.2633   	0.499983    
 1297 	63.3122   	0.546858    
 1298 	63.3610   	0.453108    
 1299 	63.4099   	0.406233    
 1300 	63.4587   	0.578108    
 1301 	63.5076   	0.468733    
 1302 	63.5564   	0.312483    
 1303 	63.6053   	0.015608    
 1304 	63.6541   	0.390608    
 1305 	63.7030   	0.421858    
 1306 	63.7518   	0.484358    
 1307 	63.8007   	0.531233    
 1308 	63.8495   	0.453108    
 1309 	63.8984   	0.749983    
 1310 	63.9472   	0.640608    
 1311 	63.9961   	0.562483    
 1312 	64.0449   	0.499983    
 1313 	64.0938   	0.312483    
 1314 	64.1426   	0.499983    
 1315 	64.1915   	0.343733    
 1316 	64.2404   	0.578108    
 1317 	64.2892   	0.671858    
 1318 	64.3381   	0.624983    
 1319 	64.3869   	0.374983    
 1320 	64.4358   	0.156233    
 1321 	64.4846   	0.249983    
 1322 	64.5335   	0.499983    
 1323 	64.5823   	0.593733    
 1324 	64.6312   	0.328108    
 1325 	64.6800   	0.687483    
 1326 	64.7289   	0.406233    
 1327 	64.7777   	0.531233    
 1328 	64.8266   	0.562483    
 1329 	64.8754   	0.437483    
 1330 	64.9243   	0.468733    
 1331 	64.9731   	0.249983    
 1332 	65.0220   	0.265608    
 1333 	65.0708   	0.359358    
 1334 	65.1197   	0.453108    
 1335 	65.1685   	0.531233    
 1336 	65.2174   	0.203108    
 1337 	65.2662   	0.218733    
 1338 	65.3151   	0.703108    
 1339 	65.3639   	0.562483    
 1340 	65.4128   	0.453108    
 1341 	65.4617   	0.578108    
 1342 	65.5105   	0.734358    
 1343 	65.5594   	0.749983    
 1344 	65.6082   	0.703108    
 1345 	65.6571   	0.656233    
 1346 	65.7059   	0.390608    
 1347 	65.7548   	0.140608    
 1348 	65.8036   	0.453108    
 1349 	65.8525   	0.687483    
 1350 	65.9013   	0.499983    
 1351 	65.9502   	0.515608    
 1352 	65.9990   	0.390608    
 1353 	66.0479   	0.453108    
 1354 	66.0967   	0.406233    
 1355 	66.1456   	0.374983    
 1356 	66.1944   	0.531233    
 1357 	66.2433   	0.468733    
 1358 	66.2921   	0.296858    
 1359 	66.3410   	0.421858    
 1360 	66.3898   	0.593733    
 1361 	66.4387   	0.437483    
 1362 	66.4875   	0.468733    
 1363 	66.5364   	0.124983    
 1364 	66.5852   	0.296858    
 1365 	66.6341   	0.203108    
 1366 	66.6830   	0.124983    
 1367 	66.7318   	0.531233    
 1368 	66.7807   	0.484358    
 1369 	66.8295   	0.609358    
 1370 	66.8784   	0.687483    
 1371 	66.9272   	0.874983    
 1372 	66.9761   	0.609358    
 1373 	67.0249   	0.796858    
 1374 	67.0738   	0.593733    
 1375 	67.1226   	0.359358    
 1376 	67.1715   	0.359358    
 1377 	67.2203   	0.390608    
 1378 	67.2692   	-0.078142   
 1379 	67.3180   	-0.062517   
 1380 	67.3669   	0.171858    
 1381 	67.4157   	0.124983    
 1382 	67.4646   	0.281233    
 1383 	67.5134   	0.437483    
 1384 	67.5623   	0.656233    
 1385 	67.6111   	0.874983    
 1386 	67.6600   	1.171858    
 1387 	67.7088   	1.124983    
 1388 	67.7577   	0.890608    
 1389 	67.8065   	0.640608    
 1390 	67.8554   	0.187483    
 1391 	67.9042   	-0.062517   
 1392 	67.9531   	-0.343767   
 1393 	68.0020   	0.265608    
 1394 	68.0508   	0.203108    
 1395 	68.0997   	0.406233    
 1396 	68.1485   	0.578108    
 1397 	68.1974   	1.015608    
 1398 	68.2462   	1.171858    
 1399 	68.2951   	1.218733    
 1400 	68.3439   	0.968733    
 1401 	68.3928   	0.828108    
 1402 	68.4416   	0.499983    
 1403 	68.4905   	0.093733    
 1404 	68.5393   	0.265608    
 1405 	68.5882   	0.093733    
 1406 	68.6370   	0.203108    
 1407 	68.6859   	0.265608    
 1408 	68.7347   	0.171858    
 1409 	68.7836   	0.296858    
 1410 	68.8324   	0.656233    
 1411 	68.8813   	0.953108    
 1412 	68.9301   	0.828108    
 1413 	68.9790   	0.718733    
 1414 	69.0278   	0.656233    
 1415 	69.0767   	0.609358    
 1416 	69.1255   	0.312483    
 1417 	69.1744   	0.187483    
 1418 	69.2233   	0.359358    
 1419 	69.2721   	0.296858    
 1420 	69.3210   	0.328108    
 1421 	69.3698   	0.437483    
 1422 	69.4187   	0.468733    
 1423 	69.4675   	0.406233    
 1424 	69.5164   	0.359358    
 1425 	69.5652   	0.203108    
 1426 	69.6141   	0.499983    
 1427 	69.6629   	0.374983    
 1428 	69.7118   	0.562483    
 1429 	69.7606   	0.499983    
 1430 	69.8095   	0.781233    
 1431 	69.8583   	0.499983    
 1432 	69.9072   	0.546858    
 1433 	69.9560   	0.390608    
 1434 	70.0049   	0.343733    
 1435 	70.0537   	0.343733    
 1436 	70.1026   	0.046858    
 1437 	70.1514   	0.312483    
 1438 	70.2003   	0.468733    
 1439 	70.2491   	0.281233    
 1440 	70.2980   	0.359358    
 1441 	70.3468   	0.531233    
 1442 	70.3957   	0.999983    
 1443 	70.4446   	0.609358    
 1444 	70.4934   	0.640608    
 1445 	70.5423   	0.749983    
 1446 	70.5911   	0.656233    
 1447 	70.6400   	0.734358    
 1448 	70.6888   	0.265608    
 1449 	70.7377   	0.453108    
 1450 	70.7865   	0.124983    
 1451 	70.8354   	0.421858    
 1452 	70.8842   	0.421858    
 1453 	70.9331   	0.187483    
 1454 	70.9819   	0.328108    
 1455 	71.0308   	0.406233    
 1456 	71.0796   	0.453108    
 1457 	71.1285   	0.390608    
 1458 	71.1773   	0.781233    
 1459 	71.2262   	0.499983    
 1460 	71.2750   	0.671858    
 1461 	71.3239   	0.453108    
 1462 	71.3727   	0.234358    
 1463 	71.4216   	0.390608    
 1464 	71.4704   	0.546858    
 1465 	71.5193   	0.453108    
 1466 	71.5681   	0.515608    
 1467 	71.6170   	0.578108    
 1468 	71.6659   	0.484358    
 1469 	71.7147   	0.140608    
 1470 	71.7636   	0.312483    
 1471 	71.8124   	0.234358    
 1472 	71.8613   	0.468733    
 1473 	71.9101   	0.484358    
 1474 	71.9590   	0.421858    
 1475 	72.0078   	0.624983    
 1476 	72.0567   	0.421858    
 1477 	72.1055   	0.546858    
 1478 	72.1544   	0.203108    
 1479 	72.2032   	0.296858    
 1480 	72.2521   	0.156233    
 1481 	72.3009   	0.437483    
 1482 	72.3498   	0.453108    
 1483 	72.3986   	0.484358    
 1484 	72.4475   	0.421858    
 1485 	72.4963   	0.281233    
 1486 	72.5452   	0.296858    
 1487 	72.5940   	0.328108    
 1488 	72.6429   	0.562483    
 1489 	72.6917   	0.421858    
 1490 	72.7406   	0.374983    
 1491 	72.7894   	0.578108    
 1492 	72.8383   	0.453108    
 1493 	72.8872   	0.437483    
 1494 	72.9360   	0.296858    
 1495 	72.9849   	0.328108    
 1496 	73.0337   	0.281233    
 1497 	73.0826   	0.562483    
 1498 	73.1314   	0.749983    
 1499 	73.1803   	0.374983    
 1500 	73.2291   	0.218733    
 1501 	73.2780   	0.359358    
 1502 	73.3268   	0.453108    
 1503 	73.3757   	0.484358    
 1504 	73.4245   	0.468733    
 1505 	73.4734   	0.421858    
 1506 	73.5222   	0.515608    
 1507 	73.5711   	0.624983    
 1508 	73.6199   	0.593733    
 1509 	73.6688   	0.531233    
 1510 	73.7176   	0.499983    
 1511 	73.7665   	0.390608    
 1512 	73.8153   	0.718733    
 1513 	73.8642   	0.546858    
 1514 	73.9130   	0.468733    
 1515 	73.9619   	0.421858    
 1516 	74.0107   	0.281233    
 1517 	74.0596   	0.234358    
 1518 	74.1085   	0.296858    
 1519 	74.1573   	0.390608    
 1520 	74.2062   	0.359358    
 1521 	74.2550   	0.421858    
 1522 	74.3039   	0.484358    
 1523 	74.3527   	0.453108    
 1524 	74.4016   	0.562483    
 1525 	74.4504   	0.546858    
 1526 	74.4993   	0.718733    
 1527 	74.5481   	0.390608    
 1528 	74.5970   	0.718733    
 1529 	74.6458   	0.765608    
 1530 	74.6947   	0.640608    
 1531 	74.7435   	0.499983    
 1532 	74.7924   	0.312483    
 1533 	74.8412   	0.390608    
 1534 	74.8901   	0.390608    
 1535 	74.9389   	0.499983    
 1536 	74.9878   	0.499983    
 1537 	75.0366   	0.531233    
 1538 	75.0855   	0.609358    
 1539 	75.1343   	0.640608    
 1540 	75.1832   	0.140608    
 1541 	75.2320   	0.484358    
 1542 	75.2809   	0.265608    
 1543 	75.3298   	0.249983    
 1544 	75.3786   	0.718733    
 1545 	75.4275   	0.484358    
 1546 	75.4763   	0.546858    
 1547 	75.5252   	0.624983    
 1548 	75.5740   	0.453108    
 1549 	75.6229   	0.578108    
 1550 	75.6717   	0.468733    
 1551 	75.7206   	0.296858    
 1552 	75.7694   	0.624983    
 1553 	75.8183   	0.562483    
 1554 	75.8671   	0.562483    
 1555 	75.9160   	0.609358    
 1556 	75.9648   	0.593733    
 1557 	76.0137   	0.515608    
 1558 	76.0625   	0.671858    
 1559 	76.1114   	0.640608    
 1560 	76.1602   	0.656233    
 1561 	76.2091   	0.484358    
 1562 	76.2579   	0.390608    
 1563 	76.3068   	0.515608    
 1564 	76.3556   	0.671858    
 1565 	76.4045   	0.609358    
 1566 	76.4533   	0.437483    
 1567 	76.5022   	0.515608    
 1568 	76.5510   	0.437483    
 1569 	76.5999   	0.406233    
 1570 	76.6488   	0.234358    
 1571 	76.6976   	0.421858    
 1572 	76.7465   	0.390608    
 1573 	76.7953   	0.499983    
 1574 	76.8442   	0.765608    
 1575 	76.8930   	0.499983    
 1576 	76.9419   	0.578108    
 1577 	76.9907   	0.734358    
 1578 	77.0396   	0.484358    
 1579 	77.0884   	0.499983    
 1580 	77.1373   	0.499983    
 1581 	77.1861   	0.406233    
 1582 	77.2350   	0.718733    
 1583 	77.2838   	0.437483    
 1584 	77.3327   	0.453108    
 1585 	77.3815   	0.421858    
 1586 	77.4304   	0.671858    
 1587 	77.4792   	0.687483    
 1588 	77.5281   	0.562483    
 1589 	77.5769   	0.359358    
 1590 	77.6258   	0.671858    
 1591 	77.6746   	0.656233    
 1592 	77.7235   	0.421858    
 1593 	77.7723   	0.515608    
 1594 	77.8212   	0.578108    
 1595 	77.8701   	0.343733    
 1596 	77.9189   	0.593733    
 1597 	77.9678   	0.656233    
 1598 	78.0166   	0.421858    
 1599 	78.0655   	0.562483    
 1600 	78.1143   	0.624983    
 1601 	78.1632   	0.609358    
 1602 	78.2120   	0.406233    
 1603 	78.2609   	0.515608    
 1604 	78.3097   	0.453108    
 1605 	78.3586   	0.749983    
 1606 	78.4074   	0.749983    
 1607 	78.4563   	0.546858    
 1608 	78.5051   	0.109358    
 1609 	78.5540   	0.296858    
 1610 	78.6028   	0.531233    
 1611 	78.6517   	0.734358    
 1612 	78.7005   	0.562483    
 1613 	78.7494   	0.624983    
 1614 	78.7982   	0.359358    
 1615 	78.8471   	0.343733    
 1616 	78.8959   	0.578108    
 1617 	78.9448   	0.624983    
 1618 	78.9936   	0.203108    
 1619 	79.0425   	0.468733    
 1620 	79.0914   	0.406233    
 1621 	79.1402   	0.484358    
 1622 	79.1891   	0.593733    
 1623 	79.2379   	0.312483    
 1624 	79.2868   	0.374983    
 1625 	79.3356   	0.421858    
 1626 	79.3845   	0.671858    
 1627 	79.4333   	0.437483    
 1628 	79.4822   	0.203108    
 1629 	79.5310   	0.328108    
 1630 	79.5799   	0.437483    
 1631 	79.6287   	0.593733    
 1632 	79.6776   	0.562483    
 1633 	79.7264   	0.296858    
 1634 	79.7753   	0.468733    
 1635 	79.8241   	0.515608    
 1636 	79.8730   	0.390608    
 1637 	79.9218   	0.499983    
 1638 	79.9707   	0.609358    
 1639 	80.0195   	0.468733    
 1640 	80.0684   	0.406233    
 1641 	80.1172   	0.562483    
 1642 	80.1661   	0.140608    
 1643 	80.2149   	0.265608    
 1644 	80.2638   	0.374983    
 1645 	80.3127   	0.515608    
 1646 	80.3615   	0.312483    
 1647 	80.4104   	0.156233    
 1648 	80.4592   	0.203108    
 1649 	80.5081   	0.515608    
 1650 	80.5569   	0.484358    
 1651 	80.6058   	0.578108    
 1652 	80.6546   	0.546858    
 1653 	80.7035   	0.468733    
 1654 	80.7523   	0.640608    
 1655 	80.8012   	0.578108    
 1656 	80.8500   	0.437483    
 1657 	80.8989   	0.390608    
 1658 	80.9477   	0.359358    
 1659 	80.9966   	0.265608    
 1660 	81.0454   	0.390608    
 1661 	81.0943   	0.406233    
 1662 	81.1431   	0.499983    
 1663 	81.1920   	0.359358    
 1664 	81.2408   	0.374983    
 1665 	81.2897   	0.437483    
 1666 	81.3385   	0.124983    
 1667 	81.3874   	0.406233    
 1668 	81.4362   	0.421858    
 1669 	81.4851   	0.562483    
 1670 	81.5340   	0.531233    
 1671 	81.5828   	0.546858    
 1672 	81.6317   	0.453108    
 1673 	81.6805   	0.374983    
 1674 	81.7294   	0.624983    
 1675 	81.7782   	0.546858    
 1676 	81.8271   	0.781233    
 1677 	81.8759   	0.578108    
 1678 	81.9248   	0.515608    
 1679 	81.9736   	0.437483    
 1680 	82.0225   	0.437483    
 1681 	82.0713   	0.296858    
 1682 	82.1202   	0.328108    
 1683 	82.1690   	0.499983    
 1684 	82.2179   	0.109358    
 1685 	82.2667   	0.218733    
 1686 	82.3156   	0.328108    
 1687 	82.3644   	0.374983    
 1688 	82.4133   	0.281233    
 1689 	82.4621   	0.249983    
 1690 	82.5110   	0.499983    
 1691 	82.5598   	0.359358    
 1692 	82.6087   	0.484358    
 1693 	82.6575   	0.421858    
 1694 	82.7064   	0.468733    
 1695 	82.7553   	0.390608    
 1696 	82.8041   	0.593733    
 1697 	82.8530   	0.656233    
 1698 	82.9018   	0.281233    
 1699 	82.9507   	0.578108    
 1700 	82.9995   	0.281233    
 1701 	83.0484   	0.624983    
 1702 	83.0972   	0.609358    
 1703 	83.1461   	0.859358    
 1704 	83.1949   	0.812483    
 1705 	83.2438   	0.515608    
 1706 	83.2926   	0.453108    
 1707 	83.3415   	0.281233    
 1708 	83.3903   	0.453108    
 1709 	83.4392   	0.359358    
 1710 	83.4880   	0.531233    
 1711 	83.5369   	0.328108    
 1712 	83.5857   	0.046858    
 1713 	83.6346   	0.359358    
 1714 	83.6834   	0.437483    
 1715 	83.7323   	0.343733    
 1716 	83.7811   	0.203108    
 1717 	83.8300   	0.390608    
 1718 	83.8788   	0.781233    
 1719 	83.9277   	0.734358    
 1720 	83.9766   	0.687483    
 1721 	84.0254   	0.421858    
 1722 	84.0743   	0.531233    
 1723 	84.1231   	0.328108    
 1724 	84.1720   	0.390608    
 1725 	84.2208   	0.187483    
 1726 	84.2697   	0.265608    
 1727 	84.3185   	0.578108    
 1728 	84.3674   	0.484358    
 1729 	84.4162   	0.562483    
 1730 	84.4651   	0.515608    
 1731 	84.5139   	0.562483    
 1732 	84.5628   	0.374983    
 1733 	84.6116   	0.546858    
 1734 	84.6605   	0.390608    
 1735 	84.7093   	0.562483    
 1736 	84.7582   	0.531233    
 1737 	84.8070   	0.499983    
 1738 	84.8559   	0.609358    
 1739 	84.9047   	0.249983    
 1740 	84.9536   	0.156233    
 1741 	85.0024   	0.468733    
 1742 	85.0513   	0.609358    
 1743 	85.1001   	0.546858    
 1744 	85.1490   	0.328108    
 1745 	85.1978   	0.609358    
 1746 	85.2467   	0.562483    
 1747 	85.2956   	0.640608    
 1748 	85.3444   	0.687483    
 1749 	85.3933   	0.687483    
 1750 	85.4421   	0.546858    
 1751 	85.4910   	0.515608    
 1752 	85.5398   	0.515608    
 1753 	85.5887   	0.546858    
 1754 	85.6375   	0.296858    
 1755 	85.6864   	0.562483    
 1756 	85.7352   	0.406233    
 1757 	85.7841   	0.640608    
 1758 	85.8329   	0.624983    
 1759 	85.8818   	0.453108    
 1760 	85.9306   	0.499983    
 1761 	85.9795   	0.468733    
 1762 	86.0283   	0.468733    
 1763 	86.0772   	0.499983    
 1764 	86.1260   	0.718733    
 1765 	86.1749   	0.734358    
 1766 	86.2237   	0.578108    
 1767 	86.2726   	0.437483    
 1768 	86.3214   	0.499983    
 1769 	86.3703   	0.406233    
 1770 	86.4191   	0.156233    
 1771 	86.4680   	0.484358    
 1772 	86.5169   	0.531233    
 1773 	86.5657   	0.640608    
 1774 	86.6146   	0.468733    
 1775 	86.6634   	0.374983    
 1776 	86.7123   	0.265608    
 1777 	86.7611   	0.578108    
 1778 	86.8100   	0.531233    
 1779 	86.8588   	0.421858    
 1780 	86.9077   	0.515608    
 1781 	86.9565   	0.437483    
 1782 	87.0054   	0.640608    
 1783 	87.0542   	0.343733    
 1784 	87.1031   	0.359358    
 1785 	87.1519   	0.515608    
 1786 	87.2008   	0.546858    
 1787 	87.2496   	0.453108    
 1788 	87.2985   	0.359358    
 1789 	87.3473   	0.374983    
 1790 	87.3962   	0.484358    
 1791 	87.4450   	0.734358    
 1792 	87.4939   	0.562483    
 1793 	87.5427   	0.328108    
 1794 	87.5916   	0.390608    
 1795 	87.6404   	0.656233    
 1796 	87.6893   	0.374983    
 1797 	87.7382   	0.718733    
 1798 	87.7870   	0.515608    
 1799 	87.8359   	0.640608    
 1800 	87.8847   	0.562483    
 1801 	87.9336   	0.624983    
 1802 	87.9824   	0.843733    
 1803 	88.0313   	0.390608    
 1804 	88.0801   	0.718733    
 1805 	88.1290   	0.453108    
 1806 	88.1778   	0.468733    
 1807 	88.2267   	0.359358    
 1808 	88.2755   	0.265608    
 1809 	88.3244   	0.593733    
 1810 	88.3732   	0.765608    
 1811 	88.4221   	0.421858    
 1812 	88.4709   	0.593733    
 1813 	88.5198   	0.484358    
 1814 	88.5686   	0.562483    
 1815 	88.6175   	0.437483    
 1816 	88.6663   	0.484358    
 1817 	88.7152   	0.624983    
 1818 	88.7640   	0.671858    
 1819 	88.8129   	0.499983    
 1820 	88.8617   	0.640608    
 1821 	88.9106   	0.343733    
 1822 	88.9595   	0.562483    
 1823 	89.0083   	0.484358    
 1824 	89.0572   	0.359358    
 1825 	89.1060   	0.546858    
 1826 	89.1549   	0.328108    
 1827 	89.2037   	0.374983    
 1828 	89.2526   	0.281233    
 1829 	89.3014   	0.562483    
 1830 	89.3503   	0.515608    
 1831 	89.3991   	0.468733    
 1832 	89.4480   	0.343733    
 1833 	89.4968   	0.499983    
 1834 	89.5457   	0.515608    
 1835 	89.5945   	0.562483    
 1836 	89.6434   	0.562483    
 1837 	89.6922   	0.515608    
 1838 	89.7411   	0.187483    
 1839 	89.7899   	0.468733    
 1840 	89.8388   	0.593733    
 1841 	89.8876   	0.515608    
 1842 	89.9365   	0.531233    
 1843 	89.9853   	0.281233    
 1844 	90.0342   	0.484358    
 1845 	90.0830   	0.499983    
 1846 	90.1319   	0.687483    
 1847 	90.1808   	0.718733    
 1848 	90.2296   	0.484358    
 1849 	90.2785   	0.624983    
 1850 	90.3273   	0.546858    
 1851 	90.3762   	0.343733    
 1852 	90.4250   	0.546858    
 1853 	90.4739   	0.374983    
 1854 	90.5227   	0.515608    
 1855 	90.5716   	0.406233    
 1856 	90.6204   	0.718733    
 1857 	90.6693   	0.453108    
 1858 	90.7181   	0.468733    
 1859 	90.7670   	0.312483    
 1860 	90.8158   	0.421858    
 1861 	90.8647   	0.484358    
 1862 	90.9135   	0.265608    
 1863 	90.9624   	0.578108    
 1864 	91.0112   	0.546858    
 1865 	91.0601   	0.390608    
 1866 	91.1089   	0.562483    
 1867 	91.1578   	0.593733    
 1868 	91.2066   	0.656233    
 1869 	91.2555   	0.718733    
 1870 	91.3043   	0.593733    
 1871 	91.3532   	0.453108    
 1872 	91.4021   	0.249983    
 1873 	91.4509   	0.406233    
 1874 	91.4998   	0.390608    
 1875 	91.5486   	0.656233    
 1876 	91.5975   	0.531233    
 1877 	91.6463   	0.437483    
 1878 	91.6952   	0.562483    
 1879 	91.7440   	0.593733    
 1880 	91.7929   	0.765608    
 1881 	91.8417   	0.421858    
 1882 	91.8906   	0.546858    
 1883 	91.9394   	0.468733    
 1884 	91.9883   	0.546858    
 1885 	92.0371   	0.484358    
 1886 	92.0860   	0.281233    
 1887 	92.1348   	0.484358    
 1888 	92.1837   	0.624983    
 1889 	92.2325   	0.640608    
 1890 	92.2814   	0.578108    
 1891 	92.3302   	0.437483    
 1892 	92.3791   	0.687483    
 1893 	92.4279   	0.468733    
 1894 	92.4768   	0.437483    
 1895 	92.5256   	0.484358    
 1896 	92.5745   	0.687483    
 1897 	92.6234   	0.656233    
 1898 	92.6722   	0.656233    
 1899 	92.7211   	0.328108    
 1900 	92.7699   	0.531233    
 1901 	92.8188   	0.765608    
 1902 	92.8676   	0.562483    
 1903 	92.9165   	0.609358    
 1904 	92.9653   	0.421858    
 1905 	93.0142   	0.453108    
 1906 	93.0630   	0.343733    
 1907 	93.1119   	0.359358    
 1908 	93.1607   	0.390608    
 1909 	93.2096   	0.156233    
 1910 	93.2584   	0.609358    
 1911 	93.3073   	0.578108    
 1912 	93.3561   	0.578108    
 1913 	93.4050   	0.640608    
 1914 	93.4538   	0.718733    
 1915 	93.5027   	0.437483    
 1916 	93.5515   	0.437483    
 1917 	93.6004   	0.390608    
 1918 	93.6492   	0.499983    
 1919 	93.6981   	0.718733    
 1920 	93.7469   	0.374983    
 1921 	93.7958   	0.249983    
 1922 	93.8446   	0.296858    
 1923 	93.8935   	0.296858    
 1924 	93.9424   	0.453108    
 1925 	93.9912   	0.390608    
 1926 	94.0401   	0.531233    
 1927 	94.0889   	0.343733    
 1928 	94.1378   	0.656233    
 1929 	94.1866   	0.437483    
 1930 	94.2355   	0.406233    
 1931 	94.2843   	0.328108    
 1932 	94.3332   	0.312483    
 1933 	94.3820   	0.406233    
 1934 	94.4309   	0.624983    
 1935 	94.4797   	0.624983    
 1936 	94.5286   	0.687483    
 1937 	94.5774   	0.656233    
 1938 	94.6263   	0.531233    
 1939 	94.6751   	0.312483    
 1940 	94.7240   	0.546858    
 1941 	94.7728   	0.484358    
 1942 	94.8217   	0.640608    
 1943 	94.8705   	0.453108    
 1944 	94.9194   	0.484358    
 1945 	94.9682   	0.421858    
 1946 	95.0171   	0.453108    
 1947 	95.0659   	0.406233    
 1948 	95.1148   	0.249983    
 1949 	95.1637   	0.328108    
 1950 	95.2125   	0.359358    
 1951 	95.2614   	0.484358    
 1952 	95.3102   	0.531233    
 1953 	95.3591   	0.484358    
 1954 	95.4079   	0.484358    
 1955 	95.4568   	0.328108    
 1956 	95.5056   	0.390608    
 1957 	95.5545   	0.546858    
 1958 	95.6033   	0.421858    
 1959 	95.6522   	0.374983    
 1960 	95.7010   	0.468733    
 1961 	95.7499   	0.484358    
 1962 	95.7987   	0.484358    
 1963 	95.8476   	0.734358    
 1964 	95.8964   	0.703108    
 1965 	95.9453   	0.515608    
 1966 	95.9941   	0.421858    
 1967 	96.0430   	0.609358    
 1968 	96.0918   	0.468733    
 1969 	96.1407   	0.624983    
 1970 	96.1895   	0.734358    
 1971 	96.2384   	0.593733    
 1972 	96.2872   	0.468733    
 1973 	96.3361   	0.546858    
 1974 	96.3850   	0.531233    
 1975 	96.4338   	0.046858    
 1976 	96.4827   	0.312483    
 1977 	96.5315   	0.390608    
 1978 	96.5804   	0.453108    
 1979 	96.6292   	0.546858    
 1980 	96.6781   	0.328108    
 1981 	96.7269   	0.609358    
 1982 	96.7758   	0.609358    
 1983 	96.8246   	0.546858    
 1984 	96.8735   	0.390608    
 1985 	96.9223   	0.484358    
 1986 	96.9712   	0.656233    
 1987 	97.0200   	0.249983    
 1988 	97.0689   	0.546858    
 1989 	97.1177   	0.531233    
 1990 	97.1666   	0.484358    
 1991 	97.2154   	0.406233    
 1992 	97.2643   	0.453108    
 1993 	97.3131   	0.265608    
 1994 	97.3620   	0.453108    
 1995 	97.4108   	0.249983    
 1996 	97.4597   	0.312483    
 1997 	97.5085   	0.624983    
 1998 	97.5574   	0.265608    
 1999 	97.6063   	0.421858    
 2000 	97.6551   	0.453108    
 2001 	97.7040   	0.578108    
 2002 	97.7528   	0.562483    
 2003 	97.8017   	0.328108    
 2004 	97.8505   	0.703108    
 2005 	97.8994   	0.203108    
 2006 	97.9482   	0.281233    
 2007 	97.9971   	0.109358    
 2008 	98.0459   	0.468733    
 2009 	98.0948   	0.562483    
 2010 	98.1436   	0.703108    
 2011 	98.1925   	0.812483    
 2012 	98.2413   	0.499983    
 2013 	98.2902   	0.406233    
 2014 	98.3390   	0.640608    
 2015 	98.3879   	0.531233    
 2016 	98.4367   	0.374983    
 2017 	98.4856   	0.328108    
 2018 	98.5344   	0.781233    
 2019 	98.5833   	0.687483    
 2020 	98.6321   	0.390608    
 2021 	98.6810   	0.609358    
 2022 	98.7298   	0.624983    
 2023 	98.7787   	0.359358    
 2024 	98.8276   	0.312483    
 2025 	98.8764   	0.609358    
 2026 	98.9253   	0.609358    
 2027 	98.9741   	0.343733    
 2028 	99.0230   	0.578108    
 2029 	99.0718   	0.578108    
 2030 	99.1207   	0.796858    
 2031 	99.1695   	0.546858    
 2032 	99.2184   	0.328108    
 2033 	99.2672   	0.468733    
 2034 	99.3161   	0.421858    
 2035 	99.3649   	0.374983    
 2036 	99.4138   	0.390608    
 2037 	99.4626   	0.531233    
 2038 	99.5115   	0.640608    
 2039 	99.5603   	0.578108    
 2040 	99.6092   	0.671858    
 2041 	99.6580   	0.562483    
 2042 	99.7069   	0.499983    
 2043 	99.7557   	0.312483    
 2044 	99.8046   	0.484358    
 2045 	99.8534   	0.359358    
 2046 	99.9023   	0.718733    
 2047 	99.9511   	0.546858    
 2048 	100.0000  	0.499983    

